trial,mean,ci_down,ci_up
0.0,37.77,34.55,40.98
20.0,40.97,36.96,44.98
40.0,51.40,47.84,54.95
60.0,56.96,52.33,61.60
80.0,58.55,53.71,63.40
100.0,65.48,61.37,69.59
120.0,69.82,64.60,75.05
140.0,77.71,74.64,80.78
160.0,81.60,78.42,84.77
180.0,83.75,80.03,87.47
200.0,86.01,82.86,89.16
220.0,84.44,82.01,86.86
240.0,90.91,88.42,93.40
260.0,91.56,89.20,93.93
280.0,92.81,90.45,95.18
300.0,91.98,89.93,94.04
320.0,92.03,90.08,93.98
340.0,94.15,92.17,96.12
360.0,92.81,90.86,94.75
380.0,95.73,93.95,97.51
400.0,96.78,95.02,98.53
420.0,98.42,97.03,99.80
440.0,98.49,96.93,100.04
460.0,97.34,95.85,98.83
480.0,98.16,96.62,99.69
500.0,97.95,96.33,99.57
520.0,99.10,97.37,100.82
540.0,99.46,98.19,100.73
560.0,100.42,98.91,101.94
580.0,100.22,98.68,101.76
600.0,99.13,97.65,100.61
620.0,100.16,98.62,101.71
640.0,100.12,98.52,101.72
660.0,100.14,98.90,101.37
680.0,100.15,98.67,101.62
700.0,101.19,99.77,102.61
720.0,100.60,99.09,102.11
740.0,101.56,100.09,103.03
760.0,101.47,100.26,102.68
780.0,100.28,99.05,101.51
800.0,100.55,99.22,101.88
820.0,101.50,100.27,102.72
840.0,102.78,101.37,104.19
860.0,101.24,99.84,102.64
880.0,102.97,101.87,104.07
900.0,101.64,100.49,102.79
920.0,102.26,101.10,103.42
940.0,102.04,100.75,103.32
960.0,101.64,100.31,102.97
980.0,102.43,101.17,103.70
1000.0,103.17,102.15,104.20
1020.0,101.79,100.81,102.77
1040.0,102.46,101.42,103.49
1060.0,102.38,100.92,103.84
1080.0,102.69,101.37,104.01
1100.0,102.13,100.80,103.47
1120.0,103.18,102.05,104.32
1140.0,102.53,101.42,103.63
1160.0,103.48,102.34,104.62
1180.0,102.38,101.13,103.63
1200.0,102.16,101.18,103.13
1220.0,102.26,101.06,103.46
1240.0,102.94,101.70,104.18
1260.0,103.30,101.98,104.63
1280.0,103.28,102.25,104.31
1300.0,102.79,101.67,103.92
1320.0,101.56,100.50,102.61
1340.0,102.38,101.16,103.61
1360.0,102.35,101.25,103.45
1380.0,102.27,101.38,103.17
1400.0,103.15,102.30,104.00
1420.0,103.05,101.92,104.17
1440.0,102.58,101.45,103.72
1460.0,102.48,101.40,103.56
1480.0,102.75,101.66,103.85
1500.0,103.61,102.43,104.78
1520.0,102.94,101.89,103.99
1540.0,102.78,101.72,103.84
1560.0,102.93,101.95,103.92
1580.0,103.57,102.52,104.62
1600.0,102.70,101.54,103.87
1620.0,102.57,101.29,103.85
1640.0,102.63,101.56,103.71
1660.0,103.41,102.50,104.32
1680.0,103.03,101.89,104.18
1700.0,103.10,102.01,104.20
1720.0,102.86,101.90,103.82
1740.0,102.66,101.75,103.57
1760.0,102.83,101.87,103.78
1780.0,102.52,101.38,103.66
1800.0,101.85,100.77,102.92
1820.0,101.78,100.77,102.79
1840.0,102.18,101.12,103.24
1860.0,102.61,101.44,103.78
1880.0,103.04,101.97,104.12
1900.0,103.29,102.16,104.42
1920.0,101.76,100.80,102.72
1940.0,102.70,101.76,103.64
1960.0,102.83,101.45,104.22
1980.0,102.68,101.51,103.84
2000.0,101.97,100.91,103.02
2020.0,102.85,101.71,104.00
2040.0,102.34,101.22,103.46
2060.0,101.91,100.67,103.15
2080.0,102.88,101.81,103.95
2100.0,102.39,101.38,103.40
2120.0,102.52,101.49,103.54
2140.0,102.54,101.47,103.61
2160.0,103.10,101.90,104.31
2180.0,102.17,101.04,103.30
2200.0,102.39,101.37,103.41
2220.0,101.93,100.80,103.05
2240.0,102.62,101.55,103.69
2260.0,102.37,101.22,103.51
2280.0,102.65,101.51,103.79
2300.0,102.24,101.08,103.39
2320.0,102.18,101.13,103.22
2340.0,101.85,100.71,102.99
2360.0,102.17,101.15,103.19
2380.0,102.04,100.98,103.11
2400.0,101.95,100.83,103.08
2420.0,102.29,101.28,103.29
2440.0,102.01,101.02,103.00
2460.0,102.69,101.70,103.68
2480.0,102.87,101.57,104.17
2500.0,102.35,101.25,103.44
2520.0,102.10,100.90,103.31
2540.0,101.46,100.31,102.62
2560.0,101.73,100.50,102.97
2580.0,101.70,100.46,102.94
2600.0,101.39,100.36,102.43
2620.0,101.67,100.74,102.61
2640.0,101.85,100.94,102.76
2660.0,101.20,100.07,102.33
2680.0,102.17,101.16,103.18
2700.0,101.18,100.04,102.33
2720.0,101.54,100.38,102.70
2740.0,100.69,99.60,101.78
2760.0,101.00,99.86,102.15
2780.0,100.63,99.46,101.80
2800.0,101.36,100.20,102.52
2820.0,100.95,99.86,102.04
2840.0,100.74,99.65,101.83
2860.0,101.36,100.25,102.47
2880.0,100.91,99.95,101.86
2900.0,101.31,100.20,102.41
2920.0,100.80,99.51,102.08
2940.0,101.25,100.21,102.29
2960.0,102.03,100.89,103.17
2980.0,101.02,100.10,101.94
3000.0,101.40,100.37,102.42
3020.0,101.35,100.13,102.57
3040.0,100.62,99.43,101.80
3060.0,101.85,100.84,102.86
3080.0,102.34,101.24,103.44
3100.0,100.81,99.57,102.06
3120.0,101.16,100.01,102.32
3140.0,101.68,100.72,102.64
3160.0,100.53,99.36,101.71
3180.0,101.12,100.18,102.07
3200.0,101.14,100.19,102.10
3220.0,100.95,99.91,101.98
3240.0,101.14,100.06,102.22
3260.0,100.94,100.05,101.83
3280.0,100.72,99.64,101.81
3300.0,100.77,99.84,101.69
3320.0,100.99,99.99,101.99
3340.0,100.87,99.90,101.83
3360.0,101.45,100.46,102.45
3380.0,100.90,99.74,102.06
3400.0,100.75,99.77,101.74
3420.0,100.30,99.53,101.08
3440.0,101.08,99.99,102.17
3460.0,100.81,99.92,101.71
3480.0,100.27,99.27,101.27
3500.0,100.79,99.75,101.84
3520.0,101.45,100.34,102.56
3540.0,100.74,99.83,101.66
3560.0,99.86,98.85,100.87
3580.0,100.60,99.56,101.64
3600.0,100.95,99.83,102.07
3620.0,100.67,99.69,101.65
3640.0,100.55,99.45,101.66
3660.0,100.48,99.47,101.50
3680.0,100.83,99.85,101.80
3700.0,101.06,100.07,102.06
3720.0,101.13,100.05,102.22
3740.0,101.34,100.22,102.46
3760.0,100.88,99.97,101.79
3780.0,100.75,99.67,101.82
3800.0,100.44,99.14,101.74
3820.0,100.56,99.51,101.62
3840.0,100.52,99.52,101.53
3860.0,100.59,99.59,101.60
3880.0,100.44,99.49,101.38
3900.0,99.87,98.83,100.91
3920.0,99.82,98.78,100.87
3940.0,99.79,98.70,100.87
3960.0,99.96,98.85,101.06
3980.0,99.48,98.50,100.46
4000.0,100.58,99.46,101.71
4020.0,100.55,99.50,101.59
4040.0,100.01,98.98,101.05
4060.0,99.41,98.41,100.40
4080.0,100.00,98.87,101.13
4100.0,99.77,98.77,100.78
4120.0,99.34,98.45,100.22
4140.0,99.51,98.44,100.58
4160.0,99.76,98.83,100.69
4180.0,99.74,98.70,100.78
4200.0,99.41,98.41,100.41
4220.0,100.37,99.14,101.59
4240.0,99.79,98.76,100.81
4260.0,100.03,98.94,101.11
4280.0,100.07,98.96,101.19
4300.0,99.90,98.77,101.03
4320.0,100.40,99.33,101.46
4340.0,99.78,98.63,100.94
4360.0,99.47,98.29,100.65
4380.0,99.61,98.88,100.34
4400.0,99.92,98.85,101.00
4420.0,99.38,98.21,100.56
4440.0,99.00,97.96,100.05
4460.0,99.04,97.98,100.10
4480.0,99.53,98.47,100.59
4500.0,99.03,97.87,100.20
4520.0,98.98,97.93,100.02
4540.0,99.00,97.97,100.04
4560.0,98.80,97.77,99.84
4580.0,98.97,97.90,100.04
4600.0,99.14,98.15,100.13
4620.0,98.51,97.49,99.53
4640.0,98.08,97.03,99.14
4660.0,99.25,98.22,100.27
4680.0,99.40,98.36,100.44
4700.0,99.01,97.82,100.20
4720.0,99.15,98.17,100.12
4740.0,99.23,98.01,100.44
4760.0,99.00,97.96,100.03
4780.0,98.43,97.40,99.46
4800.0,98.39,97.20,99.58
4820.0,98.90,97.69,100.11
4840.0,98.88,97.58,100.18
4860.0,98.36,97.25,99.47
4880.0,99.42,98.28,100.57
4900.0,98.63,97.55,99.71
4920.0,98.65,97.58,99.72
4940.0,98.87,97.68,100.05
4960.0,99.31,98.18,100.44
4980.0,98.83,97.73,99.93
5000.0,99.43,98.23,100.64
