trial,mean,ci_down,ci_up
0.0,0.00,0.00,0.00
20.0,2.67,2.40,2.95
40.0,8.62,8.11,9.14
60.0,16.13,15.39,16.87
80.0,23.70,22.84,24.56
100.0,31.26,30.35,32.17
120.0,38.59,37.44,39.75
140.0,47.98,46.65,49.31
160.0,57.27,55.81,58.72
180.0,66.31,64.63,67.99
200.0,75.40,73.54,77.26
220.0,83.44,81.60,85.28
240.0,90.61,88.69,92.53
260.0,97.91,95.84,99.98
280.0,105.33,103.20,107.47
300.0,112.57,110.48,114.67
320.0,119.21,117.01,121.40
340.0,126.65,124.28,129.02
360.0,133.67,131.20,136.14
380.0,140.55,138.03,143.08
400.0,147.17,144.73,149.60
420.0,152.88,150.37,155.39
440.0,158.86,156.21,161.51
460.0,165.21,162.62,167.79
480.0,170.98,168.39,173.57
500.0,176.59,174.05,179.12
520.0,181.39,178.85,183.92
540.0,186.49,183.92,189.05
560.0,191.90,189.26,194.54
580.0,197.35,194.61,200.08
600.0,202.17,199.46,204.87
620.0,206.63,204.06,209.20
640.0,211.15,208.47,213.82
660.0,215.71,212.96,218.45
680.0,220.25,217.53,222.97
700.0,224.76,222.10,227.42
720.0,229.33,226.59,232.06
740.0,234.57,231.85,237.28
760.0,239.59,236.87,242.31
780.0,244.11,241.39,246.83
800.0,248.31,245.75,250.86
820.0,252.34,249.92,254.76
840.0,256.38,253.96,258.80
860.0,260.17,257.64,262.70
880.0,263.67,261.17,266.16
900.0,267.45,264.93,269.98
920.0,271.41,268.77,274.05
940.0,275.45,272.61,278.28
960.0,279.34,276.38,282.30
980.0,283.13,280.19,286.08
1000.0,286.51,283.61,289.42
1020.0,289.64,286.70,292.58
1040.0,292.91,289.94,295.87
1060.0,296.39,293.45,299.33
1080.0,300.23,297.24,303.23
1100.0,303.59,300.53,306.64
1120.0,307.07,303.94,310.20
1140.0,310.64,307.47,313.81
1160.0,313.73,310.58,316.89
1180.0,316.73,313.51,319.94
1200.0,319.40,316.14,322.66
1220.0,322.05,318.75,325.34
1240.0,324.65,321.35,327.94
1260.0,327.22,323.96,330.48
1280.0,329.78,326.52,333.04
1300.0,332.51,329.20,335.82
1320.0,335.63,332.28,338.99
1340.0,338.28,334.86,341.70
1360.0,340.88,337.38,344.38
1380.0,343.70,340.13,347.27
1400.0,346.19,342.59,349.78
1420.0,348.43,344.80,352.06
1440.0,351.06,347.48,354.64
1460.0,353.48,349.85,357.11
1480.0,355.82,352.19,359.45
1500.0,358.30,354.64,361.96
1520.0,360.73,357.04,364.43
1540.0,363.23,359.55,366.91
1560.0,365.52,361.81,369.23
1580.0,367.70,363.93,371.47
1600.0,370.15,366.30,374.01
1620.0,372.67,368.81,376.53
1640.0,374.98,371.10,378.86
1660.0,377.29,373.44,381.15
1680.0,379.55,375.69,383.42
1700.0,382.01,378.08,385.93
1720.0,384.37,380.50,388.25
1740.0,386.73,382.83,390.63
1760.0,389.17,385.26,393.08
1780.0,391.51,387.53,395.50
1800.0,394.10,390.13,398.07
1820.0,396.20,392.20,400.20
1840.0,398.81,394.77,402.84
1860.0,401.00,396.93,405.07
1880.0,403.19,399.14,407.24
1900.0,405.13,401.12,409.15
1920.0,407.10,403.10,411.10
1940.0,408.79,404.84,412.74
1960.0,410.92,407.01,414.83
1980.0,412.79,408.83,416.75
2000.0,414.63,410.64,418.62
2020.0,416.46,412.53,420.39
2040.0,418.13,414.21,422.06
2060.0,420.13,416.17,424.10
2080.0,421.95,418.00,425.91
2100.0,423.89,419.89,427.88
2120.0,426.11,422.16,430.06
2140.0,428.03,424.12,431.94
2160.0,429.64,425.69,433.59
2180.0,431.53,427.60,435.45
2200.0,433.29,429.35,437.22
2220.0,435.01,431.02,438.99
2240.0,436.74,432.78,440.70
2260.0,438.44,434.42,442.46
2280.0,440.23,436.20,444.25
2300.0,441.94,437.91,445.97
2320.0,443.46,439.40,447.52
2340.0,445.27,441.21,449.33
2360.0,446.97,442.99,450.95
2380.0,448.63,444.65,452.61
2400.0,450.13,446.15,454.12
2420.0,451.77,447.73,455.81
2440.0,453.58,449.53,457.63
2460.0,455.27,451.20,459.34
2480.0,456.88,452.78,460.98
2500.0,458.33,454.25,462.42
2520.0,459.99,455.94,464.05
2540.0,461.43,457.41,465.45
2560.0,463.00,459.01,466.99
2580.0,464.41,460.45,468.38
2600.0,465.87,461.86,469.89
2620.0,467.45,463.49,471.42
2640.0,469.19,465.17,473.22
2660.0,470.92,466.91,474.92
2680.0,472.37,468.37,476.36
2700.0,473.81,469.75,477.87
2720.0,475.45,471.37,479.52
2740.0,477.21,473.17,481.24
2760.0,479.03,474.95,483.11
2780.0,480.50,476.41,484.59
2800.0,481.86,477.72,486.00
2820.0,483.23,479.08,487.37
2840.0,484.75,480.62,488.87
2860.0,486.16,481.99,490.33
2880.0,487.55,483.37,491.74
2900.0,488.92,484.74,493.10
2920.0,490.38,486.20,494.56
2940.0,491.84,487.68,496.00
2960.0,493.25,489.09,497.41
2980.0,494.60,490.44,498.76
3000.0,496.18,492.05,500.31
3020.0,497.51,493.39,501.62
3040.0,498.81,494.75,502.88
3060.0,500.16,496.11,504.21
3080.0,501.41,497.40,505.43
3100.0,502.85,498.78,506.91
3120.0,504.06,500.00,508.12
3140.0,505.40,501.40,509.40
3160.0,506.84,502.83,510.85
3180.0,508.19,504.16,512.22
3200.0,509.42,505.38,513.46
3220.0,510.61,506.55,514.66
3240.0,511.95,507.93,515.98
3260.0,513.33,509.30,517.37
3280.0,514.63,510.63,518.62
3300.0,515.99,512.02,519.97
3320.0,517.20,513.27,521.13
3340.0,518.64,514.70,522.58
3360.0,519.77,515.76,523.77
3380.0,520.84,516.80,524.88
3400.0,522.21,518.11,526.30
3420.0,523.78,519.66,527.90
3440.0,525.01,520.95,529.08
3460.0,526.51,522.46,530.57
3480.0,527.71,523.68,531.75
3500.0,528.89,524.84,532.94
3520.0,530.29,526.22,534.35
3540.0,531.41,527.29,535.52
3560.0,532.69,528.57,536.81
3580.0,534.06,529.85,538.27
3600.0,535.31,531.06,539.56
3620.0,536.53,532.26,540.80
3640.0,537.67,533.37,541.96
3660.0,538.90,534.58,543.22
3680.0,540.05,535.69,544.42
3700.0,541.20,536.80,545.60
3720.0,542.53,538.13,546.92
3740.0,543.68,539.24,548.12
3760.0,544.76,540.29,549.23
3780.0,545.81,541.30,550.33
3800.0,546.97,542.45,551.49
3820.0,547.95,543.42,552.49
3840.0,549.04,544.48,553.60
3860.0,550.22,545.69,554.75
3880.0,551.50,546.94,556.06
3900.0,552.56,548.01,557.11
3920.0,553.82,549.23,558.41
3940.0,554.93,550.40,559.47
3960.0,556.07,551.48,560.67
3980.0,557.49,552.88,562.10
4000.0,558.77,554.13,563.41
4020.0,559.65,554.99,564.32
4040.0,560.60,555.94,565.26
4060.0,561.73,557.07,566.39
4080.0,562.94,558.24,567.64
4100.0,563.87,559.24,568.51
4120.0,564.76,560.09,569.43
4140.0,565.93,561.19,570.68
4160.0,566.99,562.24,571.75
4180.0,568.23,563.45,573.01
4200.0,569.34,564.51,574.17
4220.0,570.30,565.43,575.17
4240.0,571.38,566.45,576.31
4260.0,572.50,567.63,577.37
4280.0,573.48,568.57,578.39
4300.0,574.27,569.35,579.19
4320.0,575.50,570.59,580.41
4340.0,576.65,571.84,581.45
4360.0,577.73,572.93,582.54
4380.0,578.73,573.91,583.56
4400.0,579.71,574.87,584.55
4420.0,580.57,575.70,585.43
4440.0,581.62,576.77,586.47
4460.0,582.67,577.80,587.53
4480.0,583.92,579.04,588.80
4500.0,584.92,580.07,589.77
4520.0,586.06,581.18,590.94
4540.0,587.15,582.29,592.01
4560.0,588.14,583.25,593.03
4580.0,589.24,584.34,594.14
4600.0,590.31,585.38,595.24
4620.0,591.35,586.38,596.32
4640.0,592.39,587.42,597.35
4660.0,593.28,588.31,598.25
4680.0,594.19,589.20,599.19
4700.0,595.10,590.11,600.09
4720.0,596.06,591.02,601.10
4740.0,597.05,592.08,602.03
4760.0,598.09,593.07,603.12
4780.0,599.14,594.12,604.16
4800.0,600.15,595.09,605.20
4820.0,600.93,595.87,606.00
4840.0,602.04,596.96,607.12
4860.0,602.91,597.88,607.94
4880.0,604.03,599.02,609.03
4900.0,604.90,599.87,609.93
4920.0,605.83,600.81,610.84
4940.0,606.82,601.83,611.81
4960.0,607.73,602.73,612.74
4980.0,608.74,603.75,613.73
5000.0,609.62,604.65,614.59
