trial,mean,ci_down,ci_up
0.0,2.54,2.19,2.89
20.0,3.04,2.54,3.54
40.0,3.42,2.97,3.87
60.0,3.74,3.21,4.27
80.0,4.82,4.16,5.48
100.0,5.04,4.19,5.89
120.0,6.06,5.36,6.76
140.0,7.70,6.87,8.53
160.0,9.16,8.14,10.18
180.0,9.10,8.20,10.00
200.0,10.44,9.55,11.33
220.0,11.46,10.37,12.55
240.0,12.96,11.72,14.20
260.0,14.36,13.19,15.53
280.0,15.26,13.94,16.58
300.0,15.52,14.13,16.91
320.0,17.14,15.94,18.34
340.0,17.86,16.37,19.35
360.0,19.20,17.57,20.83
380.0,20.72,19.21,22.23
400.0,21.18,19.31,23.05
420.0,22.82,20.95,24.69
440.0,23.60,21.78,25.42
460.0,25.50,23.72,27.28
480.0,24.60,22.81,26.39
500.0,25.88,24.09,27.67
520.0,26.76,24.78,28.74
540.0,27.36,25.62,29.10
560.0,26.98,24.98,28.98
580.0,28.20,26.27,30.13
600.0,30.06,28.34,31.78
620.0,32.96,30.90,35.02
640.0,32.20,30.30,34.10
660.0,32.74,30.64,34.84
680.0,32.54,30.57,34.51
700.0,35.36,33.14,37.58
720.0,34.86,32.87,36.85
740.0,35.68,33.70,37.66
760.0,37.52,35.68,39.36
780.0,38.12,35.97,40.27
800.0,37.48,35.08,39.88
820.0,39.26,36.84,41.68
840.0,39.16,37.41,40.91
860.0,39.88,37.64,42.12
880.0,40.46,38.16,42.76
900.0,40.96,38.90,43.02
920.0,41.92,39.79,44.05
940.0,41.18,39.08,43.28
960.0,42.94,40.90,44.98
980.0,42.86,41.06,44.66
1000.0,43.80,41.70,45.90
1020.0,43.46,40.97,45.95
1040.0,45.76,43.77,47.75
1060.0,44.72,42.38,47.06
1080.0,45.22,43.34,47.10
1100.0,45.70,43.81,47.59
1120.0,47.16,45.06,49.26
1140.0,46.56,44.48,48.64
1160.0,48.98,46.95,51.01
1180.0,46.64,44.54,48.74
1200.0,49.72,47.82,51.62
1220.0,48.52,46.34,50.70
1240.0,50.28,48.20,52.36
1260.0,49.14,46.78,51.50
1280.0,49.30,47.34,51.26
1300.0,49.54,47.82,51.26
1320.0,51.26,49.11,53.41
1340.0,49.92,48.20,51.64
1360.0,51.42,49.36,53.48
1380.0,50.30,48.37,52.23
1400.0,52.32,50.45,54.19
1420.0,52.78,50.97,54.59
1440.0,50.22,48.46,51.98
1460.0,51.70,49.92,53.48
1480.0,51.92,49.87,53.97
1500.0,53.70,51.51,55.89
1520.0,53.58,51.97,55.19
1540.0,52.30,50.35,54.25
1560.0,52.96,51.05,54.87
1580.0,52.86,51.16,54.56
1600.0,54.52,52.64,56.40
1620.0,53.76,51.76,55.76
1640.0,53.14,51.31,54.97
1660.0,53.94,52.17,55.71
1680.0,54.44,52.53,56.35
1700.0,54.36,52.54,56.18
1720.0,55.68,53.83,57.53
1740.0,56.06,54.18,57.94
1760.0,56.48,54.70,58.26
1780.0,55.96,53.89,58.03
1800.0,55.74,53.99,57.49
1820.0,56.36,54.56,58.16
1840.0,56.78,54.79,58.77
1860.0,56.62,54.77,58.47
1880.0,56.34,54.56,58.12
1900.0,57.58,55.71,59.45
1920.0,55.96,54.14,57.78
1940.0,57.02,54.88,59.16
1960.0,56.18,54.24,58.12
1980.0,57.92,55.81,60.03
2000.0,57.90,55.75,60.05
2020.0,56.64,54.65,58.63
2040.0,56.62,54.83,58.41
2060.0,57.46,55.45,59.47
2080.0,58.62,56.62,60.62
2100.0,57.30,55.19,59.41
2120.0,57.90,56.13,59.67
2140.0,59.42,56.86,61.98
2160.0,58.26,56.13,60.39
2180.0,58.24,56.06,60.42
2200.0,58.68,56.92,60.44
2220.0,59.08,57.23,60.93
2240.0,58.96,56.99,60.93
2260.0,58.58,56.84,60.32
2280.0,59.70,57.62,61.78
2300.0,60.92,59.21,62.63
2320.0,59.04,57.16,60.92
2340.0,59.96,57.95,61.97
2360.0,61.06,59.12,63.00
2380.0,60.54,58.66,62.42
2400.0,61.28,59.18,63.38
2420.0,60.06,58.04,62.08
2440.0,60.70,58.73,62.67
2460.0,60.90,59.23,62.57
2480.0,61.60,59.51,63.69
2500.0,61.40,59.61,63.19
2520.0,61.42,59.49,63.35
2540.0,60.32,58.72,61.92
2560.0,61.16,59.36,62.96
2580.0,62.24,60.32,64.16
2600.0,62.54,60.60,64.48
2620.0,61.46,59.56,63.36
2640.0,62.22,60.68,63.76
2660.0,63.04,61.22,64.86
2680.0,63.80,61.93,65.67
2700.0,64.04,62.18,65.90
2720.0,62.06,60.46,63.66
2740.0,62.92,61.13,64.71
2760.0,62.24,60.78,63.70
2780.0,63.42,61.71,65.13
2800.0,62.18,60.35,64.01
2820.0,62.76,61.01,64.51
2840.0,62.36,60.41,64.31
2860.0,63.20,61.20,65.20
2880.0,62.38,60.39,64.37
2900.0,63.30,61.29,65.31
2920.0,64.24,62.55,65.93
2940.0,64.58,62.60,66.56
2960.0,63.66,61.37,65.95
2980.0,64.12,62.22,66.02
3000.0,64.34,62.59,66.09
3020.0,65.18,63.34,67.02
3040.0,64.70,62.59,66.81
3060.0,66.00,64.00,68.00
3080.0,64.76,62.98,66.54
3100.0,64.20,62.43,65.97
3120.0,66.62,64.91,68.33
3140.0,66.16,64.31,68.01
3160.0,66.68,64.88,68.48
3180.0,64.64,62.73,66.55
3200.0,65.42,63.39,67.45
3220.0,66.66,65.10,68.22
3240.0,66.44,64.84,68.04
3260.0,66.86,65.00,68.72
3280.0,66.24,64.33,68.15
3300.0,67.58,65.89,69.27
3320.0,67.20,65.38,69.02
3340.0,66.62,64.46,68.78
3360.0,67.04,65.42,68.66
3380.0,66.24,64.59,67.89
3400.0,66.52,65.15,67.89
3420.0,68.18,66.84,69.52
3440.0,67.18,65.28,69.08
3460.0,67.42,65.53,69.31
3480.0,67.78,65.98,69.58
3500.0,66.20,64.27,68.13
3520.0,66.72,64.80,68.64
3540.0,66.24,64.58,67.90
3560.0,66.16,64.02,68.30
3580.0,67.92,66.20,69.64
3600.0,66.12,64.29,67.95
3620.0,67.84,65.83,69.85
3640.0,67.16,65.45,68.87
3660.0,67.92,66.48,69.36
3680.0,68.42,66.53,70.31
3700.0,67.48,65.73,69.23
3720.0,66.36,64.55,68.17
3740.0,68.44,66.42,70.46
3760.0,67.82,66.02,69.62
3780.0,67.44,65.67,69.21
3800.0,68.12,66.46,69.78
3820.0,67.62,65.75,69.49
3840.0,67.30,65.67,68.93
3860.0,68.96,67.41,70.51
3880.0,69.12,67.51,70.73
3900.0,69.82,67.89,71.75
3920.0,68.28,66.53,70.03
3940.0,69.00,67.36,70.64
3960.0,69.56,68.01,71.11
3980.0,67.86,65.88,69.84
4000.0,70.62,68.94,72.30
4020.0,68.62,66.70,70.54
4040.0,69.98,68.33,71.63
4060.0,70.16,68.63,71.69
4080.0,70.04,68.38,71.70
4100.0,69.68,67.65,71.71
4120.0,69.24,67.70,70.78
4140.0,69.40,67.54,71.26
4160.0,69.92,68.31,71.53
4180.0,69.78,68.07,71.49
4200.0,69.16,67.37,70.95
4220.0,70.72,68.56,72.88
4240.0,70.32,68.73,71.91
4260.0,69.34,67.60,71.08
4280.0,70.94,69.08,72.80
4300.0,71.36,69.73,72.99
4320.0,70.58,69.05,72.11
4340.0,69.88,68.60,71.16
4360.0,71.62,69.63,73.61
4380.0,71.12,69.50,72.74
4400.0,69.44,67.84,71.04
4420.0,70.68,68.93,72.43
4440.0,69.96,68.57,71.35
4460.0,71.02,69.27,72.77
4480.0,71.48,69.55,73.41
4500.0,71.26,69.48,73.04
4520.0,71.36,69.58,73.14
4540.0,70.98,69.49,72.47
4560.0,71.74,70.11,73.37
4580.0,71.32,69.54,73.10
4600.0,72.08,70.48,73.68
4620.0,71.18,69.39,72.97
4640.0,70.78,69.12,72.44
4660.0,71.32,69.49,73.15
4680.0,71.90,70.14,73.66
4700.0,70.32,68.64,72.00
4720.0,71.22,69.20,73.24
4740.0,70.74,68.77,72.71
4760.0,72.36,70.59,74.13
4780.0,69.48,67.63,71.33
4800.0,70.56,68.68,72.44
4820.0,70.22,68.60,71.84
4840.0,72.12,70.53,73.71
4860.0,71.38,69.96,72.80
4880.0,73.24,71.38,75.10
4900.0,70.24,67.87,72.61
4920.0,72.44,70.65,74.23
4940.0,71.68,69.64,73.72
4960.0,72.42,70.60,74.24
4980.0,72.44,70.63,74.25
5000.0,72.06,69.96,74.16
