trial,mean,ci_down,ci_up
0.0,103.83,102.09,105.56
20.0,208.27,205.34,211.21
40.0,311.50,307.81,315.19
60.0,414.09,410.08,418.10
80.0,520.12,515.43,524.82
100.0,622.60,617.58,627.62
120.0,726.06,721.04,731.09
140.0,829.09,823.67,834.50
160.0,933.71,928.40,939.03
180.0,1037.54,1031.61,1043.47
200.0,1141.38,1135.18,1147.57
220.0,1243.64,1237.05,1250.22
240.0,1347.03,1340.01,1354.04
260.0,1452.13,1445.01,1459.25
280.0,1555.18,1547.61,1562.76
300.0,1657.50,1649.96,1665.04
320.0,1759.73,1751.48,1767.98
340.0,1863.55,1855.66,1871.44
360.0,1966.86,1958.85,1974.86
380.0,2073.52,2065.31,2081.74
400.0,2177.67,2169.16,2186.17
420.0,2282.26,2273.46,2291.06
440.0,2383.88,2374.73,2393.03
460.0,2485.28,2475.85,2494.71
480.0,2589.04,2579.45,2598.64
500.0,2692.81,2682.82,2702.81
520.0,2795.79,2785.91,2805.67
540.0,2899.25,2889.22,2909.28
560.0,3000.61,2990.24,3010.98
580.0,3102.70,3092.12,3113.27
600.0,3207.04,3195.90,3218.18
620.0,3310.59,3299.08,3322.10
640.0,3413.54,3401.62,3425.47
660.0,3518.60,3506.73,3530.47
680.0,3623.44,3611.63,3635.26
700.0,3726.04,3713.82,3738.26
720.0,3831.46,3819.12,3843.79
740.0,3933.15,3920.29,3946.02
760.0,4036.46,4023.33,4049.59
780.0,4138.52,4125.49,4151.56
800.0,4243.79,4230.35,4257.23
820.0,4347.07,4333.67,4360.48
840.0,4450.84,4437.33,4464.35
860.0,4554.29,4540.77,4567.81
880.0,4660.71,4647.14,4674.28
900.0,4765.24,4751.39,4779.10
920.0,4868.58,4854.86,4882.29
940.0,4972.40,4958.06,4986.75
960.0,5078.22,5063.64,5092.80
980.0,5179.98,5165.28,5194.69
1000.0,5283.17,5268.04,5298.31
1020.0,5387.98,5372.90,5403.07
1040.0,5493.04,5478.29,5507.78
1060.0,5597.64,5582.86,5612.43
1080.0,5699.28,5684.49,5714.08
1100.0,5804.76,5790.01,5819.51
1120.0,5908.60,5894.29,5922.92
1140.0,6013.92,5999.51,6028.33
1160.0,6117.31,6103.18,6131.45
1180.0,6224.34,6209.79,6238.89
1200.0,6328.85,6314.13,6343.57
1220.0,6434.44,6419.59,6449.28
1240.0,6537.29,6521.80,6552.77
1260.0,6641.56,6625.65,6657.46
1280.0,6742.22,6726.21,6758.23
1300.0,6844.95,6828.51,6861.40
1320.0,6947.80,6931.14,6964.46
1340.0,7052.37,7035.40,7069.35
1360.0,7153.28,7136.65,7169.91
1380.0,7256.46,7239.68,7273.23
1400.0,7360.29,7343.34,7377.24
1420.0,7461.49,7444.51,7478.48
1440.0,7566.60,7549.98,7583.22
1460.0,7671.04,7654.14,7687.93
1480.0,7775.30,7758.40,7792.20
1500.0,7878.89,7862.03,7895.74
1520.0,7983.21,7965.95,8000.46
1540.0,8086.11,8068.71,8103.51
1560.0,8187.54,8170.77,8204.30
1580.0,8291.63,8274.94,8308.33
1600.0,8395.93,8379.16,8412.71
1620.0,8497.72,8480.66,8514.77
1640.0,8597.99,8581.28,8614.70
1660.0,8700.67,8684.05,8717.29
1680.0,8802.75,8786.10,8819.39
1700.0,8906.58,8889.54,8923.61
1720.0,9011.95,8994.37,9029.53
1740.0,9116.31,9098.80,9133.82
1760.0,9219.91,9202.60,9237.23
1780.0,9321.86,9304.22,9339.50
1800.0,9426.55,9408.76,9444.34
1820.0,9529.83,9511.93,9547.73
1840.0,9631.19,9613.04,9649.33
1860.0,9734.20,9716.13,9752.26
1880.0,9835.51,9817.43,9853.59
1900.0,9937.27,9919.14,9955.39
1920.0,10039.40,10021.56,10057.24
1940.0,10143.69,10125.78,10161.59
1960.0,10245.88,10227.85,10263.92
1980.0,10347.01,10329.11,10364.92
2000.0,10449.92,10431.82,10468.02
2020.0,10552.53,10534.41,10570.66
2040.0,10656.48,10638.15,10674.81
2060.0,10763.01,10745.06,10780.97
2080.0,10867.01,10848.74,10885.28
2100.0,10970.96,10952.50,10989.43
2120.0,11073.48,11054.37,11092.58
2140.0,11177.22,11158.27,11196.17
2160.0,11280.93,11261.52,11300.33
2180.0,11385.90,11366.86,11404.94
2200.0,11489.11,11469.68,11508.54
2220.0,11592.64,11573.15,11612.12
2240.0,11698.47,11678.81,11718.13
2260.0,11800.30,11780.76,11819.83
2280.0,11902.86,11883.07,11922.65
2300.0,12008.29,11988.20,12028.38
2320.0,12111.76,12091.46,12132.06
2340.0,12213.59,12192.92,12234.26
2360.0,12318.25,12297.57,12338.93
2380.0,12423.46,12402.40,12444.51
2400.0,12528.40,12506.94,12549.86
2420.0,12629.94,12608.16,12651.71
2440.0,12733.87,12712.03,12755.71
2460.0,12838.30,12816.16,12860.45
2480.0,12942.90,12920.81,12964.99
2500.0,13047.72,13025.78,13069.66
2520.0,13152.66,13130.31,13175.01
2540.0,13254.52,13232.27,13276.78
2560.0,13358.28,13335.84,13380.72
2580.0,13462.82,13439.95,13485.68
2600.0,13564.91,13542.06,13587.75
2620.0,13669.07,13646.25,13691.90
2640.0,13769.44,13746.18,13792.70
2660.0,13871.05,13848.00,13894.10
2680.0,13972.01,13948.61,13995.41
2700.0,14073.25,14049.80,14096.71
2720.0,14177.05,14153.34,14200.76
2740.0,14281.45,14257.10,14305.81
2760.0,14384.78,14360.72,14408.83
2780.0,14490.09,14466.10,14514.08
2800.0,14593.55,14569.59,14617.51
2820.0,14697.43,14673.58,14721.29
2840.0,14800.79,14776.91,14824.66
2860.0,14903.78,14879.88,14927.67
2880.0,15006.58,14982.48,15030.68
2900.0,15108.63,15084.95,15132.31
2920.0,15212.76,15188.97,15236.54
2940.0,15315.87,15292.17,15339.57
2960.0,15418.93,15395.17,15442.70
2980.0,15525.06,15501.15,15548.97
3000.0,15628.86,15604.77,15652.95
3020.0,15731.82,15707.75,15755.89
3040.0,15835.74,15811.63,15859.84
3060.0,15939.58,15915.28,15963.88
3080.0,16043.07,16018.70,16067.43
3100.0,16145.57,16121.25,16169.89
3120.0,16250.11,16225.68,16274.54
3140.0,16356.35,16332.31,16380.38
3160.0,16459.43,16434.96,16483.90
3180.0,16562.26,16538.15,16586.37
3200.0,16666.28,16642.19,16690.38
3220.0,16769.31,16745.33,16793.29
3240.0,16872.04,16848.36,16895.72
3260.0,16975.99,16952.07,16999.91
3280.0,17081.01,17056.73,17105.29
3300.0,17184.00,17159.82,17208.17
3320.0,17289.46,17265.54,17313.38
3340.0,17393.17,17369.15,17417.18
3360.0,17496.64,17472.42,17520.86
3380.0,17600.02,17575.96,17624.08
3400.0,17703.52,17679.37,17727.66
3420.0,17808.77,17784.06,17833.47
3440.0,17911.37,17886.29,17936.45
3460.0,18015.30,17990.21,18040.39
3480.0,18119.84,18095.26,18144.42
3500.0,18224.19,18199.50,18248.87
3520.0,18329.04,18304.46,18353.63
3540.0,18431.00,18406.77,18455.22
3560.0,18535.84,18511.67,18560.01
3580.0,18639.41,18614.81,18664.00
3600.0,18742.78,18717.71,18767.85
3620.0,18846.35,18821.38,18871.32
3640.0,18948.60,18923.26,18973.93
3660.0,19050.11,19024.75,19075.48
3680.0,19153.30,19127.43,19179.18
3700.0,19254.94,19228.91,19280.97
3720.0,19358.52,19332.36,19384.69
3740.0,19459.17,19432.56,19485.77
3760.0,19561.57,19534.88,19588.26
3780.0,19664.06,19637.39,19690.73
3800.0,19767.61,19740.59,19794.63
3820.0,19872.01,19845.14,19898.87
3840.0,19975.79,19948.65,20002.94
3860.0,20079.79,20052.59,20107.00
3880.0,20184.27,20156.89,20211.65
3900.0,20288.81,20261.34,20316.27
3920.0,20392.61,20365.00,20420.21
3940.0,20496.11,20468.64,20523.59
3960.0,20601.74,20574.38,20629.09
3980.0,20703.12,20675.92,20730.32
4000.0,20809.73,20782.62,20836.85
4020.0,20912.86,20885.33,20940.38
4040.0,21016.57,20989.09,21044.05
4060.0,21119.45,21091.96,21146.94
4080.0,21225.66,21197.91,21253.40
4100.0,21328.34,21299.88,21356.80
4120.0,21432.60,21404.59,21460.62
4140.0,21535.96,21507.99,21563.92
4160.0,21637.37,21609.25,21665.48
4180.0,21741.67,21713.42,21769.93
4200.0,21843.66,21815.46,21871.87
4220.0,21945.12,21916.57,21973.66
4240.0,22050.16,22021.39,22078.93
4260.0,22153.35,22125.10,22181.60
4280.0,22258.43,22229.64,22287.21
4300.0,22362.67,22333.75,22391.59
4320.0,22467.57,22438.19,22496.94
4340.0,22570.05,22540.68,22599.41
4360.0,22673.99,22644.34,22703.64
4380.0,22777.24,22747.96,22806.52
4400.0,22879.70,22850.54,22908.86
4420.0,22983.88,22954.42,23013.34
4440.0,23089.21,23060.49,23117.94
4460.0,23194.13,23164.90,23223.35
4480.0,23298.81,23269.83,23327.79
4500.0,23404.28,23375.27,23433.29
4520.0,23509.42,23480.26,23538.58
4540.0,23613.16,23583.85,23642.46
4560.0,23718.93,23689.55,23748.30
4580.0,23822.45,23793.66,23851.23
4600.0,23926.46,23897.74,23955.18
4620.0,24029.27,24000.26,24058.27
4640.0,24132.30,24102.82,24161.78
4660.0,24236.69,24207.17,24266.20
4680.0,24340.05,24310.52,24369.58
4700.0,24445.57,24415.98,24475.16
4720.0,24551.11,24521.21,24581.02
4740.0,24654.63,24624.30,24684.95
4760.0,24757.32,24727.08,24787.56
4780.0,24860.26,24830.34,24890.17
4800.0,24964.00,24933.81,24994.18
4820.0,25068.60,25038.63,25098.56
4840.0,25171.41,25141.38,25201.45
4860.0,25274.09,25243.96,25304.21
4880.0,25379.12,25349.09,25409.14
4900.0,25483.10,25453.18,25513.03
4920.0,25586.93,25557.04,25616.82
4940.0,25690.38,25659.93,25720.83
4960.0,25791.67,25761.34,25822.00
4980.0,25893.89,25863.59,25924.19
5000.0,25995.01,25965.21,26024.81
