trial,mean,ci_down,ci_up
0.0,14.38,13.53,15.23
20.0,27.20,26.02,28.38
40.0,40.34,39.09,41.59
60.0,53.46,52.13,54.79
80.0,67.38,65.92,68.84
100.0,80.34,78.88,81.80
120.0,95.20,93.53,96.87
140.0,108.14,106.33,109.95
160.0,122.16,120.29,124.03
180.0,134.06,132.09,136.03
200.0,147.92,145.65,150.19
220.0,160.92,158.55,163.29
240.0,174.28,171.90,176.66
260.0,187.90,185.64,190.16
280.0,199.96,197.58,202.34
300.0,212.14,209.60,214.68
320.0,223.08,220.54,225.62
340.0,237.80,235.00,240.60
360.0,250.26,247.32,253.20
380.0,263.18,260.12,266.24
400.0,276.62,273.63,279.61
420.0,290.12,287.04,293.20
440.0,303.28,300.21,306.35
460.0,317.36,314.09,320.63
480.0,330.78,327.30,334.26
500.0,345.06,341.44,348.68
520.0,357.18,353.38,360.98
540.0,371.82,367.86,375.78
560.0,383.84,379.71,387.97
580.0,396.58,392.32,400.84
600.0,409.88,405.49,414.27
620.0,422.66,418.24,427.08
640.0,435.66,431.23,440.09
660.0,448.64,444.12,453.16
680.0,461.88,457.22,466.54
700.0,475.58,470.99,480.17
720.0,489.32,484.71,493.93
740.0,501.62,497.07,506.17
760.0,514.72,509.94,519.50
780.0,527.32,522.52,532.12
800.0,540.62,535.80,545.44
820.0,554.52,549.56,559.48
840.0,568.04,563.01,573.07
860.0,582.52,577.32,587.72
880.0,595.98,590.67,601.29
900.0,609.22,603.96,614.48
920.0,622.52,617.34,627.70
940.0,635.46,630.18,640.74
960.0,649.56,644.11,655.01
980.0,663.46,657.87,669.05
1000.0,676.72,671.24,682.20
1020.0,692.40,686.87,697.93
1040.0,706.34,700.70,711.98
1060.0,719.80,714.04,725.56
1080.0,732.92,727.23,738.61
1100.0,746.20,740.41,751.99
1120.0,759.66,753.98,765.34
1140.0,773.18,767.42,778.94
1160.0,786.62,780.81,792.43
1180.0,799.36,793.70,805.02
1200.0,812.90,807.27,818.53
1220.0,825.86,820.20,831.52
1240.0,839.08,833.26,844.90
1260.0,852.78,846.84,858.72
1280.0,864.68,858.81,870.55
1300.0,877.28,871.38,883.18
1320.0,890.10,884.00,896.20
1340.0,902.34,896.39,908.29
1360.0,914.98,908.90,921.06
1380.0,927.92,921.87,933.97
1400.0,941.36,935.19,947.53
1420.0,954.80,948.71,960.89
1440.0,968.58,962.68,974.48
1460.0,982.06,976.14,987.98
1480.0,994.14,988.29,999.99
1500.0,1007.46,1001.57,1013.35
1520.0,1021.26,1015.47,1027.05
1540.0,1034.62,1028.93,1040.31
1560.0,1047.26,1041.68,1052.84
1580.0,1059.52,1053.88,1065.16
1600.0,1072.74,1067.07,1078.41
1620.0,1086.20,1080.23,1092.17
1640.0,1099.06,1092.83,1105.29
1660.0,1111.70,1105.46,1117.94
1680.0,1124.66,1118.45,1130.87
1700.0,1138.08,1131.89,1144.27
1720.0,1151.20,1144.96,1157.44
1740.0,1164.22,1157.95,1170.49
1760.0,1176.32,1169.98,1182.66
1780.0,1188.80,1182.56,1195.04
1800.0,1201.14,1194.89,1207.39
1820.0,1213.08,1206.78,1219.38
1840.0,1225.78,1219.35,1232.21
1860.0,1238.96,1232.51,1245.41
1880.0,1251.96,1245.53,1258.39
1900.0,1264.74,1258.16,1271.32
1920.0,1277.44,1270.80,1284.08
1940.0,1290.02,1283.24,1296.80
1960.0,1302.76,1295.94,1309.58
1980.0,1316.16,1309.31,1323.01
2000.0,1329.34,1322.48,1336.20
2020.0,1342.02,1335.08,1348.96
2040.0,1355.00,1348.02,1361.98
2060.0,1368.66,1361.59,1375.73
2080.0,1382.48,1375.41,1389.55
2100.0,1395.46,1388.39,1402.53
2120.0,1409.24,1402.09,1416.39
2140.0,1422.60,1415.37,1429.83
2160.0,1435.76,1428.41,1443.11
2180.0,1448.84,1441.41,1456.27
2200.0,1461.88,1454.43,1469.33
2220.0,1475.08,1467.74,1482.42
2240.0,1488.64,1481.32,1495.96
2260.0,1501.74,1494.47,1509.01
2280.0,1515.24,1507.88,1522.60
2300.0,1528.30,1520.70,1535.90
2320.0,1541.00,1533.41,1548.59
2340.0,1553.36,1545.74,1560.98
2360.0,1567.14,1559.46,1574.82
2380.0,1582.34,1574.79,1589.89
2400.0,1595.20,1587.59,1602.81
2420.0,1607.94,1600.41,1615.47
2440.0,1621.44,1613.85,1629.03
2460.0,1635.18,1627.49,1642.87
2480.0,1649.52,1641.65,1657.39
2500.0,1663.48,1655.78,1671.18
2520.0,1676.56,1668.89,1684.23
2540.0,1689.30,1681.60,1697.00
2560.0,1700.86,1693.03,1708.69
2580.0,1713.28,1705.32,1721.24
2600.0,1725.90,1717.87,1733.93
2620.0,1739.26,1731.31,1747.21
2640.0,1753.80,1745.88,1761.72
2660.0,1768.08,1759.85,1776.31
2680.0,1781.92,1773.62,1790.22
2700.0,1795.36,1787.17,1803.55
2720.0,1808.56,1800.35,1816.77
2740.0,1821.08,1812.92,1829.24
2760.0,1833.42,1825.12,1841.72
2780.0,1847.72,1839.43,1856.01
2800.0,1861.84,1853.49,1870.19
2820.0,1875.16,1866.64,1883.68
2840.0,1888.84,1880.11,1897.57
2860.0,1901.94,1893.13,1910.75
2880.0,1915.34,1906.51,1924.17
2900.0,1928.50,1919.56,1937.44
2920.0,1942.14,1933.16,1951.12
2940.0,1956.32,1947.33,1965.31
2960.0,1969.84,1960.97,1978.71
2980.0,1983.06,1974.11,1992.01
3000.0,1996.22,1987.14,2005.30
3020.0,2009.76,2000.84,2018.68
3040.0,2022.56,2013.34,2031.78
3060.0,2036.18,2026.93,2045.43
3080.0,2049.46,2040.16,2058.76
3100.0,2061.68,2052.21,2071.15
3120.0,2074.32,2064.90,2083.74
3140.0,2087.58,2078.16,2097.00
3160.0,2100.74,2091.29,2110.19
3180.0,2113.98,2104.37,2123.59
3200.0,2126.82,2117.19,2136.45
3220.0,2139.60,2129.97,2149.23
3240.0,2152.08,2142.53,2161.63
3260.0,2165.54,2155.93,2175.15
3280.0,2179.62,2169.94,2189.30
3300.0,2193.00,2183.35,2202.65
3320.0,2206.40,2196.70,2216.10
3340.0,2219.22,2209.40,2229.04
3360.0,2232.10,2222.42,2241.78
3380.0,2244.14,2234.30,2253.98
3400.0,2257.04,2247.17,2266.91
3420.0,2269.60,2259.65,2279.55
3440.0,2281.94,2271.92,2291.96
3460.0,2295.84,2285.83,2305.85
3480.0,2308.18,2297.87,2318.49
3500.0,2320.78,2310.42,2331.14
3520.0,2332.40,2322.09,2342.71
3540.0,2345.12,2334.80,2355.44
3560.0,2358.20,2347.69,2368.71
3580.0,2371.88,2361.47,2382.29
3600.0,2385.20,2374.69,2395.71
3620.0,2398.76,2388.17,2409.35
3640.0,2411.58,2401.11,2422.05
3660.0,2425.52,2414.96,2436.08
3680.0,2439.72,2429.16,2450.28
3700.0,2451.96,2441.52,2462.40
3720.0,2464.96,2454.71,2475.21
3740.0,2477.20,2466.93,2487.47
3760.0,2489.34,2479.27,2499.41
3780.0,2501.26,2491.09,2511.43
3800.0,2513.94,2503.71,2524.17
3820.0,2526.84,2516.42,2537.26
3840.0,2539.88,2529.44,2550.32
3860.0,2552.32,2541.65,2562.99
3880.0,2565.44,2554.71,2576.17
3900.0,2578.86,2568.06,2589.66
3920.0,2591.84,2581.15,2602.53
3940.0,2605.14,2594.59,2615.69
3960.0,2618.32,2607.86,2628.78
3980.0,2632.30,2621.71,2642.89
4000.0,2645.70,2635.23,2656.17
4020.0,2659.78,2649.25,2670.31
4040.0,2672.60,2661.94,2683.26
4060.0,2686.52,2675.73,2697.31
4080.0,2698.94,2688.18,2709.70
4100.0,2712.32,2701.42,2723.22
4120.0,2725.14,2714.28,2736.00
4140.0,2738.38,2727.50,2749.26
4160.0,2750.84,2740.05,2761.63
4180.0,2763.86,2752.96,2774.76
4200.0,2775.42,2764.46,2786.38
4220.0,2788.14,2777.29,2798.99
4240.0,2801.02,2790.12,2811.92
4260.0,2814.04,2802.91,2825.17
4280.0,2828.58,2817.45,2839.71
4300.0,2842.52,2831.33,2853.71
4320.0,2856.72,2845.45,2867.99
4340.0,2869.54,2858.24,2880.84
4360.0,2883.10,2871.59,2894.61
4380.0,2897.38,2885.67,2909.09
4400.0,2910.68,2899.05,2922.31
4420.0,2924.42,2912.77,2936.07
4440.0,2938.36,2926.63,2950.09
4460.0,2952.70,2940.91,2964.49
4480.0,2965.36,2953.50,2977.22
4500.0,2978.64,2966.65,2990.63
4520.0,2992.86,2980.70,3005.02
4540.0,3006.60,2994.43,3018.77
4560.0,3020.36,3008.21,3032.51
4580.0,3033.88,3021.79,3045.97
4600.0,3046.46,3034.45,3058.47
4620.0,3060.30,3048.32,3072.28
4640.0,3073.26,3061.31,3085.21
4660.0,3086.14,3074.22,3098.06
4680.0,3100.62,3088.75,3112.49
4700.0,3114.14,3102.21,3126.07
4720.0,3127.50,3115.66,3139.34
4740.0,3141.38,3129.56,3153.20
4760.0,3155.26,3143.57,3166.95
4780.0,3170.06,3158.37,3181.75
4800.0,3184.54,3172.84,3196.24
4820.0,3198.94,3187.32,3210.56
4840.0,3212.12,3200.55,3223.69
4860.0,3224.74,3213.21,3236.27
4880.0,3238.04,3226.55,3249.53
4900.0,3251.20,3239.57,3262.83
4920.0,3265.22,3253.65,3276.79
4940.0,3278.04,3266.80,3289.28
4960.0,3291.64,3280.40,3302.88
4980.0,3304.90,3293.68,3316.12
5000.0,3317.98,3306.90,3329.06
