trial,mean,ci_down,ci_up
0.0,103.83,102.09,105.56
20.0,104.44,102.14,106.74
40.0,103.23,101.43,105.02
60.0,102.59,100.91,104.27
80.0,106.03,104.19,107.88
100.0,102.48,100.83,104.12
120.0,103.47,101.56,105.37
140.0,103.02,101.42,104.62
160.0,104.63,102.56,106.70
180.0,103.83,101.98,105.68
200.0,103.83,102.28,105.39
220.0,102.26,100.82,103.70
240.0,103.39,101.37,105.42
260.0,105.10,103.31,106.89
280.0,103.06,100.95,105.17
300.0,102.32,100.44,104.20
320.0,102.23,100.26,104.20
340.0,103.82,102.18,105.46
360.0,103.31,101.64,104.97
380.0,106.67,104.59,108.75
400.0,104.14,102.70,105.59
420.0,104.59,103.01,106.17
440.0,101.62,100.32,102.92
460.0,101.40,99.75,103.04
480.0,103.76,101.94,105.59
500.0,103.77,102.23,105.31
520.0,102.98,101.41,104.54
540.0,103.46,101.75,105.17
560.0,101.36,99.52,103.21
580.0,102.09,100.11,104.06
600.0,104.34,102.56,106.12
620.0,103.55,101.49,105.60
640.0,102.96,100.71,105.20
660.0,105.05,103.57,106.54
680.0,104.85,103.20,106.49
700.0,102.60,100.92,104.28
720.0,105.41,103.42,107.41
740.0,101.70,99.64,103.75
760.0,103.31,101.16,105.45
780.0,102.06,100.13,103.99
800.0,105.27,103.34,107.19
820.0,103.28,101.72,104.85
840.0,103.77,102.02,105.51
860.0,103.45,101.97,104.94
880.0,106.42,104.60,108.23
900.0,104.53,102.47,106.60
920.0,103.33,101.78,104.89
940.0,103.82,101.87,105.77
960.0,105.82,103.93,107.71
980.0,101.76,99.67,103.86
1000.0,103.19,101.36,105.02
1020.0,104.81,103.38,106.24
1040.0,105.05,103.12,106.98
1060.0,104.61,103.04,106.18
1080.0,101.64,100.02,103.26
1100.0,105.48,103.49,107.46
1120.0,103.84,102.15,105.54
1140.0,105.31,103.26,107.37
1160.0,103.40,101.73,105.06
1180.0,107.03,105.04,109.01
1200.0,104.51,102.93,106.09
1220.0,105.58,103.53,107.64
1240.0,102.85,101.01,104.69
1260.0,104.27,102.37,106.17
1280.0,100.66,98.62,102.71
1300.0,102.73,100.69,104.78
1320.0,102.85,100.82,104.87
1340.0,104.57,102.50,106.64
1360.0,100.91,99.14,102.67
1380.0,103.17,101.85,104.50
1400.0,103.83,102.04,105.63
1420.0,101.20,99.51,102.89
1440.0,105.11,103.47,106.75
1460.0,104.43,102.73,106.14
1480.0,104.27,101.96,106.57
1500.0,103.58,102.04,105.12
1520.0,104.32,102.61,106.03
1540.0,102.90,100.98,104.83
1560.0,101.43,99.80,103.07
1580.0,104.09,102.25,105.94
1600.0,104.30,102.25,106.35
1620.0,101.79,99.83,103.75
1640.0,100.27,98.46,102.08
1660.0,102.68,101.08,104.28
1680.0,102.08,100.56,103.59
1700.0,103.83,101.90,105.75
1720.0,105.37,103.33,107.42
1740.0,104.36,102.60,106.12
1760.0,103.60,101.50,105.71
1780.0,101.95,100.07,103.83
1800.0,104.69,102.71,106.67
1820.0,103.28,101.25,105.32
1840.0,101.36,99.48,103.23
1860.0,103.01,101.25,104.77
1880.0,101.31,99.53,103.10
1900.0,101.76,99.93,103.59
1920.0,102.13,100.41,103.85
1940.0,104.28,102.33,106.24
1960.0,102.20,100.22,104.17
1980.0,101.13,99.35,102.92
2000.0,102.91,101.03,104.78
2020.0,102.61,100.98,104.25
2040.0,103.94,102.14,105.75
2060.0,106.54,104.47,108.61
2080.0,104.00,102.26,105.73
2100.0,103.96,101.98,105.93
2120.0,102.51,100.76,104.26
2140.0,103.74,101.99,105.50
2160.0,103.70,101.88,105.53
2180.0,104.98,103.10,106.86
2200.0,103.21,101.29,105.13
2220.0,103.53,101.81,105.24
2240.0,105.83,104.15,107.51
2260.0,101.83,99.78,103.87
2280.0,102.56,100.68,104.45
2300.0,105.43,103.09,107.77
2320.0,103.47,102.03,104.91
2340.0,101.83,99.88,103.77
2360.0,104.66,103.18,106.14
2380.0,105.21,103.73,106.68
2400.0,104.94,103.21,106.67
2420.0,101.54,99.82,103.26
2440.0,103.93,102.04,105.83
2460.0,104.43,102.62,106.24
2480.0,104.60,102.83,106.37
2500.0,104.82,102.98,106.66
2520.0,104.94,103.02,106.86
2540.0,101.86,100.05,103.68
2560.0,103.76,101.84,105.67
2580.0,104.53,102.79,106.28
2600.0,102.09,100.14,104.04
2620.0,104.17,102.36,105.98
2640.0,100.37,98.55,102.18
2660.0,101.61,99.70,103.53
2680.0,100.96,99.35,102.56
2700.0,101.24,99.51,102.98
2720.0,103.80,101.96,105.64
2740.0,104.40,102.45,106.34
2760.0,103.32,101.37,105.28
2780.0,105.31,103.65,106.97
2800.0,103.46,101.94,104.98
2820.0,103.88,102.01,105.75
2840.0,103.35,101.51,105.19
2860.0,102.99,100.84,105.14
2880.0,102.80,101.01,104.60
2900.0,102.05,100.19,103.92
2920.0,104.13,102.26,105.99
2940.0,103.11,101.71,104.51
2960.0,103.06,101.55,104.58
2980.0,106.13,103.98,108.27
3000.0,103.80,102.07,105.52
3020.0,102.96,100.84,105.08
3040.0,103.92,102.13,105.70
3060.0,103.85,101.91,105.78
3080.0,103.48,101.13,105.84
3100.0,102.50,100.61,104.40
3120.0,104.54,102.47,106.60
3140.0,106.24,104.34,108.14
3160.0,103.08,101.14,105.01
3180.0,102.84,101.04,104.63
3200.0,104.02,102.32,105.72
3220.0,103.02,101.19,104.86
3240.0,102.73,100.65,104.81
3260.0,103.95,102.24,105.66
3280.0,105.02,103.20,106.84
3300.0,102.99,101.08,104.89
3320.0,105.46,103.86,107.07
3340.0,103.71,102.01,105.40
3360.0,103.48,101.43,105.53
3380.0,103.38,101.50,105.26
3400.0,103.49,101.75,105.23
3420.0,105.25,103.43,107.08
3440.0,102.60,100.62,104.59
3460.0,103.92,101.89,105.96
3480.0,104.54,102.59,106.49
3500.0,104.35,102.53,106.16
3520.0,104.86,103.06,106.66
3540.0,101.95,100.26,103.64
3560.0,104.84,103.21,106.47
3580.0,103.57,101.78,105.36
3600.0,103.37,101.61,105.13
3620.0,103.58,101.71,105.44
3640.0,102.24,100.50,103.99
3660.0,101.51,99.74,103.29
3680.0,103.19,101.53,104.86
3700.0,101.64,99.84,103.44
3720.0,103.58,101.65,105.52
3740.0,100.64,98.67,102.61
3760.0,102.40,100.48,104.31
3780.0,102.50,100.35,104.64
3800.0,103.55,101.56,105.53
3820.0,104.40,102.46,106.34
3840.0,103.79,101.40,106.17
3860.0,104.00,102.38,105.62
3880.0,104.48,102.73,106.22
3900.0,104.54,102.69,106.39
3920.0,103.80,102.22,105.38
3940.0,103.51,101.65,105.36
3960.0,105.62,103.86,107.39
3980.0,101.38,99.63,103.14
4000.0,106.61,104.72,108.50
4020.0,103.12,101.22,105.03
4040.0,103.71,101.86,105.57
4060.0,102.88,101.42,104.34
4080.0,106.21,104.07,108.35
4100.0,102.68,100.73,104.64
4120.0,104.26,102.65,105.88
4140.0,103.35,101.51,105.20
4160.0,101.41,99.21,103.61
4180.0,104.31,102.47,106.15
4200.0,101.99,99.91,104.07
4220.0,101.45,99.73,103.17
4240.0,105.05,103.05,107.04
4260.0,103.19,101.21,105.16
4280.0,105.08,102.86,107.30
4300.0,104.25,102.09,106.41
4320.0,104.89,102.92,106.87
4340.0,102.48,100.45,104.52
4360.0,103.94,102.60,105.29
4380.0,103.25,101.60,104.90
4400.0,102.46,100.86,104.06
4420.0,104.19,102.60,105.77
4440.0,105.33,103.46,107.20
4460.0,104.91,103.09,106.74
4480.0,104.69,102.70,106.68
4500.0,105.47,103.63,107.30
4520.0,105.14,103.39,106.89
4540.0,103.74,101.88,105.59
4560.0,105.77,104.06,107.47
4580.0,103.52,101.91,105.13
4600.0,104.01,102.08,105.94
4620.0,102.81,101.57,104.05
4640.0,103.03,101.14,104.93
4660.0,104.39,102.48,106.29
4680.0,103.36,101.76,104.96
4700.0,105.52,103.78,107.26
4720.0,105.55,103.22,107.87
4740.0,103.51,101.84,105.18
4760.0,102.70,100.68,104.71
4780.0,102.94,101.34,104.54
4800.0,103.74,102.01,105.46
4820.0,104.60,103.05,106.16
4840.0,102.82,101.08,104.55
4860.0,102.67,101.24,104.10
4880.0,105.03,103.30,106.76
4900.0,103.99,102.19,105.79
4920.0,103.83,102.23,105.43
4940.0,103.45,101.58,105.32
4960.0,101.29,99.45,103.13
4980.0,102.22,100.42,104.02
5000.0,101.12,99.08,103.16
