trial,mean,ci_down,ci_up
0.0,14.38,13.53,15.23
20.0,12.82,12.00,13.64
40.0,13.14,12.53,13.75
60.0,13.12,12.32,13.92
80.0,13.92,13.20,14.64
100.0,12.96,12.20,13.72
120.0,14.86,14.15,15.57
140.0,12.94,12.14,13.74
160.0,14.02,13.41,14.63
180.0,11.90,11.15,12.65
200.0,13.86,12.98,14.74
220.0,13.00,12.36,13.64
240.0,13.36,12.59,14.13
260.0,13.62,12.89,14.35
280.0,12.06,11.36,12.76
300.0,12.18,11.35,13.01
320.0,10.94,10.18,11.70
340.0,14.72,13.91,15.53
360.0,12.46,11.60,13.32
380.0,12.92,12.04,13.80
400.0,13.44,12.61,14.27
420.0,13.50,12.75,14.25
440.0,13.16,12.39,13.93
460.0,14.08,13.29,14.87
480.0,13.42,12.46,14.38
500.0,14.28,13.45,15.11
520.0,12.12,11.35,12.89
540.0,14.64,14.05,15.23
560.0,12.02,11.31,12.73
580.0,12.74,11.92,13.56
600.0,13.30,12.42,14.18
620.0,12.78,11.89,13.67
640.0,13.00,12.25,13.75
660.0,12.98,12.27,13.69
680.0,13.24,12.50,13.98
700.0,13.70,12.99,14.41
720.0,13.74,12.90,14.58
740.0,12.30,11.47,13.13
760.0,13.10,12.30,13.90
780.0,12.60,12.00,13.20
800.0,13.30,12.48,14.12
820.0,13.90,13.02,14.78
840.0,13.52,12.76,14.28
860.0,14.48,13.68,15.28
880.0,13.46,12.70,14.22
900.0,13.24,12.52,13.96
920.0,13.30,12.51,14.09
940.0,12.94,12.26,13.62
960.0,14.10,13.30,14.90
980.0,13.90,13.03,14.77
1000.0,13.26,12.54,13.98
1020.0,15.68,15.02,16.34
1040.0,13.94,13.25,14.63
1060.0,13.46,12.62,14.30
1080.0,13.12,12.24,14.00
1100.0,13.28,12.47,14.09
1120.0,13.46,12.65,14.27
1140.0,13.52,12.76,14.28
1160.0,13.44,12.79,14.09
1180.0,12.74,12.05,13.43
1200.0,13.54,12.76,14.32
1220.0,12.96,12.11,13.81
1240.0,13.22,12.42,14.02
1260.0,13.70,12.99,14.41
1280.0,11.90,11.00,12.80
1300.0,12.60,11.74,13.46
1320.0,12.82,12.07,13.57
1340.0,12.24,11.55,12.93
1360.0,12.64,11.91,13.37
1380.0,12.94,12.14,13.74
1400.0,13.44,12.76,14.12
1420.0,13.44,12.69,14.19
1440.0,13.78,13.11,14.45
1460.0,13.48,12.75,14.21
1480.0,12.08,11.26,12.90
1500.0,13.32,12.58,14.06
1520.0,13.80,13.15,14.45
1540.0,13.36,12.61,14.11
1560.0,12.64,11.82,13.46
1580.0,12.26,11.42,13.10
1600.0,13.22,12.53,13.91
1620.0,13.46,12.69,14.23
1640.0,12.86,12.08,13.64
1660.0,12.64,11.96,13.32
1680.0,12.96,12.14,13.78
1700.0,13.42,12.68,14.16
1720.0,13.12,12.37,13.87
1740.0,13.02,12.24,13.80
1760.0,12.10,11.30,12.90
1780.0,12.48,11.67,13.29
1800.0,12.34,11.57,13.11
1820.0,11.94,11.10,12.78
1840.0,12.70,11.98,13.42
1860.0,13.18,12.44,13.92
1880.0,13.00,12.32,13.68
1900.0,12.78,12.09,13.47
1920.0,12.70,11.97,13.43
1940.0,12.58,11.72,13.44
1960.0,12.74,11.96,13.52
1980.0,13.40,12.56,14.24
2000.0,13.18,12.40,13.96
2020.0,12.68,11.90,13.46
2040.0,12.98,12.32,13.64
2060.0,13.66,12.95,14.37
2080.0,13.82,13.19,14.45
2100.0,12.98,12.16,13.80
2120.0,13.78,13.03,14.53
2140.0,13.36,12.64,14.08
2160.0,13.16,12.42,13.90
2180.0,13.08,12.38,13.78
2200.0,13.04,12.39,13.69
2220.0,13.20,12.52,13.88
2240.0,13.56,12.73,14.39
2260.0,13.10,12.38,13.82
2280.0,13.50,12.64,14.36
2300.0,13.06,12.47,13.65
2320.0,12.70,11.93,13.47
2340.0,12.36,11.59,13.13
2360.0,13.78,12.93,14.63
2380.0,15.20,14.45,15.95
2400.0,12.86,12.12,13.60
2420.0,12.74,11.88,13.60
2440.0,13.50,12.67,14.33
2460.0,13.74,12.96,14.52
2480.0,14.34,13.56,15.12
2500.0,13.96,13.21,14.71
2520.0,13.08,12.36,13.80
2540.0,12.74,12.04,13.44
2560.0,11.56,10.85,12.27
2580.0,12.42,11.52,13.32
2600.0,12.62,11.87,13.37
2620.0,13.36,12.59,14.13
2640.0,14.54,13.73,15.35
2660.0,14.28,13.48,15.08
2680.0,13.84,13.09,14.59
2700.0,13.44,12.58,14.30
2720.0,13.20,12.15,14.25
2740.0,12.52,11.73,13.31
2760.0,12.34,11.50,13.18
2780.0,14.30,13.39,15.21
2800.0,14.12,13.33,14.91
2820.0,13.32,12.63,14.01
2840.0,13.68,12.96,14.40
2860.0,13.10,12.27,13.93
2880.0,13.40,12.67,14.13
2900.0,13.16,12.42,13.90
2920.0,13.64,12.76,14.52
2940.0,14.18,13.32,15.04
2960.0,13.52,12.86,14.18
2980.0,13.22,12.52,13.92
3000.0,13.16,12.48,13.84
3020.0,13.54,12.63,14.45
3040.0,12.80,12.00,13.60
3060.0,13.62,12.77,14.47
3080.0,13.28,12.47,14.09
3100.0,12.22,11.42,13.02
3120.0,12.64,11.93,13.35
3140.0,13.26,12.52,14.00
3160.0,13.16,12.23,14.09
3180.0,13.24,12.43,14.05
3200.0,12.84,12.11,13.57
3220.0,12.78,12.02,13.54
3240.0,12.48,11.62,13.34
3260.0,13.46,12.62,14.30
3280.0,14.08,13.27,14.89
3300.0,13.38,12.71,14.05
3320.0,13.40,12.65,14.15
3340.0,12.82,12.08,13.56
3360.0,12.88,12.18,13.58
3380.0,12.04,11.34,12.74
3400.0,12.90,12.00,13.80
3420.0,12.56,11.77,13.35
3440.0,12.34,11.73,12.95
3460.0,13.90,13.06,14.74
3480.0,12.34,11.54,13.14
3500.0,12.60,11.82,13.38
3520.0,11.62,10.85,12.39
3540.0,12.72,11.97,13.47
3560.0,13.08,12.31,13.85
3580.0,13.68,12.90,14.46
3600.0,13.32,12.56,14.08
3620.0,13.56,12.87,14.25
3640.0,12.82,12.13,13.51
3660.0,13.94,13.02,14.86
3680.0,14.20,13.42,14.98
3700.0,12.24,11.52,12.96
3720.0,13.00,12.28,13.72
3740.0,12.24,11.51,12.97
3760.0,12.14,11.36,12.92
3780.0,11.92,11.22,12.62
3800.0,12.68,11.78,13.58
3820.0,12.90,12.28,13.52
3840.0,13.04,12.18,13.90
3860.0,12.44,11.68,13.20
3880.0,13.12,12.32,13.92
3900.0,13.42,12.66,14.18
3920.0,12.98,12.28,13.68
3940.0,13.30,12.55,14.05
3960.0,13.18,12.38,13.98
3980.0,13.98,13.27,14.69
4000.0,13.40,12.69,14.11
4020.0,14.08,13.33,14.83
4040.0,12.82,11.96,13.68
4060.0,13.92,13.14,14.70
4080.0,12.42,11.63,13.21
4100.0,13.38,12.48,14.28
4120.0,12.82,12.17,13.47
4140.0,13.24,12.39,14.09
4160.0,12.46,11.68,13.24
4180.0,13.02,12.40,13.64
4200.0,11.56,10.87,12.25
4220.0,12.72,11.91,13.53
4240.0,12.88,12.07,13.69
4260.0,13.02,12.27,13.77
4280.0,14.54,13.65,15.43
4300.0,13.94,13.25,14.63
4320.0,14.20,13.29,15.11
4340.0,12.82,12.16,13.48
4360.0,13.56,12.75,14.37
4380.0,14.28,13.49,15.07
4400.0,13.30,12.58,14.02
4420.0,13.74,12.94,14.54
4440.0,13.94,13.20,14.68
4460.0,14.34,13.54,15.14
4480.0,12.66,11.78,13.54
4500.0,13.28,12.58,13.98
4520.0,14.22,13.35,15.09
4540.0,13.74,12.85,14.63
4560.0,13.76,12.98,14.54
4580.0,13.52,12.70,14.34
4600.0,12.58,11.90,13.26
4620.0,13.84,13.01,14.67
4640.0,12.96,12.23,13.69
4660.0,12.88,12.11,13.65
4680.0,14.48,13.65,15.31
4700.0,13.52,12.82,14.22
4720.0,13.36,12.45,14.27
4740.0,13.88,13.03,14.73
4760.0,13.88,13.09,14.67
4780.0,14.80,14.03,15.57
4800.0,14.48,13.74,15.22
4820.0,14.40,13.53,15.27
4840.0,13.18,12.30,14.06
4860.0,12.62,11.91,13.33
4880.0,13.30,12.56,14.04
4900.0,13.16,12.33,13.99
4920.0,14.02,13.36,14.68
4940.0,12.82,12.00,13.64
4960.0,13.60,12.86,14.34
4980.0,13.26,12.60,13.92
5000.0,13.08,12.30,13.86
