trial,mean,ci_down,ci_up
0.0,38.75,35.31,42.19
20.0,42.54,39.54,45.55
40.0,43.87,39.98,47.77
60.0,59.48,54.42,64.54
80.0,60.95,55.85,66.05
100.0,67.53,62.65,72.40
120.0,74.63,69.87,79.39
140.0,79.93,76.32,83.53
160.0,80.45,77.20,83.70
180.0,84.72,81.82,87.62
200.0,87.21,84.31,90.11
220.0,88.31,85.81,90.81
240.0,89.25,86.70,91.80
260.0,89.69,87.08,92.30
280.0,93.57,91.47,95.66
300.0,93.07,90.10,96.05
320.0,93.96,91.74,96.17
340.0,95.36,93.46,97.27
360.0,95.50,93.55,97.45
380.0,96.24,94.42,98.06
400.0,96.39,94.69,98.10
420.0,97.87,96.44,99.29
440.0,97.96,95.93,99.98
460.0,97.85,96.24,99.45
480.0,99.25,97.74,100.77
500.0,99.64,98.33,100.95
520.0,99.74,97.98,101.50
540.0,99.60,97.89,101.32
560.0,99.22,97.85,100.59
580.0,101.02,99.40,102.65
600.0,100.09,98.28,101.89
620.0,101.69,100.16,103.23
640.0,101.31,100.08,102.55
660.0,101.87,100.69,103.05
680.0,101.56,100.22,102.91
700.0,100.99,99.74,102.24
720.0,101.95,100.76,103.14
740.0,102.41,101.03,103.80
760.0,101.60,100.37,102.82
780.0,101.84,100.40,103.29
800.0,101.90,100.48,103.32
820.0,102.63,101.19,104.07
840.0,102.63,101.43,103.84
860.0,102.58,101.62,103.54
880.0,101.64,100.51,102.77
900.0,102.36,101.29,103.43
920.0,102.44,101.13,103.75
940.0,102.85,101.55,104.15
960.0,102.38,101.15,103.61
980.0,102.73,101.51,103.95
1000.0,102.48,101.51,103.44
1020.0,102.98,101.68,104.28
1040.0,102.69,101.49,103.89
1060.0,103.59,102.29,104.89
1080.0,102.97,101.89,104.05
1100.0,102.54,101.21,103.86
1120.0,102.96,101.78,104.15
1140.0,103.09,101.77,104.41
1160.0,104.32,103.26,105.38
1180.0,102.67,101.68,103.66
1200.0,103.08,101.96,104.19
1220.0,102.73,101.57,103.89
1240.0,102.28,101.11,103.45
1260.0,103.56,102.42,104.71
1280.0,103.40,102.24,104.56
1300.0,102.88,101.96,103.80
1320.0,102.92,101.77,104.07
1340.0,102.53,101.49,103.58
1360.0,102.75,101.80,103.70
1380.0,102.60,101.46,103.74
1400.0,103.27,102.24,104.30
1420.0,103.32,102.12,104.52
1440.0,102.54,101.53,103.54
1460.0,102.81,101.80,103.81
1480.0,103.30,102.28,104.33
1500.0,103.51,102.24,104.78
1520.0,102.82,101.92,103.72
1540.0,102.82,101.82,103.82
1560.0,102.82,101.80,103.84
1580.0,102.11,101.09,103.13
1600.0,102.50,101.42,103.58
1620.0,102.78,101.47,104.09
1640.0,103.47,102.47,104.48
1660.0,103.13,101.87,104.39
1680.0,102.44,101.38,103.50
1700.0,103.07,101.89,104.25
1720.0,102.45,101.19,103.72
1740.0,102.52,101.43,103.61
1760.0,102.81,101.84,103.78
1780.0,102.30,101.20,103.39
1800.0,102.59,101.39,103.79
1820.0,102.83,101.85,103.81
1840.0,102.85,101.55,104.15
1860.0,102.20,101.09,103.32
1880.0,102.10,101.14,103.05
1900.0,101.77,100.61,102.92
1920.0,101.63,100.74,102.52
1940.0,102.13,101.07,103.19
1960.0,102.19,101.15,103.23
1980.0,102.36,101.35,103.36
2000.0,102.47,101.36,103.59
2020.0,101.72,100.68,102.75
2040.0,101.70,100.77,102.63
2060.0,101.67,100.70,102.64
2080.0,101.71,100.88,102.55
2100.0,102.13,101.09,103.18
2120.0,101.19,100.17,102.21
2140.0,102.35,101.29,103.40
2160.0,101.87,100.75,103.00
2180.0,101.93,100.81,103.05
2200.0,101.63,100.47,102.78
2220.0,101.61,100.57,102.64
2240.0,101.66,100.56,102.77
2260.0,102.30,101.26,103.34
2280.0,101.52,100.61,102.44
2300.0,101.91,100.99,102.82
2320.0,101.77,100.73,102.81
2340.0,101.68,100.60,102.76
2360.0,100.75,99.77,101.73
2380.0,101.04,100.03,102.06
2400.0,101.43,100.50,102.36
2420.0,101.32,100.40,102.25
2440.0,101.74,100.83,102.66
2460.0,102.25,101.18,103.33
2480.0,102.00,101.03,102.96
2500.0,101.71,100.63,102.80
2520.0,102.58,101.68,103.48
2540.0,101.34,100.27,102.40
2560.0,101.33,100.21,102.45
2580.0,101.25,100.22,102.27
2600.0,101.50,100.51,102.50
2620.0,102.30,101.35,103.25
2640.0,101.19,100.07,102.30
2660.0,101.12,100.03,102.20
2680.0,101.21,100.13,102.29
2700.0,100.90,99.75,102.06
2720.0,100.89,99.79,101.99
2740.0,100.92,99.76,102.09
2760.0,101.17,100.04,102.30
2780.0,100.79,99.86,101.73
2800.0,100.52,99.46,101.58
2820.0,100.94,99.85,102.03
2840.0,101.23,99.91,102.55
2860.0,100.85,99.86,101.83
2880.0,100.83,99.69,101.96
2900.0,101.44,100.31,102.57
2920.0,101.15,100.15,102.16
2940.0,101.31,100.09,102.52
2960.0,101.66,100.72,102.60
2980.0,101.17,100.07,102.28
3000.0,100.95,99.96,101.94
3020.0,101.20,100.31,102.08
3040.0,100.88,99.85,101.91
3060.0,101.01,99.96,102.06
3080.0,100.55,99.49,101.61
3100.0,101.30,100.27,102.33
3120.0,100.89,99.93,101.85
3140.0,101.23,100.05,102.41
3160.0,100.86,99.86,101.87
3180.0,100.68,99.66,101.70
3200.0,100.22,99.16,101.27
3220.0,100.80,99.80,101.79
3240.0,100.83,99.75,101.91
3260.0,100.99,99.86,102.13
3280.0,100.46,99.25,101.67
3300.0,100.18,99.08,101.27
3320.0,101.24,100.34,102.14
3340.0,100.96,99.76,102.15
3360.0,100.30,99.22,101.38
3380.0,100.47,99.57,101.36
3400.0,100.44,99.32,101.55
3420.0,99.93,98.91,100.95
3440.0,99.80,98.82,100.79
3460.0,99.82,98.70,100.94
3480.0,100.16,99.16,101.16
3500.0,100.44,99.47,101.42
3520.0,99.63,98.64,100.61
3540.0,99.37,98.34,100.39
3560.0,100.05,99.00,101.10
3580.0,100.13,99.08,101.18
3600.0,99.45,98.46,100.43
3620.0,99.88,98.83,100.94
3640.0,101.10,100.16,102.05
3660.0,99.72,98.70,100.75
3680.0,100.46,99.51,101.41
3700.0,100.66,99.59,101.72
3720.0,99.75,98.68,100.82
3740.0,100.07,99.09,101.05
3760.0,100.11,99.00,101.22
3780.0,100.02,99.14,100.91
3800.0,99.26,98.20,100.31
3820.0,99.86,98.85,100.87
3840.0,99.43,98.34,100.52
3860.0,99.02,97.95,100.08
3880.0,99.87,98.58,101.17
3900.0,99.27,98.16,100.37
3920.0,98.99,97.88,100.10
3940.0,99.58,98.63,100.53
3960.0,100.22,99.18,101.27
3980.0,99.68,98.51,100.84
4000.0,99.92,98.73,101.10
4020.0,100.63,99.64,101.61
4040.0,100.69,99.53,101.85
4060.0,99.98,98.87,101.09
4080.0,100.33,99.36,101.30
4100.0,100.44,99.55,101.33
4120.0,99.97,98.88,101.05
4140.0,99.88,98.79,100.98
4160.0,100.18,99.20,101.16
4180.0,99.94,98.87,101.01
4200.0,100.31,99.32,101.30
4220.0,99.61,98.55,100.66
4240.0,99.60,98.54,100.65
4260.0,99.91,98.86,100.96
4280.0,100.07,99.16,100.98
4300.0,99.30,98.38,100.21
4320.0,99.65,98.63,100.66
4340.0,100.22,99.22,101.22
4360.0,100.09,99.00,101.19
4380.0,99.31,98.36,100.25
4400.0,98.85,97.82,99.88
4420.0,100.43,99.31,101.55
4440.0,99.34,98.17,100.52
4460.0,99.31,98.22,100.41
4480.0,98.82,97.85,99.79
4500.0,99.13,98.25,100.01
4520.0,99.49,98.54,100.45
4540.0,99.41,98.40,100.41
4560.0,99.53,98.46,100.59
4580.0,99.44,98.58,100.30
4600.0,98.27,96.92,99.62
4620.0,99.16,98.16,100.16
4640.0,99.09,97.83,100.35
4660.0,99.08,98.13,100.02
4680.0,99.56,98.47,100.65
4700.0,99.31,98.37,100.24
4720.0,98.80,97.91,99.69
4740.0,99.26,98.21,100.31
4760.0,98.91,97.97,99.85
4780.0,99.29,98.14,100.43
4800.0,98.92,97.84,100.00
4820.0,98.90,98.03,99.78
4840.0,99.29,98.09,100.49
4860.0,99.09,97.91,100.27
4880.0,99.27,98.10,100.45
4900.0,98.68,97.70,99.66
4920.0,98.48,97.52,99.45
4940.0,99.30,98.28,100.32
4960.0,99.20,98.03,100.37
4980.0,98.58,97.63,99.52
5000.0,98.69,97.65,99.73
