trial,mean,ci_down,ci_up
0.0,55.41,51.18,59.63
20.0,123.14,118.01,128.27
40.0,198.63,192.70,204.57
60.0,281.49,274.99,287.99
80.0,367.10,359.92,374.29
100.0,454.86,447.09,462.62
120.0,545.07,536.71,553.42
140.0,637.32,628.43,646.21
160.0,731.58,722.39,740.76
180.0,826.32,816.96,835.68
200.0,922.37,913.04,931.70
220.0,1019.12,1009.25,1028.98
240.0,1116.93,1106.72,1127.13
260.0,1214.97,1204.60,1225.34
280.0,1313.14,1302.68,1323.60
300.0,1412.46,1401.69,1423.23
320.0,1512.31,1501.49,1523.13
340.0,1612.20,1601.54,1622.85
360.0,1712.27,1701.42,1723.11
380.0,1811.87,1800.81,1822.92
400.0,1912.89,1901.68,1924.10
420.0,2014.05,2002.76,2025.33
440.0,2114.84,2103.23,2126.45
460.0,2215.91,2204.12,2227.70
480.0,2318.15,2306.07,2330.24
500.0,2420.07,2407.74,2432.40
520.0,2521.67,2508.96,2534.39
540.0,2624.73,2612.09,2637.38
560.0,2726.56,2713.84,2739.28
580.0,2828.79,2815.82,2841.76
600.0,2932.07,2918.99,2945.15
620.0,3034.55,3021.42,3047.68
640.0,3136.46,3123.20,3149.72
660.0,3239.36,3225.74,3252.98
680.0,3342.06,3328.18,3355.95
700.0,3444.18,3430.06,3458.30
720.0,3547.43,3533.11,3561.75
740.0,3650.20,3635.75,3664.65
760.0,3753.42,3738.59,3768.24
780.0,3856.59,3841.46,3871.71
800.0,3960.36,3945.09,3975.64
820.0,4063.52,4048.11,4078.93
840.0,4165.75,4150.19,4181.31
860.0,4269.41,4253.53,4285.28
880.0,4371.51,4355.38,4387.63
900.0,4474.50,4458.19,4490.81
920.0,4578.19,4561.45,4594.93
940.0,4681.62,4664.63,4698.62
960.0,4784.33,4767.08,4801.57
980.0,4887.23,4869.86,4904.60
1000.0,4990.72,4973.22,5008.22
1020.0,5093.94,5076.37,5111.51
1040.0,5197.08,5179.22,5214.94
1060.0,5300.00,5281.90,5318.09
1080.0,5403.79,5385.32,5422.26
1100.0,5505.89,5487.14,5524.64
1120.0,5608.62,5589.56,5627.68
1140.0,5712.07,5692.49,5731.65
1160.0,5814.75,5794.92,5834.58
1180.0,5917.51,5897.56,5937.45
1200.0,6020.45,6000.13,6040.78
1220.0,6122.68,6102.30,6143.06
1240.0,6225.02,6204.38,6245.66
1260.0,6327.76,6306.75,6348.77
1280.0,6429.25,6407.95,6450.56
1300.0,6531.95,6510.40,6553.50
1320.0,6635.15,6613.17,6657.12
1340.0,6737.98,6715.85,6760.12
1360.0,6840.80,6818.49,6863.12
1380.0,6944.17,6921.58,6966.76
1400.0,7046.47,7023.48,7069.47
1420.0,7149.22,7125.86,7172.57
1440.0,7251.17,7227.50,7274.85
1460.0,7354.63,7330.63,7378.64
1480.0,7457.06,7432.63,7481.50
1500.0,7560.60,7535.92,7585.27
1520.0,7663.25,7638.36,7688.14
1540.0,7765.82,7740.55,7791.09
1560.0,7868.44,7842.92,7893.97
1580.0,7971.68,7945.67,7997.69
1600.0,8073.28,8047.00,8099.57
1620.0,8177.05,8150.21,8203.88
1640.0,8280.44,8253.23,8307.65
1660.0,8382.67,8355.08,8410.25
1680.0,8485.26,8457.34,8513.18
1700.0,8587.36,8559.03,8615.68
1720.0,8689.49,8660.87,8718.11
1740.0,8791.97,8763.01,8820.92
1760.0,8894.15,8864.85,8923.45
1780.0,8996.45,8966.74,9026.16
1800.0,9097.90,9067.75,9128.04
1820.0,9199.48,9169.04,9229.91
1840.0,9301.27,9270.33,9332.22
1860.0,9403.23,9371.91,9434.55
1880.0,9504.19,9472.53,9535.85
1900.0,9604.89,9572.85,9636.94
1920.0,9707.43,9674.97,9739.89
1940.0,9809.25,9776.39,9842.12
1960.0,9911.29,9878.02,9944.55
1980.0,10012.17,9978.48,10045.85
2000.0,10113.08,10078.90,10147.27
2020.0,10214.50,10179.83,10249.17
2040.0,10315.79,10280.71,10350.88
2060.0,10416.43,10380.92,10451.94
2080.0,10517.45,10481.46,10553.44
2100.0,10618.61,10582.09,10655.13
2120.0,10719.19,10682.27,10756.11
2140.0,10820.64,10783.40,10857.88
2160.0,10922.27,10884.62,10959.92
2180.0,11024.24,10986.01,11062.46
2200.0,11125.31,11086.70,11163.92
2220.0,11227.00,11188.01,11265.99
2240.0,11328.91,11289.56,11368.25
2260.0,11430.43,11390.56,11470.29
2280.0,11531.69,11491.43,11571.96
2300.0,11633.50,11592.98,11674.02
2320.0,11734.77,11693.90,11775.64
2340.0,11836.50,11795.40,11877.60
2360.0,11938.44,11897.00,11979.89
2380.0,12039.45,11997.58,12081.32
2400.0,12140.94,12098.48,12183.40
2420.0,12241.69,12198.77,12284.61
2440.0,12342.82,12299.58,12386.07
2460.0,12444.21,12400.59,12487.83
2480.0,12545.53,12501.68,12589.38
2500.0,12646.73,12602.68,12690.79
2520.0,12747.95,12703.44,12792.46
2540.0,12849.69,12804.77,12894.62
2560.0,12950.63,12905.53,12995.73
2580.0,13052.01,13006.51,13097.51
2600.0,13152.51,13106.59,13198.42
2620.0,13253.41,13207.07,13299.76
2640.0,13354.25,13307.42,13401.09
2660.0,13455.11,13407.62,13502.59
2680.0,13555.62,13507.59,13603.64
2700.0,13656.39,13608.03,13704.75
2720.0,13757.04,13708.26,13805.83
2740.0,13858.21,13809.02,13907.39
2760.0,13958.57,13909.10,14008.05
2780.0,14059.87,14009.96,14109.78
2800.0,14159.92,14109.57,14210.27
2820.0,14260.60,14209.83,14311.36
2840.0,14361.88,14310.68,14413.07
2860.0,14462.90,14411.38,14514.43
2880.0,14564.47,14512.47,14616.46
2900.0,14664.60,14612.03,14717.16
2920.0,14764.91,14711.82,14817.99
2940.0,14865.72,14812.23,14919.20
2960.0,14966.32,14912.44,15020.19
2980.0,15067.40,15013.05,15121.75
3000.0,15167.86,15113.10,15222.61
3020.0,15268.37,15213.13,15323.60
3040.0,15369.71,15314.19,15425.22
3060.0,15469.98,15414.15,15525.80
3080.0,15570.96,15514.78,15627.14
3100.0,15671.56,15614.91,15728.22
3120.0,15772.35,15715.21,15829.48
3140.0,15873.26,15815.54,15930.99
3160.0,15974.07,15916.00,16032.15
3180.0,16074.59,16016.01,16133.17
3200.0,16175.03,16116.03,16234.02
3220.0,16275.21,16215.78,16334.63
3240.0,16375.92,16316.02,16435.82
3260.0,16476.06,16415.54,16536.58
3280.0,16576.25,16515.35,16637.15
3300.0,16676.37,16614.91,16737.83
3320.0,16776.67,16714.79,16838.56
3340.0,16876.55,16814.22,16938.89
3360.0,16976.98,16914.05,17039.91
3380.0,17076.59,17013.26,17139.92
3400.0,17176.41,17112.56,17240.27
3420.0,17276.36,17212.12,17340.59
3440.0,17376.28,17311.57,17440.99
3460.0,17475.66,17410.58,17540.75
3480.0,17575.02,17509.34,17640.70
3500.0,17674.84,17608.56,17741.13
3520.0,17775.00,17708.32,17841.69
3540.0,17875.08,17807.94,17942.23
3560.0,17974.80,17907.14,18042.47
3580.0,18074.32,18006.06,18142.58
3600.0,18173.86,18105.10,18242.62
3620.0,18273.97,18204.81,18343.12
3640.0,18374.15,18304.45,18443.86
3660.0,18474.32,18404.04,18544.59
3680.0,18574.22,18503.39,18645.04
3700.0,18674.17,18602.90,18745.44
3720.0,18773.98,18702.30,18845.66
3740.0,18874.00,18801.74,18946.26
3760.0,18974.19,18901.38,19047.00
3780.0,19074.57,19001.22,19147.92
3800.0,19174.45,19100.57,19248.32
3820.0,19274.14,19199.86,19348.42
3840.0,19373.66,19298.84,19448.48
3860.0,19472.96,19397.51,19548.41
3880.0,19572.57,19496.72,19648.43
3900.0,19672.03,19595.67,19748.38
3920.0,19772.02,19695.27,19848.78
3940.0,19872.16,19794.78,19949.54
3960.0,19971.20,19893.34,20049.07
3980.0,20070.96,19992.53,20149.39
4000.0,20170.53,20091.77,20249.29
4020.0,20269.75,20190.54,20348.96
4040.0,20368.93,20289.40,20448.46
4060.0,20468.80,20388.86,20548.74
4080.0,20567.48,20487.10,20647.86
4100.0,20667.40,20586.56,20748.24
4120.0,20767.57,20686.24,20848.90
4140.0,20866.58,20784.87,20948.29
4160.0,20965.69,20883.55,21047.84
4180.0,21065.13,20982.68,21147.59
4200.0,21164.08,21081.02,21247.14
4220.0,21263.13,21179.74,21346.52
4240.0,21362.01,21278.18,21445.84
4260.0,21460.93,21376.58,21545.27
4280.0,21560.58,21475.92,21645.23
4300.0,21660.00,21574.80,21745.19
4320.0,21759.10,21673.40,21844.80
4340.0,21858.53,21772.28,21944.78
4360.0,21957.27,21870.68,22043.86
4380.0,22055.76,21968.76,22142.75
4400.0,22154.55,22067.07,22242.04
4420.0,22253.03,22164.90,22341.16
4440.0,22351.58,22263.01,22440.16
4460.0,22450.35,22361.31,22539.39
4480.0,22549.31,22459.78,22638.84
4500.0,22647.77,22557.59,22737.95
4520.0,22747.14,22656.46,22837.82
4540.0,22846.06,22754.89,22937.22
4560.0,22944.54,22852.73,23036.36
4580.0,23043.06,22950.59,23135.52
4600.0,23141.67,23048.73,23234.61
4620.0,23240.06,23146.57,23333.55
4640.0,23337.71,23243.76,23431.67
4660.0,23436.12,23341.62,23530.61
4680.0,23533.78,23438.83,23628.73
4700.0,23631.57,23536.12,23727.02
4720.0,23729.74,23633.59,23825.89
4740.0,23827.73,23731.11,23924.35
4760.0,23925.95,23828.69,24023.21
4780.0,24024.60,23926.81,24122.38
4800.0,24122.71,24024.29,24221.13
4820.0,24220.64,24121.69,24319.59
4840.0,24318.46,24218.91,24418.02
4860.0,24416.61,24316.55,24516.66
4880.0,24514.61,24414.03,24615.19
4900.0,24613.07,24512.11,24714.04
4920.0,24710.97,24609.36,24812.59
4940.0,24808.82,24706.79,24910.85
4960.0,24907.05,24804.47,25009.63
4980.0,25005.04,24901.96,25108.13
5000.0,25102.66,24999.17,25206.14
