trial,mean,ci_down,ci_up
0.0,2.94,2.49,3.39
20.0,8.72,8.01,9.43
40.0,15.80,14.76,16.84
60.0,24.78,23.35,26.21
80.0,35.80,33.93,37.67
100.0,48.44,46.47,50.41
120.0,62.28,59.75,64.81
140.0,76.36,73.27,79.45
160.0,93.62,90.06,97.18
180.0,112.42,108.32,116.52
200.0,131.26,126.67,135.85
220.0,152.04,146.95,157.13
240.0,173.98,168.39,179.57
260.0,196.86,190.47,203.25
280.0,221.72,214.81,228.63
300.0,247.96,240.45,255.47
320.0,276.72,269.05,284.39
340.0,305.70,297.43,313.97
360.0,333.18,324.35,342.01
380.0,364.52,355.05,373.99
400.0,396.34,386.26,406.42
420.0,428.12,417.65,438.59
440.0,462.46,451.00,473.92
460.0,495.42,483.19,507.65
480.0,529.14,515.97,542.31
500.0,565.74,551.68,579.80
520.0,602.10,587.15,617.05
540.0,638.90,623.30,654.50
560.0,676.76,660.78,692.74
580.0,715.04,698.38,731.70
600.0,755.20,737.48,772.92
620.0,796.24,777.52,814.96
640.0,836.92,817.50,856.34
660.0,879.24,858.76,899.72
680.0,920.56,899.67,941.45
700.0,963.94,942.41,985.47
720.0,1005.04,982.87,1027.21
740.0,1047.10,1024.06,1070.14
760.0,1090.48,1066.69,1114.27
780.0,1134.52,1110.21,1158.83
800.0,1180.40,1155.28,1205.52
820.0,1225.86,1200.25,1251.47
840.0,1271.32,1245.29,1297.35
860.0,1316.88,1290.30,1343.46
880.0,1363.96,1336.82,1391.10
900.0,1410.76,1383.38,1438.14
920.0,1457.82,1429.72,1485.92
940.0,1505.92,1476.90,1534.94
960.0,1553.04,1523.15,1582.93
980.0,1603.00,1572.30,1633.70
1000.0,1652.72,1621.37,1684.07
1020.0,1702.66,1670.22,1735.10
1040.0,1753.56,1720.38,1786.74
1060.0,1804.16,1770.13,1838.19
1080.0,1854.70,1820.07,1889.33
1100.0,1907.54,1872.52,1942.56
1120.0,1960.64,1925.13,1996.15
1140.0,2013.86,1977.76,2049.96
1160.0,2066.68,2030.12,2103.24
1180.0,2119.44,2082.30,2156.58
1200.0,2173.08,2135.45,2210.71
1220.0,2225.60,2187.62,2263.58
1240.0,2281.10,2242.37,2319.83
1260.0,2335.20,2295.84,2374.56
1280.0,2390.36,2350.34,2430.38
1300.0,2445.04,2404.22,2485.86
1320.0,2501.52,2460.05,2542.99
1340.0,2558.04,2515.72,2600.36
1360.0,2614.34,2571.10,2657.58
1380.0,2670.90,2627.06,2714.74
1400.0,2727.74,2683.07,2772.41
1420.0,2785.58,2739.86,2831.30
1440.0,2841.20,2794.64,2887.76
1460.0,2898.18,2850.52,2945.84
1480.0,2954.74,2906.26,3003.22
1500.0,3013.12,2964.03,3062.21
1520.0,3070.90,3021.27,3120.53
1540.0,3129.66,3079.25,3180.07
1560.0,3188.96,3137.68,3240.24
1580.0,3247.96,3195.94,3299.98
1600.0,3305.66,3253.01,3358.31
1620.0,3365.28,3312.24,3418.32
1640.0,3423.74,3370.03,3477.45
1660.0,3482.48,3427.91,3537.05
1680.0,3542.48,3487.15,3597.81
1700.0,3602.12,3546.00,3658.24
1720.0,3662.88,3606.03,3719.73
1740.0,3723.68,3666.25,3781.11
1760.0,3783.24,3724.92,3841.56
1780.0,3843.12,3784.18,3902.06
1800.0,3903.20,3843.44,3962.96
1820.0,3964.68,3904.32,4025.04
1840.0,4025.78,3964.54,4087.02
1860.0,4086.76,4024.79,4148.73
1880.0,4147.72,4085.07,4210.37
1900.0,4209.20,4146.09,4272.31
1920.0,4270.02,4206.44,4333.60
1940.0,4332.12,4267.79,4396.45
1960.0,4393.74,4328.76,4458.72
1980.0,4455.66,4389.67,4521.65
2000.0,4518.60,4451.76,4585.44
2020.0,4581.16,4513.59,4648.73
2040.0,4643.76,4575.24,4712.28
2060.0,4705.96,4636.49,4775.43
2080.0,4768.02,4697.49,4838.55
2100.0,4830.28,4758.89,4901.67
2120.0,4893.74,4821.51,4965.97
2140.0,4956.94,4884.17,5029.71
2160.0,5019.66,4945.94,5093.38
2180.0,5081.94,5007.31,5156.57
2200.0,5145.10,5069.66,5220.54
2220.0,5206.62,5130.06,5283.18
2240.0,5269.38,5192.38,5346.38
2260.0,5332.74,5255.05,5410.43
2280.0,5395.02,5316.59,5473.45
2300.0,5458.14,5378.97,5537.31
2320.0,5521.36,5441.50,5601.22
2340.0,5585.48,5505.03,5665.93
2360.0,5648.38,5566.94,5729.82
2380.0,5711.72,5629.67,5793.77
2400.0,5775.32,5692.36,5858.28
2420.0,5837.16,5753.23,5921.09
2440.0,5900.16,5815.23,5985.09
2460.0,5964.22,5878.24,6050.20
2480.0,6028.78,5941.82,6115.74
2500.0,6094.18,6006.38,6181.98
2520.0,6158.16,6069.95,6246.37
2540.0,6223.28,6134.23,6312.33
2560.0,6287.72,6197.82,6377.62
2580.0,6351.48,6260.90,6442.06
2600.0,6415.30,6323.71,6506.89
2620.0,6480.74,6387.99,6573.49
2640.0,6545.72,6451.95,6639.49
2660.0,6611.00,6516.17,6705.83
2680.0,6676.70,6581.00,6772.40
2700.0,6741.32,6644.74,6837.90
2720.0,6805.92,6708.94,6902.90
2740.0,6871.24,6774.08,6968.40
2760.0,6937.68,6839.73,7035.63
2780.0,7004.24,6905.70,7102.78
2800.0,7069.56,6970.63,7168.49
2820.0,7135.38,7035.89,7234.87
2840.0,7201.46,7101.23,7301.69
2860.0,7268.54,7167.67,7369.41
2880.0,7335.26,7233.64,7436.88
2900.0,7401.96,7299.76,7504.16
2920.0,7468.36,7365.33,7571.39
2940.0,7533.14,7429.50,7636.78
2960.0,7599.54,7495.20,7703.88
2980.0,7666.58,7561.67,7771.49
3000.0,7733.80,7628.41,7839.19
3020.0,7800.90,7695.08,7906.72
3040.0,7868.58,7762.26,7974.90
3060.0,7935.90,7829.11,8042.69
3080.0,8002.72,7895.58,8109.86
3100.0,8070.16,7962.58,8177.74
3120.0,8136.64,8028.61,8244.67
3140.0,8204.00,8095.77,8312.23
3160.0,8271.60,8162.62,8380.58
3180.0,8339.00,8229.46,8448.54
3200.0,8407.02,8296.90,8517.14
3220.0,8474.34,8363.62,8585.06
3240.0,8543.04,8431.91,8654.17
3260.0,8610.84,8499.12,8722.56
3280.0,8679.02,8566.58,8791.46
3300.0,8747.08,8634.03,8860.13
3320.0,8817.06,8703.37,8930.75
3340.0,8885.08,8770.99,8999.17
3360.0,8954.30,8839.72,9068.88
3380.0,9024.30,8909.19,9139.41
3400.0,9093.00,8977.42,9208.58
3420.0,9162.22,9046.25,9278.19
3440.0,9231.90,9115.46,9348.34
3460.0,9300.94,9183.97,9417.91
3480.0,9369.56,9251.72,9487.40
3500.0,9439.46,9320.94,9557.98
3520.0,9508.68,9389.66,9627.70
3540.0,9579.56,9459.97,9699.15
3560.0,9647.86,9527.93,9767.79
3580.0,9716.72,9596.36,9837.08
3600.0,9786.58,9665.54,9907.62
3620.0,9855.74,9734.15,9977.33
3640.0,9925.40,9803.27,10047.53
3660.0,9994.60,9871.75,10117.45
3680.0,10063.84,9940.56,10187.12
3700.0,10132.54,10008.96,10256.12
3720.0,10202.74,10078.81,10326.67
3740.0,10272.58,10148.17,10396.99
3760.0,10342.00,10217.00,10467.00
3780.0,10410.54,10285.06,10536.02
3800.0,10479.64,10353.63,10605.65
3820.0,10547.94,10421.25,10674.63
3840.0,10616.18,10489.01,10743.35
3860.0,10687.40,10559.69,10815.11
3880.0,10757.72,10629.60,10885.84
3900.0,10826.32,10697.56,10955.08
3920.0,10896.46,10767.22,11025.70
3940.0,10966.70,10836.91,11096.49
3960.0,11037.16,10906.65,11167.67
3980.0,11107.34,10976.49,11238.19
4000.0,11178.16,11046.86,11309.46
4020.0,11245.82,11114.35,11377.29
4040.0,11315.58,11183.55,11447.61
4060.0,11386.06,11253.91,11518.21
4080.0,11456.36,11323.95,11588.77
4100.0,11527.08,11394.31,11659.85
4120.0,11598.12,11464.98,11731.26
4140.0,11668.88,11535.64,11802.12
4160.0,11738.88,11605.40,11872.36
4180.0,11810.18,11676.30,11944.06
4200.0,11880.66,11746.10,12015.22
4220.0,11951.48,11816.45,12086.51
4240.0,12023.74,11888.47,12159.01
4260.0,12096.52,11961.04,12232.00
4280.0,12167.60,12031.89,12303.31
4300.0,12239.84,12103.70,12375.98
4320.0,12311.04,12174.51,12447.57
4340.0,12382.74,12245.46,12520.02
4360.0,12454.18,12316.71,12591.65
4380.0,12526.62,12389.02,12664.22
4400.0,12598.26,12459.99,12736.53
4420.0,12669.72,12530.97,12808.47
4440.0,12740.92,12601.63,12880.21
4460.0,12812.56,12672.73,12952.39
4480.0,12885.26,12745.01,13025.51
4500.0,12955.78,12815.08,13096.48
4520.0,13027.76,12886.85,13168.67
4540.0,13099.46,12958.20,13240.72
4560.0,13171.84,13030.09,13313.59
4580.0,13244.92,13102.81,13387.03
4600.0,13316.62,13174.09,13459.15
4620.0,13390.04,13247.10,13532.98
4640.0,13461.10,13317.46,13604.74
4660.0,13531.58,13387.25,13675.91
4680.0,13602.44,13457.26,13747.62
4700.0,13674.32,13528.58,13820.06
4720.0,13746.88,13600.42,13893.34
4740.0,13818.52,13671.37,13965.67
4760.0,13892.08,13744.11,14040.05
4780.0,13964.42,13815.93,14112.91
4800.0,14037.52,13888.29,14186.75
4820.0,14110.80,13961.02,14260.58
4840.0,14182.78,14032.47,14333.09
4860.0,14255.00,14104.16,14405.84
4880.0,14326.84,14175.45,14478.23
4900.0,14399.74,14247.93,14551.55
4920.0,14472.54,14320.15,14624.93
4940.0,14544.80,14392.01,14697.59
4960.0,14617.52,14464.33,14770.71
4980.0,14691.72,14538.23,14845.21
5000.0,14762.90,14609.30,14916.50
