trial,mean,ci_down,ci_up
0.0,0.00,0.00,0.00
20.0,13.65,13.06,14.24
40.0,37.55,36.23,38.87
60.0,69.81,67.76,71.86
80.0,109.30,106.59,112.01
100.0,154.97,151.55,158.40
120.0,206.24,202.05,210.43
140.0,262.69,257.74,267.65
160.0,325.06,319.31,330.81
180.0,393.18,386.60,399.76
200.0,466.69,459.34,474.03
220.0,545.15,536.90,553.40
240.0,628.95,619.81,638.10
260.0,716.89,706.92,726.86
280.0,808.67,797.84,819.50
300.0,904.18,892.52,915.83
320.0,1003.67,991.14,1016.19
340.0,1107.25,1093.90,1120.59
360.0,1214.73,1200.51,1228.94
380.0,1325.90,1310.85,1340.95
400.0,1440.71,1424.73,1456.69
420.0,1559.43,1542.49,1576.36
440.0,1681.92,1664.04,1699.80
460.0,1808.11,1789.25,1826.96
480.0,1937.60,1917.78,1957.42
500.0,2070.04,2049.26,2090.82
520.0,2205.31,2183.56,2227.05
540.0,2343.85,2321.11,2366.58
560.0,2485.33,2461.53,2509.13
580.0,2629.70,2604.88,2654.53
600.0,2776.95,2751.07,2802.82
620.0,2926.60,2899.66,2953.55
640.0,3079.18,3051.07,3107.28
660.0,3233.94,3204.66,3263.23
680.0,3391.35,3360.81,3421.90
700.0,3551.54,3519.68,3583.41
720.0,3714.35,3681.19,3747.51
740.0,3879.50,3844.98,3914.02
760.0,4046.98,4011.10,4082.86
780.0,4216.54,4179.25,4253.83
800.0,4388.34,4349.55,4427.12
820.0,4562.44,4522.16,4602.71
840.0,4738.78,4697.02,4780.55
860.0,4917.51,4874.26,4960.76
880.0,5098.74,5053.95,5143.53
900.0,5282.21,5235.89,5328.54
920.0,5468.05,5420.14,5515.95
940.0,5656.14,5606.64,5705.65
960.0,5846.37,5795.28,5897.46
980.0,6038.54,5985.81,6091.27
1000.0,6232.52,6178.14,6286.90
1020.0,6428.46,6372.43,6484.50
1040.0,6626.28,6568.50,6684.07
1060.0,6825.85,6766.26,6885.43
1080.0,7027.41,6965.99,7088.83
1100.0,7230.75,7167.44,7294.05
1120.0,7436.16,7370.97,7501.35
1140.0,7643.53,7576.40,7710.67
1160.0,7852.71,7783.63,7921.80
1180.0,8063.64,7992.55,8134.73
1200.0,8276.37,8203.26,8349.49
1220.0,8490.75,8415.61,8565.90
1240.0,8706.91,8629.76,8784.06
1260.0,8924.83,8845.65,9004.01
1280.0,9144.59,9063.33,9225.84
1300.0,9366.29,9282.89,9449.70
1320.0,9589.77,9504.20,9675.33
1340.0,9815.25,9727.56,9902.94
1360.0,10042.35,9952.54,10132.17
1380.0,10271.03,10179.11,10362.95
1400.0,10501.40,10407.39,10595.42
1420.0,10733.17,10637.05,10829.30
1440.0,10966.64,10868.46,11064.81
1460.0,11201.58,11101.35,11301.81
1480.0,11437.81,11335.50,11540.12
1500.0,11675.33,11570.94,11779.73
1520.0,11914.07,11807.59,12020.54
1540.0,12154.14,12045.60,12262.68
1560.0,12395.40,12284.81,12506.00
1580.0,12637.91,12525.23,12750.60
1600.0,12881.79,12767.00,12996.59
1620.0,13127.09,13010.15,13244.02
1640.0,13373.71,13254.63,13492.79
1660.0,13621.65,13500.43,13742.88
1680.0,13870.99,13747.66,13994.32
1700.0,14121.65,13996.23,14247.07
1720.0,14373.61,14246.09,14501.12
1740.0,14626.75,14497.14,14756.36
1760.0,14881.17,14749.45,15012.90
1780.0,15137.03,15003.14,15270.92
1800.0,15394.20,15258.18,15530.23
1820.0,15652.61,15514.45,15790.78
1840.0,15912.47,15772.14,16052.79
1860.0,16173.39,16030.88,16315.89
1880.0,16435.51,16290.87,16580.16
1900.0,16698.79,16552.01,16845.58
1920.0,16963.23,16814.28,17112.19
1940.0,17228.96,17077.85,17380.07
1960.0,17495.95,17342.69,17649.22
1980.0,17764.38,17608.99,17919.77
2000.0,18033.94,17876.44,18191.44
2020.0,18304.77,18145.13,18464.42
2040.0,18576.75,18414.98,18738.51
2060.0,18850.07,18686.17,19013.97
2080.0,19124.58,18958.55,19290.62
2100.0,19400.15,19231.98,19568.31
2120.0,19677.02,19506.68,19847.36
2140.0,19955.21,19782.69,20127.73
2160.0,20234.59,20059.82,20409.35
2180.0,20515.31,20338.30,20692.32
2200.0,20797.52,20618.25,20976.78
2220.0,21080.92,20899.43,21262.41
2240.0,21365.63,21181.98,21549.28
2260.0,21651.41,21465.61,21837.21
2280.0,21938.35,21750.41,22126.29
2300.0,22226.38,22036.30,22416.47
2320.0,22515.70,22323.44,22707.97
2340.0,22805.88,22611.44,23000.32
2360.0,23097.17,22900.53,23293.80
2380.0,23389.53,23190.71,23588.35
2400.0,23683.11,23482.08,23884.14
2420.0,23977.73,23774.46,24181.00
2440.0,24273.34,24067.81,24478.86
2460.0,24569.90,24362.11,24777.69
2480.0,24867.55,24657.51,25077.59
2500.0,25166.15,24953.84,25378.46
2520.0,25465.90,25251.28,25680.52
2540.0,25766.54,25549.59,25983.50
2560.0,26068.19,25848.88,26287.50
2580.0,26370.71,26149.00,26592.42
2600.0,26674.15,26450.02,26898.28
2620.0,26978.34,26751.77,27204.92
2640.0,27283.47,27054.43,27512.51
2660.0,27589.58,27358.08,27821.08
2680.0,27896.62,27662.66,28130.58
2700.0,28204.50,27968.01,28440.98
2720.0,28513.23,28274.22,28752.24
2740.0,28822.80,28581.27,29064.34
2760.0,29133.33,28889.25,29377.41
2780.0,29444.75,29198.13,29691.37
2800.0,29757.00,29507.83,30006.17
2820.0,30070.42,29818.67,30322.18
2840.0,30384.75,30130.43,30639.08
2860.0,30699.83,30442.94,30956.72
2880.0,31015.76,30756.32,31275.20
2900.0,31332.55,31070.58,31594.51
2920.0,31650.21,31385.72,31914.69
2940.0,31968.67,31701.70,32235.63
2960.0,32288.07,32018.64,32557.51
2980.0,32608.45,32336.54,32880.37
3000.0,32929.62,32655.20,33204.04
3020.0,33251.69,32974.77,33528.61
3040.0,33574.57,33295.16,33853.98
3060.0,33898.27,33616.37,34180.17
3080.0,34222.70,33938.32,34507.08
3100.0,34547.80,34260.96,34834.64
3120.0,34873.74,34584.44,35163.04
3140.0,35200.53,34908.75,35492.32
3160.0,35528.13,35233.83,35822.43
3180.0,35856.62,35559.79,36153.45
3200.0,36185.90,35886.50,36485.31
3220.0,36515.89,36213.92,36817.87
3240.0,36846.89,36542.39,37151.40
3260.0,37178.93,36871.88,37485.98
3280.0,37511.73,37202.13,37821.33
3300.0,37845.26,37533.13,38157.39
3320.0,38179.79,37865.12,38494.46
3340.0,38515.19,38198.02,38832.36
3360.0,38851.31,38531.63,39170.98
3380.0,39188.26,38866.06,39510.46
3400.0,39525.95,39201.22,39850.68
3420.0,39864.32,39537.06,40191.57
3440.0,40203.44,39873.61,40533.26
3460.0,40543.32,40210.94,40875.71
3480.0,40884.02,40549.06,41218.97
3500.0,41225.42,40887.87,41562.97
3520.0,41567.60,41227.45,41907.75
3540.0,41910.49,41567.71,42253.26
3560.0,42254.01,41908.63,42599.40
3580.0,42598.35,42250.36,42946.34
3600.0,42943.62,42593.00,43294.24
3620.0,43289.76,42936.49,43643.02
3640.0,43636.59,43280.68,43992.50
3660.0,43984.24,43625.70,44342.79
3680.0,44332.63,43971.47,44693.78
3700.0,44681.96,44318.17,45045.74
3720.0,45032.01,44665.63,45398.39
3740.0,45382.82,45013.86,45751.77
3760.0,45734.37,45362.85,46105.89
3780.0,46086.73,45712.61,46460.84
3800.0,46439.86,46063.14,46816.57
3820.0,46793.71,46414.36,47173.06
3840.0,47148.32,46766.31,47530.32
3860.0,47503.70,47119.04,47888.35
3880.0,47859.74,47472.43,48247.05
3900.0,48216.45,47826.46,48606.45
3920.0,48573.81,48181.14,48966.49
3940.0,48932.04,48536.68,49327.40
3960.0,49290.91,48892.87,49688.94
3980.0,49650.67,49249.93,50051.41
4000.0,50011.01,49607.56,50414.47
4020.0,50372.11,49965.94,50778.28
4040.0,50734.01,50325.11,51142.92
4060.0,51096.59,50684.92,51508.27
4080.0,51459.95,51045.49,51874.40
4100.0,51824.03,51406.77,52241.29
4120.0,52188.82,51768.73,52608.91
4140.0,52554.37,52131.45,52977.28
4160.0,52920.66,52494.91,53346.41
4180.0,53287.68,52859.10,53716.26
4200.0,53655.47,53224.03,54086.90
4220.0,54023.88,53589.60,54458.16
4240.0,54393.15,53956.04,54830.25
4260.0,54763.07,54323.14,55203.00
4280.0,55133.75,54691.01,55576.50
4300.0,55505.17,55059.57,55950.76
4320.0,55877.24,55428.78,56325.70
4340.0,56249.87,55798.55,56701.18
4360.0,56623.31,56169.12,57077.50
4380.0,56997.33,56540.24,57454.41
4400.0,57372.09,56912.11,57832.08
4420.0,57747.43,57284.53,58210.32
4440.0,58123.59,57657.77,58589.42
4460.0,58500.37,58031.60,58969.14
4480.0,58877.72,58405.99,59349.46
4500.0,59255.68,58780.96,59730.40
4520.0,59634.22,59156.52,60111.92
4540.0,60013.37,59532.68,60494.05
4560.0,60393.17,59909.57,60876.77
4580.0,60773.61,60287.08,61260.14
4600.0,61154.58,60665.12,61644.04
4620.0,61535.98,61043.58,62028.37
4640.0,61918.12,61422.78,62413.45
4660.0,62300.89,61802.59,62799.19
4680.0,62684.17,62182.90,63185.43
4700.0,63068.05,62563.81,63572.29
4720.0,63452.69,62945.44,63959.94
4740.0,63837.91,63327.67,64348.15
4760.0,64223.69,63710.44,64736.94
4780.0,64610.05,64093.80,65126.30
4800.0,64997.06,64477.81,65516.30
4820.0,65384.51,64862.26,65906.77
4840.0,65772.46,65247.17,66297.74
4860.0,66160.89,65632.57,66689.21
4880.0,66549.78,66018.45,67081.12
4900.0,66939.22,66404.88,67473.57
4920.0,67329.22,66791.80,67866.64
4940.0,67719.86,67179.34,68260.37
4960.0,68111.01,67567.40,68654.62
4980.0,68502.73,67956.04,69049.41
5000.0,68894.94,68345.17,69444.71
