trial,mean,ci_down,ci_up
0.0,0.00,0.00,0.00
20.0,13.65,13.06,14.24
40.0,23.89,23.09,24.69
60.0,32.26,31.47,33.05
80.0,39.49,38.75,40.24
100.0,45.67,44.87,46.48
120.0,51.27,50.41,52.12
140.0,56.45,55.57,57.34
160.0,62.37,61.45,63.29
180.0,68.12,67.13,69.11
200.0,73.51,72.55,74.47
220.0,78.46,77.41,79.51
240.0,83.81,82.77,84.85
260.0,87.94,86.90,88.98
280.0,91.78,90.69,92.87
300.0,95.51,94.43,96.58
320.0,99.49,98.38,100.60
340.0,103.58,102.47,104.69
360.0,107.48,106.32,108.64
380.0,111.17,110.02,112.33
400.0,114.81,113.60,116.03
420.0,118.71,117.47,119.95
440.0,122.49,121.25,123.74
460.0,126.19,124.93,127.44
480.0,129.49,128.19,130.80
500.0,132.44,131.14,133.74
520.0,135.27,133.95,136.58
540.0,138.54,137.18,139.90
560.0,141.49,140.07,142.90
580.0,144.37,142.99,145.76
600.0,147.24,145.89,148.59
620.0,149.66,148.28,151.03
640.0,152.57,151.12,154.03
660.0,154.77,153.27,156.27
680.0,157.41,155.83,158.98
700.0,160.19,158.58,161.81
720.0,162.81,161.22,164.39
740.0,165.15,163.48,166.81
760.0,167.48,165.77,169.19
780.0,169.56,167.84,171.28
800.0,171.80,170.00,173.60
820.0,174.10,172.33,175.87
840.0,176.35,174.57,178.13
860.0,178.73,176.94,180.52
880.0,181.23,179.36,183.10
900.0,183.47,181.63,185.31
920.0,185.83,183.98,187.69
940.0,188.10,186.22,189.98
960.0,190.23,188.37,192.08
980.0,192.17,190.26,194.07
1000.0,193.98,192.08,195.88
1020.0,195.95,194.03,197.86
1040.0,197.82,195.81,199.83
1060.0,199.56,197.53,201.60
1080.0,201.57,199.48,203.65
1100.0,203.33,201.21,205.45
1120.0,205.41,203.30,207.53
1140.0,207.37,205.24,209.50
1160.0,209.18,207.04,211.32
1180.0,210.93,208.72,213.13
1200.0,212.73,210.53,214.94
1220.0,214.38,212.17,216.59
1240.0,216.15,213.97,218.34
1260.0,217.93,215.71,220.14
1280.0,219.75,217.46,222.04
1300.0,221.71,219.36,224.05
1320.0,223.47,221.10,225.84
1340.0,225.48,223.15,227.80
1360.0,227.11,224.77,229.45
1380.0,228.67,226.36,230.99
1400.0,230.37,228.07,232.68
1420.0,231.77,229.44,234.10
1440.0,233.46,231.20,235.72
1460.0,234.95,232.69,237.20
1480.0,236.23,233.94,238.51
1500.0,237.53,235.23,239.82
1520.0,238.73,236.43,241.04
1540.0,240.07,237.80,242.34
1560.0,241.26,239.02,243.50
1580.0,242.51,240.22,244.80
1600.0,243.88,241.59,246.17
1620.0,245.29,242.99,247.60
1640.0,246.63,244.31,248.94
1660.0,247.94,245.63,250.25
1680.0,249.33,247.05,251.61
1700.0,250.66,248.38,252.94
1720.0,251.96,249.66,254.26
1740.0,253.14,250.83,255.45
1760.0,254.43,252.09,256.76
1780.0,255.85,253.48,258.23
1800.0,257.17,254.84,259.51
1820.0,258.41,256.06,260.76
1840.0,259.85,257.49,262.21
1860.0,260.92,258.54,263.30
1880.0,262.13,259.78,264.48
1900.0,263.28,260.93,265.63
1920.0,264.44,262.07,266.81
1940.0,265.73,263.38,268.07
1960.0,266.99,264.65,269.34
1980.0,268.43,266.10,270.76
2000.0,269.56,267.24,271.88
2020.0,270.83,268.48,273.19
2040.0,271.97,269.62,274.32
2060.0,273.33,270.95,275.71
2080.0,274.51,272.13,276.89
2100.0,275.56,273.16,277.96
2120.0,276.87,274.44,279.31
2140.0,278.19,275.75,280.64
2160.0,279.37,276.87,281.87
2180.0,280.73,278.21,283.24
2200.0,282.21,279.66,284.75
2220.0,283.40,280.87,285.93
2240.0,284.71,282.23,287.20
2260.0,285.78,283.30,288.26
2280.0,286.94,284.49,289.39
2300.0,288.03,285.56,290.51
2320.0,289.32,286.81,291.83
2340.0,290.17,287.66,292.69
2360.0,291.29,288.75,293.84
2380.0,292.36,289.80,294.92
2400.0,293.58,291.01,296.15
2420.0,294.62,292.03,297.21
2440.0,295.61,293.01,298.21
2460.0,296.56,293.96,299.16
2480.0,297.65,295.05,300.25
2500.0,298.60,295.99,301.21
2520.0,299.75,297.09,302.40
2540.0,300.65,297.96,303.33
2560.0,301.65,298.97,304.33
2580.0,302.52,299.78,305.26
2600.0,303.44,300.68,306.20
2620.0,304.19,301.44,306.95
2640.0,305.13,302.35,307.91
2660.0,306.11,303.36,308.87
2680.0,307.03,304.26,309.81
2700.0,307.88,305.05,310.71
2720.0,308.73,305.91,311.56
2740.0,309.57,306.76,312.39
2760.0,310.53,307.67,313.39
2780.0,311.42,308.58,314.26
2800.0,312.25,309.40,315.10
2820.0,313.43,310.53,316.32
2840.0,314.33,311.44,317.22
2860.0,315.08,312.19,317.97
2880.0,315.93,313.06,318.80
2900.0,316.79,313.94,319.63
2920.0,317.66,314.82,320.50
2940.0,318.46,315.68,321.25
2960.0,319.41,316.63,322.18
2980.0,320.38,317.59,323.17
3000.0,321.17,318.35,323.99
3020.0,322.07,319.24,324.91
3040.0,322.87,320.04,325.70
3060.0,323.70,320.86,326.54
3080.0,324.43,321.60,327.27
3100.0,325.10,322.29,327.91
3120.0,325.94,323.11,328.77
3140.0,326.79,323.92,329.66
3160.0,327.59,324.69,330.50
3180.0,328.49,325.57,331.42
3200.0,329.28,326.31,332.25
3220.0,329.99,327.04,332.94
3240.0,331.00,328.10,333.90
3260.0,332.03,329.11,334.96
3280.0,332.80,329.87,335.73
3300.0,333.53,330.61,336.46
3320.0,334.53,331.58,337.47
3340.0,335.41,332.49,338.32
3360.0,336.11,333.18,339.04
3380.0,336.95,333.98,339.93
3400.0,337.69,334.71,340.66
3420.0,338.37,335.40,341.34
3440.0,339.12,336.11,342.13
3460.0,339.89,336.88,342.90
3480.0,340.69,337.67,343.71
3500.0,341.41,338.36,344.45
3520.0,342.18,339.12,345.24
3540.0,342.89,339.81,345.97
3560.0,343.53,340.47,346.58
3580.0,344.33,341.28,347.39
3600.0,345.27,342.20,348.35
3620.0,346.13,343.06,349.21
3640.0,346.83,343.75,349.92
3660.0,347.65,344.58,350.73
3680.0,348.39,345.31,351.46
3700.0,349.33,346.23,352.42
3720.0,350.05,346.98,353.13
3740.0,350.81,347.74,353.87
3760.0,351.55,348.49,354.62
3780.0,352.36,349.28,355.44
3800.0,353.13,350.03,356.22
3820.0,353.85,350.71,356.99
3840.0,354.61,351.43,357.78
3860.0,355.38,352.22,358.54
3880.0,356.05,352.90,359.20
3900.0,356.71,353.55,359.88
3920.0,357.36,354.18,360.54
3940.0,358.23,355.04,361.42
3960.0,358.87,355.69,362.04
3980.0,359.76,356.55,362.97
4000.0,360.35,357.12,363.58
4020.0,361.10,357.85,364.35
4040.0,361.90,358.64,365.16
4060.0,362.58,359.31,365.85
4080.0,363.35,360.06,366.65
4100.0,364.09,360.78,367.40
4120.0,364.79,361.44,368.14
4140.0,365.55,362.21,368.89
4160.0,366.29,362.97,369.62
4180.0,367.02,363.70,370.34
4200.0,367.79,364.44,371.13
4220.0,368.41,365.09,371.74
4240.0,369.27,365.96,372.58
4260.0,369.93,366.63,373.23
4280.0,370.68,367.39,373.97
4300.0,371.41,368.09,374.74
4320.0,372.07,368.74,375.40
4340.0,372.63,369.31,375.94
4360.0,373.44,370.10,376.77
4380.0,374.02,370.68,377.35
4400.0,374.77,371.42,378.12
4420.0,375.33,371.97,378.70
4440.0,376.17,372.77,379.56
4460.0,376.78,373.38,380.18
4480.0,377.35,373.93,380.77
4500.0,377.96,374.53,381.39
4520.0,378.54,375.09,381.99
4540.0,379.15,375.71,382.59
4560.0,379.81,376.42,383.19
4580.0,380.44,377.05,383.83
4600.0,380.97,377.58,384.36
4620.0,381.40,378.01,384.79
4640.0,382.14,378.72,385.56
4660.0,382.77,379.33,386.21
4680.0,383.28,379.84,386.72
4700.0,383.89,380.44,387.33
4720.0,384.64,381.16,388.12
4740.0,385.22,381.76,388.68
4760.0,385.78,382.29,389.27
4780.0,386.36,382.87,389.85
4800.0,387.01,383.52,390.50
4820.0,387.45,383.93,390.97
4840.0,387.95,384.41,391.48
4860.0,388.43,384.90,391.97
4880.0,388.89,385.37,392.41
4900.0,389.44,385.94,392.94
4920.0,389.99,386.46,393.53
4940.0,390.64,387.08,394.20
4960.0,391.15,387.60,394.71
4980.0,391.71,388.16,395.27
5000.0,392.21,388.66,395.77
