trial,mean,ci_down,ci_up
0.0,2.94,2.49,3.39
20.0,5.78,5.17,6.39
40.0,7.08,6.45,7.71
60.0,8.98,8.22,9.74
80.0,11.02,10.13,11.91
100.0,12.64,11.61,13.67
120.0,13.84,12.85,14.83
140.0,14.08,12.90,15.26
160.0,17.26,16.18,18.34
180.0,18.80,17.37,20.23
200.0,18.84,17.51,20.17
220.0,20.78,19.54,22.02
240.0,21.94,20.53,23.35
260.0,22.88,21.31,24.45
280.0,24.86,23.76,25.96
300.0,26.24,24.81,27.67
320.0,28.76,27.26,30.26
340.0,28.98,27.47,30.49
360.0,27.48,26.13,28.83
380.0,31.34,29.83,32.85
400.0,31.82,30.09,33.55
420.0,31.78,30.03,33.53
440.0,34.34,32.54,36.14
460.0,32.96,31.19,34.73
480.0,33.72,31.88,35.56
500.0,36.60,34.97,38.23
520.0,36.36,34.71,38.01
540.0,36.80,35.16,38.44
560.0,37.86,36.18,39.54
580.0,38.28,36.48,40.08
600.0,40.16,37.97,42.35
620.0,41.04,39.28,42.80
640.0,40.68,38.76,42.60
660.0,42.32,40.64,44.00
680.0,41.32,39.82,42.82
700.0,43.38,41.78,44.98
720.0,41.10,39.50,42.70
740.0,42.06,40.28,43.84
760.0,43.38,41.78,44.98
780.0,44.04,42.34,45.74
800.0,45.88,44.21,47.55
820.0,45.46,44.00,46.92
840.0,45.46,43.88,47.04
860.0,45.56,44.05,47.07
880.0,47.08,45.29,48.87
900.0,46.80,45.24,48.36
920.0,47.06,45.29,48.83
940.0,48.10,46.13,50.07
960.0,47.12,45.37,48.87
980.0,49.96,48.24,51.68
1000.0,49.72,47.99,51.45
1020.0,49.94,48.20,51.68
1040.0,50.90,49.09,52.71
1060.0,50.60,49.06,52.14
1080.0,50.54,48.82,52.26
1100.0,52.84,51.13,54.55
1120.0,53.10,51.58,54.62
1140.0,53.22,51.41,55.03
1160.0,52.82,51.03,54.61
1180.0,52.76,51.09,54.43
1200.0,53.64,52.15,55.13
1220.0,52.52,50.73,54.31
1240.0,55.50,53.85,57.15
1260.0,54.10,52.51,55.69
1280.0,55.16,53.19,57.13
1300.0,54.68,53.01,56.35
1320.0,56.48,54.96,58.00
1340.0,56.52,54.46,58.58
1360.0,56.30,54.61,57.99
1380.0,56.56,55.08,58.04
1400.0,56.84,55.17,58.51
1420.0,57.84,55.88,59.80
1440.0,55.62,54.10,57.14
1460.0,56.98,55.32,58.64
1480.0,56.56,54.93,58.19
1500.0,58.38,56.80,59.96
1520.0,57.78,56.50,59.06
1540.0,58.76,57.01,60.51
1560.0,59.30,57.65,60.95
1580.0,59.00,57.59,60.41
1600.0,57.70,56.05,59.35
1620.0,59.62,58.15,61.09
1640.0,58.46,56.71,60.21
1660.0,58.74,57.16,60.32
1680.0,60.00,58.28,61.72
1700.0,59.64,57.94,61.34
1720.0,60.76,59.10,62.42
1740.0,60.80,59.14,62.46
1760.0,59.56,57.96,61.16
1780.0,59.88,58.41,61.35
1800.0,60.08,58.38,61.78
1820.0,61.48,59.89,63.07
1840.0,61.10,59.35,62.85
1860.0,60.98,59.43,62.53
1880.0,60.96,59.21,62.71
1900.0,61.48,59.87,63.09
1920.0,60.82,59.35,62.29
1940.0,62.10,60.46,63.74
1960.0,61.62,60.11,63.13
1980.0,61.92,60.03,63.81
2000.0,62.94,61.22,64.66
2020.0,62.56,60.71,64.41
2040.0,62.60,60.54,64.66
2060.0,62.20,60.37,64.03
2080.0,62.06,60.25,63.87
2100.0,62.26,60.53,63.99
2120.0,63.46,61.93,64.99
2140.0,63.20,61.80,64.60
2160.0,62.72,60.77,64.67
2180.0,62.28,60.79,63.77
2200.0,63.16,61.45,64.87
2220.0,61.52,59.45,63.59
2240.0,62.76,61.38,64.14
2260.0,63.36,61.80,64.92
2280.0,62.28,60.73,63.83
2300.0,63.12,61.33,64.91
2320.0,63.22,61.56,64.88
2340.0,64.12,62.57,65.67
2360.0,62.90,60.94,64.86
2380.0,63.34,61.80,64.88
2400.0,63.60,61.77,65.43
2420.0,61.84,60.03,63.65
2440.0,63.00,61.16,64.84
2460.0,64.06,62.38,65.74
2480.0,64.56,62.81,66.31
2500.0,65.40,63.68,67.12
2520.0,63.98,62.37,65.59
2540.0,65.12,63.41,66.83
2560.0,64.44,62.77,66.11
2580.0,63.76,62.25,65.27
2600.0,63.82,61.96,65.68
2620.0,65.44,63.56,67.32
2640.0,64.98,63.16,66.80
2660.0,65.28,63.63,66.93
2680.0,65.70,64.20,67.20
2700.0,64.62,62.84,66.40
2720.0,64.60,63.24,65.96
2740.0,65.32,64.16,66.48
2760.0,66.44,65.12,67.76
2780.0,66.56,65.17,67.95
2800.0,65.32,63.87,66.77
2820.0,65.82,64.14,67.50
2840.0,66.08,64.61,67.55
2860.0,67.08,65.38,68.78
2880.0,66.72,64.98,68.46
2900.0,66.70,65.16,68.24
2920.0,66.40,64.63,68.17
2940.0,64.78,62.84,66.72
2960.0,66.40,64.83,67.97
2980.0,67.04,65.53,68.55
3000.0,67.22,65.67,68.77
3020.0,67.10,65.63,68.57
3040.0,67.68,66.11,69.25
3060.0,67.32,65.84,68.80
3080.0,66.82,65.52,68.12
3100.0,67.44,65.91,68.97
3120.0,66.48,64.70,68.26
3140.0,67.36,65.75,68.97
3160.0,67.60,66.02,69.18
3180.0,67.40,65.69,69.11
3200.0,68.02,66.45,69.59
3220.0,67.32,65.98,68.66
3240.0,68.70,67.29,70.11
3260.0,67.80,66.48,69.12
3280.0,68.18,66.39,69.97
3300.0,68.06,66.48,69.64
3320.0,69.98,68.54,71.42
3340.0,68.02,66.50,69.54
3360.0,69.22,67.70,70.74
3380.0,70.00,68.45,71.55
3400.0,68.70,67.12,70.28
3420.0,69.22,67.59,70.85
3440.0,69.68,67.86,71.50
3460.0,69.04,67.77,70.31
3480.0,68.62,66.85,70.39
3500.0,69.90,68.30,71.50
3520.0,69.22,67.82,70.62
3540.0,70.88,69.47,72.29
3560.0,68.30,66.81,69.79
3580.0,68.86,67.34,70.38
3600.0,69.86,68.29,71.43
3620.0,69.16,67.53,70.79
3640.0,69.66,68.35,70.97
3660.0,69.20,67.79,70.61
3680.0,69.24,67.76,70.72
3700.0,68.70,66.97,70.43
3720.0,70.20,68.72,71.68
3740.0,69.84,68.46,71.22
3760.0,69.42,68.09,70.75
3780.0,68.54,66.77,70.31
3800.0,69.10,67.24,70.96
3820.0,68.30,66.49,70.11
3840.0,68.24,66.50,69.98
3860.0,71.22,69.51,72.93
3880.0,70.32,68.80,71.84
3900.0,68.60,67.13,70.07
3920.0,70.14,68.36,71.92
3940.0,70.24,68.54,71.94
3960.0,70.46,68.64,72.28
3980.0,70.18,68.69,71.67
4000.0,70.82,69.28,72.36
4020.0,67.66,65.84,69.48
4040.0,69.76,68.05,71.47
4060.0,70.48,68.77,72.19
4080.0,70.30,68.49,72.11
4100.0,70.72,68.88,72.56
4120.0,71.04,69.38,72.70
4140.0,70.76,68.97,72.55
4160.0,70.00,68.22,71.78
4180.0,71.30,69.86,72.74
4200.0,70.48,68.95,72.01
4220.0,70.82,69.20,72.44
4240.0,72.26,70.80,73.72
4260.0,72.78,71.34,74.22
4280.0,71.08,69.76,72.40
4300.0,72.24,70.63,73.85
4320.0,71.20,69.88,72.52
4340.0,71.70,69.98,73.42
4360.0,71.44,69.93,72.95
4380.0,72.44,70.88,74.00
4400.0,71.64,69.94,73.34
4420.0,71.46,69.59,73.33
4440.0,71.20,69.37,73.03
4460.0,71.64,69.86,73.42
4480.0,72.70,70.98,74.42
4500.0,70.52,68.95,72.09
4520.0,71.98,70.44,73.52
4540.0,71.70,69.94,73.46
4560.0,72.38,70.83,73.93
4580.0,73.08,71.86,74.30
4600.0,71.70,70.11,73.29
4620.0,73.42,71.92,74.92
4640.0,71.06,69.48,72.64
4660.0,70.48,68.66,72.30
4680.0,70.86,69.23,72.49
4700.0,71.88,70.06,73.70
4720.0,72.56,70.92,74.20
4740.0,71.64,69.95,73.33
4760.0,73.56,71.93,75.19
4780.0,72.34,70.67,74.01
4800.0,73.10,71.45,74.75
4820.0,73.28,71.57,74.99
4840.0,71.98,70.26,73.70
4860.0,72.22,70.72,73.72
4880.0,71.84,70.45,73.23
4900.0,72.90,71.21,74.59
4920.0,72.80,70.87,74.73
4940.0,72.26,70.62,73.90
4960.0,72.72,71.06,74.38
4980.0,74.20,72.71,75.69
5000.0,71.18,68.97,73.39
