trial,mean,ci_down,ci_up
0.0,55.41,51.18,59.63
20.0,67.73,65.16,70.30
40.0,75.49,72.81,78.17
60.0,82.86,81.05,84.67
80.0,85.61,83.38,87.84
100.0,87.75,85.60,89.90
120.0,90.21,88.03,92.39
140.0,92.25,90.15,94.35
160.0,94.26,92.54,95.97
180.0,94.74,93.19,96.30
200.0,96.05,94.49,97.61
220.0,96.75,95.02,98.47
240.0,97.81,96.28,99.34
260.0,98.04,96.58,99.51
280.0,98.17,96.90,99.44
300.0,99.32,97.98,100.65
320.0,99.85,98.71,101.00
340.0,99.89,98.82,100.95
360.0,100.07,98.88,101.26
380.0,99.60,98.16,101.04
400.0,101.02,99.96,102.09
420.0,101.16,100.11,102.21
440.0,100.79,99.56,102.01
460.0,101.07,100.00,102.14
480.0,102.24,100.95,103.54
500.0,101.92,100.76,103.08
520.0,101.60,100.57,102.63
540.0,103.06,101.96,104.16
560.0,101.82,100.75,102.89
580.0,102.23,101.24,103.23
600.0,103.28,102.29,104.27
620.0,102.48,101.48,103.47
640.0,101.91,100.97,102.84
660.0,102.91,101.77,104.04
680.0,102.70,101.55,103.85
700.0,102.12,101.05,103.18
720.0,103.25,102.24,104.26
740.0,102.78,101.70,103.85
760.0,103.21,102.19,104.24
780.0,103.17,102.24,104.10
800.0,103.78,102.92,104.63
820.0,103.15,102.28,104.02
840.0,102.23,101.28,103.19
860.0,103.66,102.61,104.71
880.0,102.10,101.19,103.01
900.0,102.99,101.92,104.06
920.0,103.69,102.70,104.69
940.0,103.44,102.46,104.41
960.0,102.70,101.78,103.63
980.0,102.90,102.09,103.71
1000.0,103.49,102.47,104.51
1020.0,103.22,102.29,104.16
1040.0,103.14,102.39,103.89
1060.0,102.91,101.99,103.84
1080.0,103.79,102.84,104.74
1100.0,102.10,101.16,103.04
1120.0,102.73,101.63,103.83
1140.0,103.45,102.45,104.45
1160.0,102.68,101.94,103.42
1180.0,102.76,101.96,103.56
1200.0,102.94,101.95,103.94
1220.0,102.23,101.38,103.08
1240.0,102.34,101.49,103.19
1260.0,102.74,101.83,103.65
1280.0,101.49,100.52,102.47
1300.0,102.70,101.72,103.68
1320.0,103.20,102.25,104.14
1340.0,102.83,101.97,103.70
1360.0,102.82,101.99,103.65
1380.0,103.36,102.45,104.28
1400.0,102.31,101.33,103.29
1420.0,102.74,101.80,103.68
1440.0,101.96,101.03,102.89
1460.0,103.46,102.54,104.38
1480.0,102.43,101.58,103.28
1500.0,103.53,102.64,104.43
1520.0,102.65,101.76,103.54
1540.0,102.57,101.74,103.40
1560.0,102.62,101.80,103.45
1580.0,103.24,102.27,104.21
1600.0,101.60,100.77,102.43
1620.0,103.76,102.68,104.85
1640.0,103.40,102.58,104.22
1660.0,102.22,101.31,103.14
1680.0,102.60,101.82,103.38
1700.0,102.10,101.21,102.98
1720.0,102.13,101.19,103.07
1740.0,102.48,101.70,103.25
1760.0,102.18,101.25,103.11
1780.0,102.30,101.35,103.25
1800.0,101.45,100.50,102.39
1820.0,101.58,100.68,102.48
1840.0,101.80,100.93,102.66
1860.0,101.96,101.15,102.76
1880.0,100.96,100.13,101.79
1900.0,100.70,99.86,101.54
1920.0,102.54,101.65,103.43
1940.0,101.82,100.84,102.80
1960.0,102.04,101.20,102.87
1980.0,100.88,100.14,101.62
2000.0,100.91,100.02,101.81
2020.0,101.42,100.57,102.27
2040.0,101.29,100.47,102.11
2060.0,100.64,99.84,101.44
2080.0,101.02,100.16,101.88
2100.0,101.16,100.31,102.02
2120.0,100.58,99.78,101.37
2140.0,101.45,100.78,102.13
2160.0,101.63,100.68,102.59
2180.0,101.96,101.09,102.84
2200.0,101.07,100.22,101.92
2220.0,101.69,100.80,102.57
2240.0,101.91,101.05,102.76
2260.0,101.52,100.59,102.45
2280.0,101.27,100.36,102.18
2300.0,101.81,100.91,102.71
2320.0,101.27,100.53,102.00
2340.0,101.73,100.88,102.58
2360.0,101.95,100.91,102.98
2380.0,101.00,100.24,101.77
2400.0,101.50,100.67,102.32
2420.0,100.74,99.77,101.71
2440.0,101.14,100.28,101.99
2460.0,101.38,100.69,102.08
2480.0,101.32,100.58,102.06
2500.0,101.21,100.52,101.89
2520.0,101.22,100.36,102.08
2540.0,101.74,100.94,102.55
2560.0,100.94,100.23,101.64
2580.0,101.38,100.55,102.21
2600.0,100.50,99.62,101.37
2620.0,100.91,100.12,101.70
2640.0,100.84,99.98,101.70
2660.0,100.85,99.85,101.85
2680.0,100.51,99.51,101.52
2700.0,100.78,99.96,101.59
2720.0,100.65,99.78,101.52
2740.0,101.16,100.20,102.13
2760.0,100.37,99.58,101.16
2780.0,101.29,100.32,102.27
2800.0,100.05,99.17,100.94
2820.0,100.67,99.94,101.40
2840.0,101.28,100.51,102.05
2860.0,101.03,100.19,101.87
2880.0,101.56,100.77,102.35
2900.0,100.13,99.22,101.04
2920.0,100.31,99.45,101.17
2940.0,100.81,99.97,101.66
2960.0,100.60,99.64,101.55
2980.0,101.09,100.17,102.00
3000.0,100.45,99.46,101.45
3020.0,100.51,99.67,101.35
3040.0,101.34,100.61,102.07
3060.0,100.27,99.47,101.07
3080.0,100.98,100.16,101.80
3100.0,100.61,99.82,101.39
3120.0,100.78,99.83,101.73
3140.0,100.92,99.98,101.86
3160.0,100.81,100.02,101.60
3180.0,100.51,99.52,101.51
3200.0,100.44,99.62,101.25
3220.0,100.18,99.24,101.12
3240.0,100.71,99.74,101.69
3260.0,100.14,99.12,101.16
3280.0,100.19,99.37,101.01
3300.0,100.12,99.14,101.09
3320.0,100.30,99.37,101.23
3340.0,99.88,98.96,100.80
3360.0,100.43,99.49,101.37
3380.0,99.61,98.83,100.38
3400.0,99.83,98.94,100.71
3420.0,99.94,99.10,100.79
3440.0,99.92,99.04,100.81
3460.0,99.38,98.61,100.16
3480.0,99.36,98.34,100.37
3500.0,99.82,98.87,100.77
3520.0,100.16,99.41,100.92
3540.0,100.08,99.16,101.01
3560.0,99.72,98.74,100.70
3580.0,99.52,98.58,100.46
3600.0,99.54,98.60,100.47
3620.0,100.11,99.38,100.83
3640.0,100.19,99.28,101.09
3660.0,100.16,99.23,101.10
3680.0,99.90,98.87,100.94
3700.0,99.95,99.04,100.86
3720.0,99.81,98.97,100.65
3740.0,100.02,99.07,100.96
3760.0,100.20,99.18,101.21
3780.0,100.38,99.41,101.35
3800.0,99.88,99.06,100.70
3820.0,99.69,98.89,100.50
3840.0,99.52,98.54,100.49
3860.0,99.30,98.37,100.22
3880.0,99.61,98.84,100.39
3900.0,99.45,98.54,100.37
3920.0,99.99,99.11,100.88
3940.0,100.14,99.16,101.11
3960.0,99.04,98.22,99.87
3980.0,99.76,98.84,100.68
4000.0,99.57,98.75,100.38
4020.0,99.22,98.30,100.13
4040.0,99.18,98.31,100.06
4060.0,99.87,98.95,100.78
4080.0,98.69,97.81,99.56
4100.0,99.92,98.99,100.85
4120.0,100.17,99.21,101.13
4140.0,99.01,98.19,99.82
4160.0,99.11,98.27,99.95
4180.0,99.44,98.63,100.24
4200.0,98.95,98.03,99.88
4220.0,99.04,98.17,99.91
4240.0,98.88,98.08,99.69
4260.0,98.92,98.08,99.75
4280.0,99.65,98.88,100.42
4300.0,99.42,98.53,100.31
4320.0,99.11,98.29,99.92
4340.0,99.42,98.46,100.38
4360.0,98.74,97.81,99.68
4380.0,98.49,97.66,99.32
4400.0,98.80,97.91,99.68
4420.0,98.47,97.42,99.53
4440.0,98.55,97.59,99.52
4460.0,98.76,97.98,99.55
4480.0,98.96,98.05,99.87
4500.0,98.46,97.51,99.41
4520.0,99.37,98.58,100.16
4540.0,98.92,98.06,99.77
4560.0,98.49,97.53,99.44
4580.0,98.51,97.51,99.52
4600.0,98.62,97.75,99.49
4620.0,98.38,97.51,99.26
4640.0,97.66,96.86,98.45
4660.0,98.40,97.50,99.31
4680.0,97.66,96.79,98.54
4700.0,97.79,96.92,98.66
4720.0,98.17,97.16,99.18
4740.0,97.99,97.10,98.88
4760.0,98.22,97.34,99.10
4780.0,98.65,97.62,99.67
4800.0,98.11,97.11,99.12
4820.0,97.93,97.11,98.75
4840.0,97.82,96.86,98.79
4860.0,98.15,97.23,99.06
4880.0,98.00,97.19,98.82
4900.0,98.46,97.70,99.23
4920.0,97.90,96.97,98.83
4940.0,97.85,97.02,98.67
4960.0,98.23,97.39,99.06
4980.0,98.00,97.04,98.95
5000.0,97.61,96.87,98.35
