trial,mean,ci_down,ci_up
0.0,2.68,2.33,3.03
20.0,5.54,4.92,6.16
40.0,8.72,8.01,9.43
60.0,13.02,12.25,13.79
80.0,17.86,16.87,18.85
100.0,23.18,22.00,24.36
120.0,29.16,27.84,30.48
140.0,36.56,34.99,38.13
160.0,45.94,44.12,47.76
180.0,55.98,53.76,58.20
200.0,66.82,64.20,69.44
220.0,79.32,76.25,82.39
240.0,92.52,89.13,95.91
260.0,106.70,103.01,110.39
280.0,122.46,118.47,126.45
300.0,139.76,135.65,143.87
320.0,158.54,154.17,162.91
340.0,178.02,173.31,182.73
360.0,198.40,193.53,203.27
380.0,219.84,214.75,224.93
400.0,242.12,236.58,247.66
420.0,266.50,260.69,272.31
440.0,291.66,285.40,297.92
460.0,318.20,311.23,325.17
480.0,344.16,336.62,351.70
500.0,373.16,365.23,381.09
520.0,401.20,392.59,409.81
540.0,430.84,421.79,439.89
560.0,461.46,451.70,471.22
580.0,492.14,481.54,502.74
600.0,523.62,512.32,534.92
620.0,555.00,542.91,567.09
640.0,587.44,574.33,600.55
660.0,618.64,604.81,632.47
680.0,652.86,638.20,667.52
700.0,686.96,671.72,702.20
720.0,722.06,705.97,738.15
740.0,757.94,740.96,774.92
760.0,793.84,776.43,811.25
780.0,831.00,812.87,849.13
800.0,867.24,848.25,886.23
820.0,905.78,886.07,925.49
840.0,946.22,925.72,966.72
860.0,986.88,965.85,1007.91
880.0,1027.20,1005.23,1049.17
900.0,1066.08,1043.14,1089.02
920.0,1105.54,1081.61,1129.47
940.0,1145.96,1121.14,1170.78
960.0,1187.54,1162.06,1213.02
980.0,1230.60,1204.58,1256.62
1000.0,1272.96,1246.11,1299.81
1020.0,1315.86,1288.33,1343.39
1040.0,1359.28,1331.09,1387.47
1060.0,1402.70,1373.59,1431.81
1080.0,1447.02,1417.07,1476.97
1100.0,1492.12,1461.47,1522.77
1120.0,1536.40,1505.09,1567.71
1140.0,1582.60,1550.51,1614.69
1160.0,1629.22,1596.67,1661.77
1180.0,1675.92,1642.66,1709.18
1200.0,1722.26,1688.31,1756.21
1220.0,1769.18,1734.35,1804.01
1240.0,1816.86,1781.29,1852.43
1260.0,1864.28,1827.96,1900.60
1280.0,1912.52,1875.85,1949.19
1300.0,1961.12,1923.64,1998.60
1320.0,2010.46,1972.25,2048.67
1340.0,2060.14,2021.22,2099.06
1360.0,2110.12,2070.65,2149.59
1380.0,2160.30,2120.15,2200.45
1400.0,2209.00,2168.58,2249.42
1420.0,2259.54,2218.66,2300.42
1440.0,2308.10,2266.78,2349.42
1460.0,2357.08,2315.36,2398.80
1480.0,2408.76,2366.48,2451.04
1500.0,2461.06,2418.13,2503.99
1520.0,2512.40,2468.55,2556.25
1540.0,2563.54,2519.39,2607.69
1560.0,2613.86,2569.67,2658.05
1580.0,2666.22,2621.19,2711.25
1600.0,2717.62,2672.14,2763.10
1620.0,2770.22,2724.14,2816.30
1640.0,2821.90,2775.00,2868.80
1660.0,2876.00,2828.59,2923.41
1680.0,2929.18,2881.13,2977.23
1700.0,2983.18,2934.43,3031.93
1720.0,3036.76,2987.49,3086.03
1740.0,3092.52,3042.28,3142.76
1760.0,3146.16,3095.48,3196.84
1780.0,3199.16,3147.84,3250.48
1800.0,3253.98,3202.22,3305.74
1820.0,3308.22,3255.72,3360.72
1840.0,3361.34,3308.25,3414.43
1860.0,3415.04,3361.38,3468.70
1880.0,3470.10,3415.90,3524.30
1900.0,3525.24,3470.28,3580.20
1920.0,3580.88,3525.35,3636.41
1940.0,3637.22,3580.98,3693.46
1960.0,3693.50,3636.56,3750.44
1980.0,3748.72,3691.18,3806.26
2000.0,3804.70,3746.34,3863.06
2020.0,3861.14,3802.18,3920.10
2040.0,3918.74,3858.70,3978.78
2060.0,3974.54,3913.98,4035.10
2080.0,4032.08,3970.76,4093.40
2100.0,4090.46,4028.35,4152.57
2120.0,4148.20,4085.22,4211.18
2140.0,4206.10,4142.72,4269.48
2160.0,4263.10,4198.98,4327.22
2180.0,4320.18,4255.36,4385.00
2200.0,4377.70,4312.37,4443.03
2220.0,4435.64,4369.75,4501.53
2240.0,4494.38,4428.03,4560.73
2260.0,4552.48,4485.63,4619.33
2280.0,4610.92,4543.65,4678.19
2300.0,4668.54,4600.49,4736.59
2320.0,4728.10,4659.53,4796.67
2340.0,4786.78,4717.26,4856.30
2360.0,4846.76,4776.62,4916.90
2380.0,4905.32,4834.39,4976.25
2400.0,4965.70,4894.12,5037.28
2420.0,5024.42,4952.11,5096.73
2440.0,5084.14,5011.38,5156.90
2460.0,5143.78,5070.42,5217.14
2480.0,5203.22,5129.52,5276.92
2500.0,5263.06,5188.53,5337.59
2520.0,5322.16,5247.01,5397.31
2540.0,5383.08,5307.51,5458.65
2560.0,5444.02,5367.97,5520.07
2580.0,5504.08,5427.55,5580.61
2600.0,5564.50,5487.73,5641.27
2620.0,5624.94,5547.91,5701.97
2640.0,5685.56,5607.94,5763.18
2660.0,5747.36,5669.14,5825.58
2680.0,5807.64,5728.84,5886.44
2700.0,5869.46,5790.05,5948.87
2720.0,5930.34,5850.39,6010.29
2740.0,5992.76,5912.36,6073.16
2760.0,6054.40,5973.31,6135.49
2780.0,6115.20,6033.77,6196.63
2800.0,6176.84,6095.02,6258.66
2820.0,6240.38,6158.01,6322.75
2840.0,6303.80,6221.12,6386.48
2860.0,6366.20,6283.29,6449.11
2880.0,6429.34,6345.96,6512.72
2900.0,6493.14,6409.34,6576.94
2920.0,6554.16,6469.65,6638.67
2940.0,6617.32,6532.17,6702.47
2960.0,6681.52,6595.69,6767.35
2980.0,6742.22,6655.94,6828.50
3000.0,6804.20,6717.16,6891.24
3020.0,6866.98,6779.55,6954.41
3040.0,6929.10,6840.92,7017.28
3060.0,6992.14,6903.79,7080.49
3080.0,7053.58,6964.80,7142.36
3100.0,7115.66,7026.30,7205.02
3120.0,7176.24,7086.22,7266.26
3140.0,7239.38,7148.59,7330.17
3160.0,7300.34,7209.27,7391.41
3180.0,7364.28,7272.83,7455.73
3200.0,7427.14,7335.42,7518.86
3220.0,7491.32,7399.47,7583.17
3240.0,7554.24,7461.86,7646.62
3260.0,7617.86,7524.73,7710.99
3280.0,7680.96,7587.09,7774.83
3300.0,7742.64,7648.09,7837.19
3320.0,7806.82,7711.31,7902.33
3340.0,7870.18,7773.82,7966.54
3360.0,7933.98,7836.84,8031.12
3380.0,7998.08,7900.12,8096.04
3400.0,8061.86,7963.37,8160.35
3420.0,8125.18,8025.91,8224.45
3440.0,8188.68,8088.88,8288.48
3460.0,8252.00,8151.82,8352.18
3480.0,8315.50,8214.70,8416.30
3500.0,8381.26,8280.08,8482.44
3520.0,8445.76,8343.87,8547.65
3540.0,8509.88,8407.35,8612.41
3560.0,8573.72,8470.56,8676.88
3580.0,8639.74,8536.35,8743.13
3600.0,8704.52,8600.46,8808.58
3620.0,8770.88,8666.12,8875.64
3640.0,8837.50,8732.00,8943.00
3660.0,8903.52,8797.22,9009.82
3680.0,8968.78,8861.86,9075.70
3700.0,9035.20,8927.64,9142.76
3720.0,9100.34,8992.30,9208.38
3740.0,9165.94,9057.69,9274.19
3760.0,9233.06,9124.26,9341.86
3780.0,9299.68,9190.43,9408.93
3800.0,9364.86,9255.10,9474.62
3820.0,9430.20,9320.15,9540.25
3840.0,9496.46,9385.98,9606.94
3860.0,9562.34,9451.25,9673.43
3880.0,9628.08,9516.64,9739.52
3900.0,9694.06,9582.24,9805.88
3920.0,9759.22,9646.86,9871.58
3940.0,9826.34,9713.54,9939.14
3960.0,9893.44,9780.33,10006.55
3980.0,9959.76,9846.78,10072.74
4000.0,10026.64,9913.23,10140.05
4020.0,10092.96,9979.03,10206.89
4040.0,10158.34,10043.95,10272.73
4060.0,10224.12,10109.28,10338.96
4080.0,10290.74,10175.52,10405.96
4100.0,10356.86,10241.26,10472.46
4120.0,10425.20,10309.30,10541.10
4140.0,10492.08,10375.96,10608.20
4160.0,10558.76,10442.18,10675.34
4180.0,10626.16,10509.42,10742.90
4200.0,10692.30,10575.35,10809.25
4220.0,10759.60,10642.59,10876.61
4240.0,10827.60,10710.65,10944.55
4260.0,10894.84,10777.64,11012.04
4280.0,10962.60,10844.98,11080.22
4300.0,11030.26,10912.08,11148.44
4320.0,11097.28,10978.78,11215.78
4340.0,11164.38,11045.53,11283.23
4360.0,11231.36,11112.34,11350.38
4380.0,11300.74,11181.45,11420.03
4400.0,11369.16,11249.49,11488.83
4420.0,11437.18,11317.42,11556.94
4440.0,11505.80,11385.56,11626.04
4460.0,11573.94,11453.30,11694.58
4480.0,11641.74,11520.50,11762.98
4500.0,11709.52,11587.84,11831.20
4520.0,11776.88,11654.71,11899.05
4540.0,11844.02,11721.58,11966.46
4560.0,11911.00,11788.79,12033.21
4580.0,11978.68,11856.05,12101.31
4600.0,12045.58,11922.50,12168.66
4620.0,12111.02,11987.31,12234.73
4640.0,12177.88,12053.85,12301.91
4660.0,12244.96,12120.28,12369.64
4680.0,12312.68,12187.64,12437.72
4700.0,12380.14,12254.87,12505.41
4720.0,12448.58,12322.97,12574.19
4740.0,12516.08,12390.16,12642.00
4760.0,12582.68,12456.62,12708.74
4780.0,12649.86,12523.86,12775.86
4800.0,12716.12,12589.87,12842.37
4820.0,12782.12,12655.79,12908.45
4840.0,12848.00,12721.77,12974.23
4860.0,12915.68,12789.36,13042.00
4880.0,12982.94,12856.49,13109.39
4900.0,13049.40,12922.86,13175.94
4920.0,13116.40,12989.59,13243.21
4940.0,13183.02,13055.98,13310.06
4960.0,13250.28,13122.77,13377.79
4980.0,13317.74,13189.63,13445.85
5000.0,13383.86,13255.14,13512.58
