trial,mean,ci_down,ci_up
0.0,38.30,34.95,41.65
20.0,76.60,70.58,82.61
40.0,121.50,115.05,127.95
60.0,176.83,169.53,184.13
80.0,240.20,230.89,249.50
100.0,309.73,299.38,320.08
120.0,384.77,373.58,395.97
140.0,464.42,452.92,475.93
160.0,544.71,532.75,556.66
180.0,628.13,615.03,641.24
200.0,716.90,703.48,730.33
220.0,807.26,793.76,820.75
240.0,897.33,883.80,910.85
260.0,986.90,973.15,1000.65
280.0,1080.31,1066.47,1094.14
300.0,1174.39,1160.61,1188.17
320.0,1268.31,1254.29,1282.33
340.0,1362.11,1347.55,1376.66
360.0,1456.69,1442.09,1471.30
380.0,1553.11,1538.55,1567.67
400.0,1649.62,1634.92,1664.33
420.0,1748.65,1733.56,1763.74
440.0,1846.52,1831.34,1861.69
460.0,1945.78,1930.49,1961.08
480.0,2045.43,2030.04,2060.82
500.0,2145.99,2130.62,2161.36
520.0,2246.73,2231.43,2262.03
540.0,2347.57,2332.20,2362.93
560.0,2446.76,2431.20,2462.31
580.0,2547.58,2531.99,2563.17
600.0,2646.77,2631.21,2662.33
620.0,2747.07,2731.17,2762.98
640.0,2848.62,2832.51,2864.73
660.0,2949.53,2933.31,2965.75
680.0,3051.72,3035.47,3067.96
700.0,3152.91,3136.67,3169.15
720.0,3255.44,3239.12,3271.76
740.0,3358.25,3341.69,3374.82
760.0,3460.20,3443.44,3476.97
780.0,3562.37,3545.38,3579.36
800.0,3664.97,3647.76,3682.17
820.0,3767.39,3750.29,3784.50
840.0,3869.13,3851.79,3886.48
860.0,3970.97,3953.36,3988.58
880.0,4075.03,4057.39,4092.67
900.0,4177.59,4159.77,4195.42
920.0,4280.05,4261.83,4298.26
940.0,4383.65,4365.41,4401.89
960.0,4486.21,4467.81,4504.60
980.0,4589.33,4571.05,4607.62
1000.0,4692.25,4673.77,4710.73
1020.0,4795.44,4776.93,4813.94
1040.0,4899.35,4880.90,4917.81
1060.0,5003.16,4984.69,5021.62
1080.0,5107.38,5088.74,5126.02
1100.0,5210.55,5191.93,5229.17
1120.0,5314.83,5296.09,5333.57
1140.0,5419.17,5400.35,5438.00
1160.0,5522.33,5503.30,5541.36
1180.0,5625.36,5606.22,5644.50
1200.0,5728.87,5709.48,5748.25
1220.0,5832.13,5812.58,5851.69
1240.0,5936.03,5916.44,5955.63
1260.0,6039.79,6020.25,6059.34
1280.0,6144.57,6124.94,6164.19
1300.0,6247.71,6227.91,6267.50
1320.0,6350.78,6330.94,6370.63
1340.0,6454.06,6434.11,6474.01
1360.0,6557.20,6537.08,6577.33
1380.0,6660.65,6640.29,6681.01
1400.0,6764.13,6743.61,6784.66
1420.0,6867.14,6846.17,6888.11
1440.0,6970.42,6949.29,6991.54
1460.0,7073.66,7052.33,7094.99
1480.0,7177.24,7155.69,7198.79
1500.0,7281.56,7259.79,7303.32
1520.0,7385.68,7363.64,7407.73
1540.0,7490.21,7467.90,7512.53
1560.0,7594.05,7571.51,7616.59
1580.0,7697.54,7674.63,7720.45
1600.0,7800.82,7777.49,7824.15
1620.0,7904.11,7880.34,7927.89
1640.0,8007.97,7983.90,8032.04
1660.0,8112.38,8088.21,8136.56
1680.0,8216.61,8191.92,8241.31
1700.0,8320.30,8295.31,8345.30
1720.0,8424.26,8398.73,8449.79
1740.0,8527.61,8501.51,8553.71
1760.0,8631.63,8605.16,8658.11
1780.0,8735.17,8708.46,8761.87
1800.0,8838.77,8811.62,8865.91
1820.0,8942.30,8914.74,8969.85
1840.0,9046.08,9018.09,9074.06
1860.0,9150.79,9122.28,9179.29
1880.0,9254.12,9225.30,9282.95
1900.0,9357.68,9328.56,9386.80
1920.0,9461.25,9431.76,9490.74
1940.0,9565.91,9535.99,9595.83
1960.0,9669.29,9639.19,9699.39
1980.0,9772.04,9741.68,9802.39
2000.0,9875.79,9845.06,9906.51
2020.0,9979.04,9947.96,10010.12
2040.0,10082.08,10050.70,10113.46
2060.0,10185.37,10153.62,10217.12
2080.0,10289.50,10257.43,10321.58
2100.0,10393.17,10360.82,10425.51
2120.0,10497.15,10464.32,10529.97
2140.0,10600.80,10567.42,10634.18
2160.0,10704.84,10671.07,10738.62
2180.0,10809.41,10775.29,10843.53
2200.0,10913.57,10879.01,10948.14
2220.0,11016.50,10981.67,11051.33
2240.0,11119.26,11084.36,11154.16
2260.0,11222.71,11187.30,11258.13
2280.0,11325.72,11289.70,11361.73
2300.0,11429.62,11393.07,11466.17
2320.0,11532.76,11495.83,11569.70
2340.0,11636.19,11598.74,11673.64
2360.0,11740.29,11702.34,11778.24
2380.0,11843.72,11805.54,11881.90
2400.0,11946.79,11908.20,11985.39
2420.0,12050.22,12011.17,12089.27
2440.0,12153.67,12114.22,12193.13
2460.0,12256.87,12217.16,12296.59
2480.0,12359.96,12319.81,12400.10
2500.0,12463.84,12423.45,12504.23
2520.0,12567.31,12526.38,12608.24
2540.0,12671.61,12630.25,12712.97
2560.0,12775.35,12733.69,12817.02
2580.0,12878.45,12836.42,12920.47
2600.0,12981.91,12939.61,13024.21
2620.0,13085.32,13042.79,13127.85
2640.0,13188.33,13145.33,13231.33
2660.0,13291.12,13247.74,13334.49
2680.0,13393.68,13349.92,13437.45
2700.0,13497.11,13452.90,13541.33
2720.0,13600.83,13556.29,13645.36
2740.0,13704.41,13659.33,13749.48
2760.0,13807.06,13761.64,13852.49
2780.0,13909.52,13863.86,13955.18
2800.0,14012.39,13966.43,14058.36
2820.0,14115.24,14069.02,14161.45
2840.0,14218.30,14171.67,14264.94
2860.0,14320.74,14273.62,14367.86
2880.0,14424.37,14376.90,14471.83
2900.0,14526.54,14478.58,14574.51
2920.0,14629.42,14581.08,14677.77
2940.0,14732.42,14683.50,14781.34
2960.0,14835.16,14785.60,14884.72
2980.0,14938.29,14888.35,14988.23
3000.0,15040.67,14990.19,15091.15
3020.0,15143.69,15092.63,15194.75
3040.0,15246.50,15195.17,15297.83
3060.0,15349.63,15297.81,15401.46
3080.0,15451.74,15399.61,15503.87
3100.0,15554.37,15501.67,15607.07
3120.0,15657.18,15604.10,15710.27
3140.0,15759.86,15706.24,15813.47
3160.0,15862.33,15808.25,15916.41
3180.0,15964.55,15910.02,16019.08
3200.0,16066.80,16011.78,16121.82
3220.0,16169.39,16113.73,16225.04
3240.0,16272.63,16216.53,16328.72
3260.0,16374.64,16318.27,16431.02
3280.0,16477.36,16420.57,16534.15
3300.0,16578.76,16521.71,16635.81
3320.0,16681.11,16623.60,16738.62
3340.0,16783.67,16725.53,16841.81
3360.0,16886.67,16828.25,16945.08
3380.0,16988.23,16929.50,17046.95
3400.0,17090.75,17031.46,17150.05
3420.0,17192.90,17133.00,17252.80
3440.0,17294.62,17234.32,17354.93
3460.0,17397.66,17337.04,17458.29
3480.0,17500.40,17439.22,17561.58
3500.0,17602.55,17541.11,17663.99
3520.0,17704.34,17642.61,17766.07
3540.0,17807.13,17745.06,17869.21
3560.0,17909.42,17847.03,17971.80
3580.0,18011.51,17948.84,18074.18
3600.0,18113.82,18050.62,18177.02
3620.0,18215.69,18152.07,18279.31
3640.0,18317.43,18253.30,18381.55
3660.0,18419.50,18354.90,18484.11
3680.0,18521.58,18456.45,18586.71
3700.0,18623.49,18558.01,18688.97
3720.0,18724.65,18658.61,18790.69
3740.0,18826.39,18759.80,18892.98
3760.0,18928.83,18861.79,18995.87
3780.0,19031.23,18963.81,19098.66
3800.0,19133.51,19065.63,19201.40
3820.0,19235.22,19166.90,19303.54
3840.0,19336.23,19267.53,19404.93
3860.0,19438.51,19369.29,19507.73
3880.0,19540.51,19470.79,19610.23
3900.0,19642.70,19572.50,19712.90
3920.0,19744.70,19674.15,19815.26
3940.0,19847.27,19776.21,19918.32
3960.0,19949.38,19877.96,20020.80
3980.0,20051.71,19979.96,20123.46
4000.0,20153.01,20080.94,20225.08
4020.0,20255.14,20182.73,20327.55
4040.0,20357.25,20284.49,20430.01
4060.0,20459.61,20386.38,20532.84
4080.0,20561.80,20488.21,20635.39
4100.0,20663.18,20589.14,20737.22
4120.0,20764.49,20690.16,20838.83
4140.0,20865.28,20790.52,20940.04
4160.0,20966.77,20891.51,21042.03
4180.0,21068.88,20993.31,21144.46
4200.0,21170.87,21094.68,21247.07
4220.0,21272.19,21195.50,21348.89
4240.0,21374.02,21296.79,21451.25
4260.0,21475.50,21397.95,21553.04
4280.0,21576.79,21498.74,21654.83
4300.0,21678.63,21600.02,21757.24
4320.0,21779.98,21700.88,21859.08
4340.0,21880.61,21801.04,21960.19
4360.0,21982.38,21902.24,22062.53
4380.0,22083.69,22002.96,22164.42
4400.0,22184.89,22103.65,22266.12
4420.0,22286.69,22205.00,22368.38
4440.0,22387.51,22305.30,22469.72
4460.0,22489.14,22406.58,22571.70
4480.0,22590.88,22507.78,22673.98
4500.0,22691.57,22608.00,22775.15
4520.0,22792.87,22708.82,22876.93
4540.0,22894.07,22809.55,22978.59
4560.0,22994.56,22909.69,23079.42
4580.0,23096.14,23010.82,23181.46
4600.0,23197.22,23111.61,23282.82
4620.0,23298.60,23212.61,23384.60
4640.0,23400.08,23313.65,23486.51
4660.0,23501.55,23414.83,23588.27
4680.0,23603.13,23516.08,23690.19
4700.0,23704.17,23616.57,23791.76
4720.0,23805.46,23717.53,23893.39
4740.0,23906.63,23818.33,23994.94
4760.0,24008.50,23919.81,24097.18
4780.0,24110.13,24020.97,24199.29
4800.0,24211.29,24121.69,24300.89
4820.0,24312.61,24222.44,24402.78
4840.0,24413.75,24323.10,24504.39
4860.0,24515.02,24423.94,24606.10
4880.0,24616.58,24524.92,24708.24
4900.0,24717.26,24625.16,24809.36
4920.0,24818.74,24726.24,24911.24
4940.0,24919.61,24826.81,25012.41
4960.0,25020.34,24927.16,25113.52
4980.0,25121.25,25027.58,25214.91
5000.0,25222.53,25128.50,25316.56
