trial,mean,ci_down,ci_up
0.0,2.68,2.33,3.03
20.0,2.86,2.39,3.33
40.0,3.18,2.74,3.62
60.0,4.30,3.85,4.75
80.0,4.84,4.26,5.42
100.0,5.32,4.76,5.88
120.0,5.98,5.40,6.56
140.0,7.40,6.74,8.06
160.0,9.38,8.61,10.15
180.0,10.04,9.14,10.94
200.0,10.84,9.97,11.71
220.0,12.50,11.51,13.49
240.0,13.20,12.24,14.16
260.0,14.18,13.24,15.12
280.0,15.76,14.71,16.81
300.0,17.30,16.43,18.17
320.0,18.78,17.64,19.92
340.0,19.48,18.14,20.82
360.0,20.38,19.13,21.63
380.0,21.44,19.99,22.89
400.0,22.28,21.04,23.52
420.0,24.38,23.10,25.66
440.0,25.16,23.67,26.65
460.0,26.54,24.94,28.14
480.0,25.96,24.54,27.38
500.0,29.00,27.69,30.31
520.0,28.04,26.71,29.37
540.0,29.64,28.25,31.03
560.0,30.62,28.84,32.40
580.0,30.68,29.09,32.27
600.0,31.48,29.78,33.18
620.0,31.38,29.62,33.14
640.0,32.44,30.82,34.06
660.0,31.20,29.77,32.63
680.0,34.22,32.59,35.85
700.0,34.10,32.76,35.44
720.0,35.10,33.50,36.70
740.0,35.88,34.22,37.54
760.0,35.90,34.24,37.56
780.0,37.16,35.32,39.00
800.0,36.24,34.46,38.02
820.0,38.54,36.90,40.18
840.0,40.44,38.64,42.24
860.0,40.66,38.95,42.37
880.0,40.32,38.49,42.15
900.0,38.88,36.97,40.79
920.0,39.46,37.62,41.30
940.0,40.42,38.70,42.14
960.0,41.58,40.03,43.13
980.0,43.06,41.25,44.87
1000.0,42.36,40.74,43.98
1020.0,42.90,41.24,44.56
1040.0,43.42,41.65,45.19
1060.0,43.42,41.54,45.30
1080.0,44.32,42.65,45.99
1100.0,45.10,43.34,46.86
1120.0,44.28,42.68,45.88
1140.0,46.20,44.77,47.63
1160.0,46.62,45.07,48.17
1180.0,46.70,44.93,48.47
1200.0,46.34,44.74,47.94
1220.0,46.92,45.07,48.77
1240.0,47.68,46.13,49.23
1260.0,47.42,45.85,48.99
1280.0,48.24,46.63,49.85
1300.0,48.60,47.00,50.20
1320.0,49.34,47.77,50.91
1340.0,49.68,48.07,51.29
1360.0,49.98,48.43,51.53
1380.0,50.18,48.59,51.77
1400.0,48.70,47.09,50.31
1420.0,50.54,49.11,51.97
1440.0,48.56,46.92,50.20
1460.0,48.98,47.42,50.54
1480.0,51.68,49.87,53.49
1500.0,52.30,50.59,54.01
1520.0,51.34,49.43,53.25
1540.0,51.14,49.66,52.62
1560.0,50.32,48.85,51.79
1580.0,52.36,50.55,54.17
1600.0,51.40,49.84,52.96
1620.0,52.60,50.90,54.30
1640.0,51.68,49.94,53.42
1660.0,54.10,52.43,55.77
1680.0,53.18,51.47,54.89
1700.0,54.00,52.35,55.65
1720.0,53.58,51.97,55.19
1740.0,55.76,54.07,57.45
1760.0,53.64,52.23,55.05
1780.0,53.00,51.53,54.47
1800.0,54.82,52.97,56.67
1820.0,54.24,52.58,55.90
1840.0,53.12,51.53,54.71
1860.0,53.70,51.99,55.41
1880.0,55.06,53.37,56.75
1900.0,55.14,53.49,56.79
1920.0,55.64,53.91,57.37
1940.0,56.34,54.76,57.92
1960.0,56.28,54.62,57.94
1980.0,55.22,53.66,56.78
2000.0,55.98,54.19,57.77
2020.0,56.44,54.73,58.15
2040.0,57.60,55.85,59.35
2060.0,55.80,54.05,57.55
2080.0,57.54,55.93,59.15
2100.0,58.38,56.81,59.95
2120.0,57.74,55.66,59.82
2140.0,57.90,56.57,59.23
2160.0,57.00,55.34,58.66
2180.0,57.08,55.42,58.74
2200.0,57.52,56.19,58.85
2220.0,57.94,56.31,59.57
2240.0,58.74,56.90,60.58
2260.0,58.10,56.56,59.64
2280.0,58.44,56.98,59.90
2300.0,57.62,56.08,59.16
2320.0,59.56,58.14,60.98
2340.0,58.68,56.89,60.47
2360.0,59.98,58.34,61.62
2380.0,58.56,56.55,60.57
2400.0,60.38,58.59,62.17
2420.0,58.72,57.17,60.27
2440.0,59.72,58.30,61.14
2460.0,59.64,58.08,61.20
2480.0,59.44,57.92,60.96
2500.0,59.84,58.04,61.64
2520.0,59.10,57.56,60.64
2540.0,60.92,59.45,62.39
2560.0,60.94,59.44,62.44
2580.0,60.06,58.48,61.64
2600.0,60.42,59.12,61.72
2620.0,60.44,58.87,62.01
2640.0,60.62,58.91,62.33
2660.0,61.80,60.02,63.58
2680.0,60.28,58.66,61.90
2700.0,61.82,59.97,63.67
2720.0,60.88,59.39,62.37
2740.0,62.42,60.96,63.88
2760.0,61.64,60.04,63.24
2780.0,60.80,59.42,62.18
2800.0,61.64,60.05,63.23
2820.0,63.54,62.09,64.99
2840.0,63.42,61.87,64.97
2860.0,62.40,60.88,63.92
2880.0,63.14,61.66,64.62
2900.0,63.80,62.39,65.21
2920.0,61.02,59.64,62.40
2940.0,63.16,61.67,64.65
2960.0,64.20,62.65,65.75
2980.0,60.70,59.34,62.06
3000.0,61.98,60.34,63.62
3020.0,62.78,61.30,64.26
3040.0,62.12,60.50,63.74
3060.0,63.04,61.63,64.45
3080.0,61.44,59.76,63.12
3100.0,62.08,60.25,63.91
3120.0,60.58,58.78,62.38
3140.0,63.14,61.12,65.16
3160.0,60.96,59.09,62.83
3180.0,63.94,62.51,65.37
3200.0,62.86,61.47,64.25
3220.0,64.18,62.94,65.42
3240.0,62.92,61.29,64.55
3260.0,63.62,61.97,65.27
3280.0,63.10,61.17,65.03
3300.0,61.68,59.99,63.37
3320.0,64.18,62.27,66.09
3340.0,63.36,61.67,65.05
3360.0,63.80,62.05,65.55
3380.0,64.10,62.41,65.79
3400.0,63.78,62.20,65.36
3420.0,63.32,61.74,64.90
3440.0,63.50,62.02,64.98
3460.0,63.32,61.83,64.81
3480.0,63.50,61.88,65.12
3500.0,65.76,64.31,67.21
3520.0,64.50,62.88,66.12
3540.0,64.12,62.61,65.63
3560.0,63.84,62.18,65.50
3580.0,66.02,64.53,67.51
3600.0,64.78,63.14,66.42
3620.0,66.36,64.92,67.80
3640.0,66.62,64.96,68.28
3660.0,66.02,64.47,67.57
3680.0,65.26,63.72,66.80
3700.0,66.42,64.76,68.08
3720.0,65.14,63.70,66.58
3740.0,65.60,63.89,67.31
3760.0,67.12,65.45,68.79
3780.0,66.62,64.90,68.34
3800.0,65.18,63.44,66.92
3820.0,65.34,64.00,66.68
3840.0,66.26,64.69,67.83
3860.0,65.88,64.46,67.30
3880.0,65.74,64.28,67.20
3900.0,65.98,64.65,67.31
3920.0,65.16,63.52,66.80
3940.0,67.12,65.36,68.88
3960.0,67.10,65.65,68.55
3980.0,66.32,64.91,67.73
4000.0,66.88,65.38,68.38
4020.0,66.32,64.90,67.74
4040.0,65.38,63.86,66.90
4060.0,65.78,64.17,67.39
4080.0,66.62,65.00,68.24
4100.0,66.12,64.34,67.90
4120.0,68.34,66.97,69.71
4140.0,66.88,65.30,68.46
4160.0,66.68,65.25,68.11
4180.0,67.40,66.08,68.72
4200.0,66.14,64.71,67.57
4220.0,67.30,65.77,68.83
4240.0,68.00,66.44,69.56
4260.0,67.24,65.85,68.63
4280.0,67.76,66.47,69.05
4300.0,67.66,66.13,69.19
4320.0,67.02,65.36,68.68
4340.0,67.10,65.85,68.35
4360.0,66.98,65.65,68.31
4380.0,69.38,67.92,70.84
4400.0,68.42,66.83,70.01
4420.0,68.02,66.66,69.38
4440.0,68.62,67.19,70.05
4460.0,68.14,66.47,69.81
4480.0,67.80,66.28,69.32
4500.0,67.78,66.26,69.30
4520.0,67.36,65.48,69.24
4540.0,67.14,65.52,68.76
4560.0,66.98,65.71,68.25
4580.0,67.68,66.28,69.08
4600.0,66.90,65.53,68.27
4620.0,65.44,63.65,67.23
4640.0,66.86,65.15,68.57
4660.0,67.08,65.47,68.69
4680.0,67.72,66.25,69.19
4700.0,67.46,65.97,68.95
4720.0,68.44,67.13,69.75
4740.0,67.50,66.17,68.83
4760.0,66.60,64.96,68.24
4780.0,67.18,65.40,68.96
4800.0,66.26,64.55,67.97
4820.0,66.00,64.27,67.73
4840.0,65.88,64.31,67.45
4860.0,67.68,65.53,69.83
4880.0,67.26,65.89,68.63
4900.0,66.46,65.10,67.82
4920.0,67.00,65.18,68.82
4940.0,66.62,65.16,68.08
4960.0,67.26,65.70,68.82
4980.0,67.46,65.94,68.98
5000.0,66.12,64.39,67.85
