trial,mean,ci_down,ci_up
0.0,38.30,34.95,41.65
20.0,38.30,33.78,42.81
40.0,44.91,41.86,47.95
60.0,55.33,52.42,58.24
80.0,63.37,59.41,67.32
100.0,69.53,66.20,72.86
120.0,75.05,71.73,78.36
140.0,79.65,77.04,82.26
160.0,80.28,78.08,82.49
180.0,83.43,80.85,86.00
200.0,88.77,86.86,90.68
220.0,90.35,88.14,92.57
240.0,90.07,88.25,91.89
260.0,89.57,87.71,91.44
280.0,93.41,91.93,94.88
300.0,94.08,92.51,95.65
320.0,93.92,92.26,95.58
340.0,93.80,91.90,95.70
360.0,94.59,93.06,96.12
380.0,96.42,94.70,98.13
400.0,96.51,94.90,98.13
420.0,99.03,97.63,100.43
440.0,97.87,96.39,99.35
460.0,99.26,97.67,100.85
480.0,99.65,98.42,100.88
500.0,100.56,99.42,101.70
520.0,100.74,99.50,101.98
540.0,100.83,99.62,102.04
560.0,99.19,97.88,100.50
580.0,100.82,99.74,101.90
600.0,99.19,97.98,100.41
620.0,100.30,99.10,101.50
640.0,101.55,100.35,102.75
660.0,100.91,99.79,102.02
680.0,102.19,101.02,103.36
700.0,101.19,100.12,102.26
720.0,102.53,101.34,103.73
740.0,102.81,101.64,103.98
760.0,101.95,100.77,103.13
780.0,102.16,100.83,103.49
800.0,102.60,101.22,103.98
820.0,102.43,101.25,103.61
840.0,101.74,100.59,102.89
860.0,101.84,100.62,103.05
880.0,104.06,103.14,104.98
900.0,102.56,101.34,103.79
920.0,102.46,101.47,103.44
940.0,103.60,102.70,104.50
960.0,102.56,101.68,103.45
980.0,103.12,102.10,104.15
1000.0,102.92,101.87,103.96
1020.0,103.19,102.30,104.07
1040.0,103.92,102.94,104.89
1060.0,103.80,102.76,104.85
1080.0,104.23,103.23,105.22
1100.0,103.16,102.16,104.17
1120.0,104.28,103.37,105.19
1140.0,104.35,103.25,105.45
1160.0,103.16,102.26,104.05
1180.0,103.03,101.99,104.07
1200.0,103.51,102.57,104.44
1220.0,103.27,102.30,104.24
1240.0,103.90,102.95,104.85
1260.0,103.76,102.95,104.57
1280.0,104.78,104.03,105.52
1300.0,103.14,102.26,104.02
1320.0,103.08,102.30,103.86
1340.0,103.28,102.47,104.08
1360.0,103.14,102.18,104.10
1380.0,103.45,102.29,104.61
1400.0,103.48,102.59,104.38
1420.0,103.01,102.05,103.96
1440.0,103.28,102.32,104.23
1460.0,103.24,102.19,104.30
1480.0,103.58,102.72,104.44
1500.0,104.32,103.38,105.26
1520.0,104.12,103.13,105.11
1540.0,104.53,103.47,105.60
1560.0,103.84,103.04,104.63
1580.0,103.49,102.48,104.50
1600.0,103.28,102.25,104.31
1620.0,103.29,102.34,104.25
1640.0,103.86,102.90,104.81
1660.0,104.42,103.42,105.42
1680.0,104.23,103.09,105.37
1700.0,103.69,102.83,104.55
1720.0,103.96,102.85,105.07
1740.0,103.35,102.26,104.44
1760.0,104.03,103.13,104.92
1780.0,103.53,102.62,104.44
1800.0,103.60,102.55,104.65
1820.0,103.53,102.70,104.36
1840.0,103.78,102.80,104.75
1860.0,104.71,103.72,105.70
1880.0,103.34,102.39,104.28
1900.0,103.56,102.64,104.47
1920.0,103.57,102.59,104.55
1940.0,104.66,103.65,105.67
1960.0,103.38,102.44,104.32
1980.0,102.75,101.92,103.57
2000.0,103.75,102.64,104.86
2020.0,103.25,102.32,104.18
2040.0,103.04,102.16,103.92
2060.0,103.29,102.34,104.24
2080.0,104.13,103.21,105.06
2100.0,103.66,102.75,104.58
2120.0,103.98,103.11,104.85
2140.0,103.65,102.70,104.61
2160.0,104.04,103.00,105.09
2180.0,104.57,103.72,105.41
2200.0,104.16,103.20,105.13
2220.0,102.93,102.08,103.78
2240.0,102.76,102.02,103.49
2260.0,103.45,102.54,104.37
2280.0,103.00,102.01,104.00
2300.0,103.90,103.02,104.79
2320.0,103.14,102.06,104.22
2340.0,103.43,102.37,104.49
2360.0,104.10,103.28,104.92
2380.0,103.43,102.64,104.22
2400.0,103.08,102.31,103.84
2420.0,103.42,102.51,104.33
2440.0,103.45,102.47,104.44
2460.0,103.20,102.41,104.00
2480.0,103.08,102.20,103.97
2500.0,103.88,102.85,104.92
2520.0,103.47,102.58,104.36
2540.0,104.30,103.39,105.21
2560.0,103.74,102.91,104.57
2580.0,103.09,102.26,103.92
2600.0,103.46,102.74,104.19
2620.0,103.41,102.52,104.29
2640.0,103.01,101.94,104.08
2660.0,102.79,101.88,103.69
2680.0,102.57,101.68,103.45
2700.0,103.43,102.65,104.21
2720.0,103.71,102.75,104.67
2740.0,103.58,102.71,104.45
2760.0,102.66,101.88,103.43
2780.0,102.46,101.60,103.31
2800.0,102.87,102.16,103.58
2820.0,102.84,101.97,103.72
2840.0,103.06,102.13,104.00
2860.0,102.44,101.61,103.27
2880.0,103.62,102.68,104.56
2900.0,102.18,101.23,103.13
2920.0,102.88,101.97,103.79
2940.0,102.99,101.92,104.07
2960.0,102.74,101.71,103.77
2980.0,103.13,102.28,103.97
3000.0,102.38,101.31,103.45
3020.0,103.02,102.03,104.02
3040.0,102.80,102.04,103.57
3060.0,103.14,102.17,104.10
3080.0,102.11,101.19,103.03
3100.0,102.63,101.61,103.64
3120.0,102.82,101.95,103.68
3140.0,102.67,101.76,103.59
3160.0,102.47,101.53,103.42
3180.0,102.22,101.35,103.09
3200.0,102.25,101.43,103.08
3220.0,102.58,101.64,103.52
3240.0,103.24,102.40,104.08
3260.0,102.02,101.12,102.91
3280.0,102.71,101.80,103.63
3300.0,101.40,100.64,102.17
3320.0,102.35,101.42,103.28
3340.0,102.56,101.54,103.58
3360.0,103.00,102.16,103.83
3380.0,101.56,100.71,102.42
3400.0,102.53,101.55,103.50
3420.0,102.14,101.16,103.13
3440.0,101.72,100.88,102.57
3460.0,103.04,102.02,104.06
3480.0,102.74,101.81,103.66
3500.0,102.15,101.32,102.97
3520.0,101.79,100.98,102.61
3540.0,102.80,101.93,103.66
3560.0,102.28,101.42,103.14
3580.0,102.09,101.32,102.87
3600.0,102.31,101.20,103.42
3620.0,101.87,100.94,102.79
3640.0,101.74,100.91,102.57
3660.0,102.08,101.24,102.92
3680.0,102.08,101.10,103.06
3700.0,101.91,101.08,102.75
3720.0,101.16,100.20,102.11
3740.0,101.74,100.83,102.65
3760.0,102.44,101.74,103.15
3780.0,102.40,101.55,103.25
3800.0,102.28,101.44,103.12
3820.0,101.71,100.88,102.54
3840.0,101.01,100.18,101.84
3860.0,102.28,101.29,103.27
3880.0,102.00,101.06,102.93
3900.0,102.19,101.26,103.12
3920.0,102.01,101.20,102.81
3940.0,102.56,101.75,103.38
3960.0,102.11,101.27,102.95
3980.0,102.33,101.46,103.20
4000.0,101.30,100.42,102.18
4020.0,102.14,101.33,102.94
4040.0,102.11,101.21,103.01
4060.0,102.36,101.40,103.32
4080.0,102.19,101.37,103.02
4100.0,101.38,100.44,102.32
4120.0,101.31,100.42,102.20
4140.0,100.79,100.03,101.55
4160.0,101.49,100.63,102.35
4180.0,102.11,101.24,102.99
4200.0,101.99,101.04,102.94
4220.0,101.32,100.48,102.17
4240.0,101.82,100.81,102.84
4260.0,101.48,100.58,102.38
4280.0,101.29,100.36,102.22
4300.0,101.84,100.86,102.83
4320.0,101.35,100.44,102.26
4340.0,100.63,99.68,101.58
4360.0,101.77,100.89,102.66
4380.0,101.30,100.35,102.26
4400.0,101.20,100.22,102.17
4420.0,101.80,100.83,102.77
4440.0,100.83,100.02,101.63
4460.0,101.63,100.63,102.63
4480.0,101.74,100.71,102.76
4500.0,100.69,99.84,101.55
4520.0,101.30,100.31,102.28
4540.0,101.20,100.16,102.23
4560.0,100.49,99.73,101.25
4580.0,101.58,100.60,102.56
4600.0,101.07,100.29,101.86
4620.0,101.39,100.48,102.30
4640.0,101.48,100.59,102.36
4660.0,101.47,100.69,102.25
4680.0,101.59,100.76,102.41
4700.0,101.03,100.09,101.98
4720.0,101.29,100.51,102.08
4740.0,101.17,100.31,102.04
4760.0,101.86,100.92,102.81
4780.0,101.63,100.74,102.52
4800.0,101.16,100.34,101.98
4820.0,101.32,100.44,102.21
4840.0,101.14,100.26,102.02
4860.0,101.27,100.40,102.15
4880.0,101.56,100.69,102.42
4900.0,100.68,99.91,101.45
4920.0,101.49,100.66,102.32
4940.0,100.86,100.05,101.68
4960.0,100.73,99.83,101.63
4980.0,100.91,100.08,101.74
5000.0,101.28,100.43,102.13
