trial,mean,ci_down,ci_up
0.0,54.63,50.65,58.62
20.0,119.01,113.94,124.09
40.0,193.68,187.87,199.50
60.0,273.15,266.85,279.44
80.0,359.03,351.99,366.06
100.0,447.65,440.83,454.48
120.0,537.47,530.18,544.76
140.0,631.21,623.69,638.74
160.0,725.30,717.65,732.95
180.0,821.48,813.33,829.62
200.0,918.78,910.21,927.36
220.0,1015.63,1006.87,1024.39
240.0,1114.91,1106.00,1123.83
260.0,1213.68,1204.93,1222.42
280.0,1312.72,1303.81,1321.64
300.0,1412.54,1403.63,1421.46
320.0,1512.55,1503.64,1521.45
340.0,1614.29,1605.18,1623.40
360.0,1715.74,1706.50,1724.97
380.0,1818.21,1808.70,1827.73
400.0,1919.87,1910.08,1929.65
420.0,2021.93,2011.82,2032.03
440.0,2124.13,2114.01,2134.24
460.0,2226.10,2215.47,2236.74
480.0,2328.09,2317.03,2339.15
500.0,2430.74,2419.17,2442.31
520.0,2532.98,2521.13,2544.84
540.0,2634.34,2622.18,2646.50
560.0,2736.93,2724.42,2749.44
580.0,2839.61,2826.96,2852.27
600.0,2942.46,2929.44,2955.48
620.0,3044.39,3030.96,3057.82
640.0,3147.11,3133.57,3160.65
660.0,3250.20,3236.62,3263.79
680.0,3352.61,3338.75,3366.47
700.0,3455.52,3441.43,3469.61
720.0,3557.40,3543.17,3571.63
740.0,3661.16,3646.69,3675.62
760.0,3765.14,3750.44,3779.83
780.0,3868.17,3853.16,3883.18
800.0,3971.61,3956.08,3987.14
820.0,4073.84,4058.05,4089.62
840.0,4176.79,4160.89,4192.70
860.0,4279.57,4263.31,4295.83
880.0,4382.26,4365.72,4398.81
900.0,4485.19,4468.38,4501.99
920.0,4588.62,4571.78,4605.45
940.0,4691.21,4673.88,4708.54
960.0,4794.12,4776.54,4811.70
980.0,4897.52,4879.65,4915.39
1000.0,5001.06,4982.76,5019.36
1020.0,5105.48,5086.80,5124.16
1040.0,5209.26,5190.17,5228.36
1060.0,5313.13,5293.80,5332.46
1080.0,5417.98,5398.17,5437.79
1100.0,5521.17,5501.03,5541.31
1120.0,5624.39,5603.86,5644.93
1140.0,5728.78,5707.84,5749.71
1160.0,5832.59,5811.26,5853.92
1180.0,5936.87,5914.93,5958.81
1200.0,6040.46,6018.21,6062.70
1220.0,6144.57,6122.13,6167.01
1240.0,6248.15,6225.32,6270.97
1260.0,6352.06,6329.09,6375.03
1280.0,6456.18,6433.10,6479.26
1300.0,6559.64,6536.31,6582.97
1320.0,6663.54,6639.93,6687.14
1340.0,6767.19,6743.40,6790.98
1360.0,6871.15,6847.23,6895.07
1380.0,6974.40,6950.33,6998.48
1400.0,7078.46,7054.11,7102.81
1420.0,7181.58,7157.00,7206.17
1440.0,7284.64,7259.54,7309.74
1460.0,7388.02,7362.82,7413.21
1480.0,7491.06,7465.50,7516.62
1500.0,7595.57,7569.83,7621.30
1520.0,7699.44,7673.50,7725.37
1540.0,7802.51,7776.43,7828.60
1560.0,7905.74,7879.44,7932.04
1580.0,8008.65,7981.93,8035.36
1600.0,8111.88,8085.00,8138.76
1620.0,8215.48,8188.15,8242.80
1640.0,8319.78,8291.99,8347.57
1660.0,8423.08,8394.88,8451.27
1680.0,8526.43,8497.91,8554.96
1700.0,8628.68,8599.87,8657.48
1720.0,8733.20,8703.83,8762.57
1740.0,8837.59,8807.86,8867.32
1760.0,8940.42,8910.57,8970.27
1780.0,9044.33,9014.05,9074.61
1800.0,9146.94,9116.37,9177.51
1820.0,9250.88,9220.09,9281.67
1840.0,9354.70,9323.61,9385.80
1860.0,9458.77,9427.20,9490.34
1880.0,9561.59,9529.58,9593.59
1900.0,9664.90,9632.40,9697.41
1920.0,9768.69,9735.97,9801.41
1940.0,9872.75,9839.56,9905.95
1960.0,9976.81,9943.17,10010.45
1980.0,10081.10,10047.20,10115.00
2000.0,10185.74,10151.45,10220.03
2020.0,10288.63,10253.96,10323.30
2040.0,10393.03,10357.95,10428.10
2060.0,10495.51,10460.18,10530.85
2080.0,10599.68,10563.96,10635.40
2100.0,10703.14,10666.93,10739.35
2120.0,10806.97,10770.53,10843.41
2140.0,10910.97,10874.21,10947.73
2160.0,11014.89,10977.77,11052.00
2180.0,11117.95,11080.31,11155.60
2200.0,11220.93,11182.88,11258.98
2220.0,11324.05,11285.78,11362.32
2240.0,11427.25,11388.59,11465.91
2260.0,11530.40,11491.37,11569.44
2280.0,11633.91,11594.75,11673.07
2300.0,11736.56,11696.97,11776.16
2320.0,11839.77,11799.81,11879.74
2340.0,11942.77,11902.31,11983.24
2360.0,12047.14,12006.32,12087.96
2380.0,12150.33,12109.31,12191.35
2400.0,12253.64,12212.12,12295.17
2420.0,12357.47,12315.75,12399.19
2440.0,12460.34,12418.47,12502.20
2460.0,12563.05,12520.96,12605.15
2480.0,12666.10,12623.61,12708.60
2500.0,12769.33,12726.53,12812.13
2520.0,12872.39,12829.23,12915.56
2540.0,12975.28,12931.76,13018.79
2560.0,13078.53,13034.54,13122.51
2580.0,13182.32,13137.96,13226.68
2600.0,13285.15,13240.40,13329.89
2620.0,13387.93,13342.69,13433.17
2640.0,13490.10,13444.51,13535.69
2660.0,13593.41,13547.51,13639.30
2680.0,13695.94,13649.87,13742.01
2700.0,13798.86,13752.55,13845.16
2720.0,13901.49,13854.92,13948.06
2740.0,14003.99,13956.99,14050.98
2760.0,14106.62,14059.29,14153.96
2780.0,14209.24,14161.53,14256.95
2800.0,14312.02,14263.88,14360.15
2820.0,14415.34,14366.85,14463.83
2840.0,14517.41,14468.61,14566.21
2860.0,14619.24,14569.97,14668.51
2880.0,14722.18,14672.49,14771.87
2900.0,14824.69,14774.58,14874.80
2920.0,14926.76,14876.17,14977.36
2940.0,15029.14,14978.01,15080.28
2960.0,15132.33,15080.91,15183.75
2980.0,15234.44,15182.69,15286.19
3000.0,15336.42,15284.20,15388.64
3020.0,15438.97,15386.50,15491.44
3040.0,15540.78,15487.96,15593.61
3060.0,15643.60,15590.34,15696.85
3080.0,15745.66,15692.24,15799.07
3100.0,15848.20,15794.36,15902.04
3120.0,15951.04,15896.74,16005.34
3140.0,16053.31,15998.58,16108.03
3160.0,16155.74,16100.84,16210.64
3180.0,16257.84,16202.49,16313.19
3200.0,16359.05,16303.36,16414.73
3220.0,16462.47,16406.31,16518.62
3240.0,16564.81,16508.18,16621.44
3260.0,16666.61,16609.70,16723.51
3280.0,16769.27,16712.00,16826.55
3300.0,16872.39,16814.53,16930.24
3320.0,16974.66,16916.17,17033.15
3340.0,17076.37,17017.42,17135.33
3360.0,17178.01,17118.63,17237.39
3380.0,17279.83,17220.14,17339.52
3400.0,17381.37,17321.25,17441.49
3420.0,17484.31,17423.75,17544.87
3440.0,17586.11,17525.21,17647.01
3460.0,17688.46,17627.13,17749.78
3480.0,17791.36,17729.64,17853.08
3500.0,17893.51,17831.49,17955.53
3520.0,17995.30,17932.81,18057.78
3540.0,18097.34,18034.39,18160.28
3560.0,18199.41,18136.10,18262.72
3580.0,18300.81,18237.07,18364.56
3600.0,18403.46,18339.34,18467.57
3620.0,18505.45,18440.84,18570.06
3640.0,18607.66,18542.55,18672.78
3660.0,18710.47,18644.85,18776.09
3680.0,18811.81,18745.84,18877.79
3700.0,18913.55,18847.25,18979.86
3720.0,19014.76,18948.05,19081.48
3740.0,19116.30,19049.16,19183.44
3760.0,19218.70,19151.08,19286.33
3780.0,19321.53,19253.43,19389.64
3800.0,19423.11,19354.63,19491.60
3820.0,19525.59,19456.62,19594.56
3840.0,19628.25,19558.92,19697.59
3860.0,19730.25,19660.49,19800.02
3880.0,19832.81,19762.65,19902.96
3900.0,19935.53,19864.89,20006.17
3920.0,20036.81,19965.86,20107.76
3940.0,20138.39,20066.99,20209.78
3960.0,20240.12,20168.36,20311.88
3980.0,20342.15,20269.60,20414.70
4000.0,20443.96,20371.13,20516.79
4020.0,20547.21,20473.97,20620.45
4040.0,20648.77,20575.02,20722.51
4060.0,20750.38,20676.35,20824.41
4080.0,20853.31,20778.91,20927.71
4100.0,20955.29,20880.33,21030.24
4120.0,21057.43,20982.04,21132.83
4140.0,21159.80,21083.99,21235.62
4160.0,21260.70,21184.63,21336.76
4180.0,21363.00,21286.54,21439.46
4200.0,21464.50,21387.67,21541.33
4220.0,21566.69,21489.34,21644.05
4240.0,21668.12,21590.32,21745.93
4260.0,21770.71,21692.30,21849.11
4280.0,21872.34,21793.70,21950.99
4300.0,21973.73,21894.92,22052.54
4320.0,22075.82,21996.59,22155.05
4340.0,22177.54,22097.98,22257.09
4360.0,22279.23,22199.25,22359.20
4380.0,22380.72,22300.35,22461.08
4400.0,22482.58,22401.84,22563.31
4420.0,22585.10,22504.06,22666.14
4440.0,22686.23,22604.92,22767.55
4460.0,22788.27,22706.69,22869.84
4480.0,22890.07,22808.05,22972.09
4500.0,22991.60,22909.20,23073.99
4520.0,23091.61,23008.96,23174.26
4540.0,23193.05,23110.18,23275.92
4560.0,23294.91,23211.55,23378.27
4580.0,23395.65,23311.86,23479.43
4600.0,23496.52,23412.38,23580.67
4620.0,23597.31,23512.67,23681.96
4640.0,23699.63,23614.68,23784.57
4660.0,23799.95,23714.68,23885.22
4680.0,23900.84,23815.12,23986.57
4700.0,24002.58,23916.57,24088.59
4720.0,24103.61,24017.24,24189.98
4740.0,24204.04,24117.36,24290.72
4760.0,24305.57,24218.41,24392.73
4780.0,24406.75,24319.25,24494.24
4800.0,24507.26,24419.48,24595.05
4820.0,24607.79,24519.59,24696.00
4840.0,24709.20,24620.58,24797.81
4860.0,24810.01,24721.09,24898.94
4880.0,24911.12,24821.69,25000.55
4900.0,25012.57,24922.84,25102.29
4920.0,25113.59,25023.39,25203.78
4940.0,25212.57,25122.02,25303.12
4960.0,25313.45,25222.27,25404.63
4980.0,25413.76,25322.25,25505.27
5000.0,25514.42,25422.58,25606.26
