trial,mean,ci_down,ci_up
0.0,4.08,3.59,4.57
20.0,9.20,8.49,9.91
40.0,15.82,14.89,16.75
60.0,23.26,21.82,24.70
80.0,32.08,30.00,34.16
100.0,43.72,41.01,46.43
120.0,57.66,54.58,60.74
140.0,73.90,70.40,77.40
160.0,92.20,88.09,96.31
180.0,112.02,107.56,116.48
200.0,131.68,126.83,136.53
220.0,152.98,147.71,158.25
240.0,175.36,169.66,181.06
260.0,198.60,192.25,204.95
280.0,224.54,217.59,231.49
300.0,251.48,244.18,258.78
320.0,277.80,269.99,285.61
340.0,307.60,298.93,316.27
360.0,337.10,328.01,346.19
380.0,367.68,358.28,377.08
400.0,397.34,387.99,406.69
420.0,430.74,420.44,441.04
440.0,462.24,451.34,473.14
460.0,495.20,483.72,506.68
480.0,530.68,518.27,543.09
500.0,565.44,552.26,578.62
520.0,600.86,586.67,615.05
540.0,637.08,621.99,652.17
560.0,673.70,657.83,689.57
580.0,711.36,695.04,727.68
600.0,751.34,734.08,768.60
620.0,791.48,773.60,809.36
640.0,831.88,813.47,850.29
660.0,872.82,853.63,892.01
680.0,914.12,894.54,933.70
700.0,955.62,935.53,975.71
720.0,996.42,976.03,1016.81
740.0,1037.96,1016.98,1058.94
760.0,1081.70,1060.28,1103.12
780.0,1124.08,1102.02,1146.14
800.0,1168.78,1146.11,1191.45
820.0,1214.28,1190.67,1237.89
840.0,1258.52,1234.26,1282.78
860.0,1303.14,1278.06,1328.22
880.0,1348.40,1322.30,1374.50
900.0,1396.56,1369.32,1423.80
920.0,1441.20,1413.17,1469.23
940.0,1488.56,1459.76,1517.36
960.0,1534.12,1504.79,1563.45
980.0,1581.52,1551.44,1611.60
1000.0,1628.94,1598.14,1659.74
1020.0,1678.40,1646.68,1710.12
1040.0,1727.34,1694.76,1759.92
1060.0,1776.94,1743.68,1810.20
1080.0,1826.32,1792.58,1860.06
1100.0,1875.20,1840.90,1909.50
1120.0,1926.14,1891.18,1961.10
1140.0,1975.98,1940.59,2011.37
1160.0,2026.30,1990.48,2062.12
1180.0,2076.28,2039.96,2112.60
1200.0,2128.78,2091.80,2165.76
1220.0,2180.34,2142.54,2218.14
1240.0,2232.82,2194.40,2271.24
1260.0,2286.12,2246.95,2325.29
1280.0,2338.34,2298.64,2378.04
1300.0,2390.28,2349.96,2430.60
1320.0,2444.06,2403.17,2484.95
1340.0,2496.82,2455.31,2538.33
1360.0,2552.12,2510.17,2594.07
1380.0,2606.04,2563.38,2648.70
1400.0,2661.00,2617.86,2704.14
1420.0,2714.76,2671.21,2758.31
1440.0,2768.14,2724.00,2812.28
1460.0,2824.24,2779.69,2868.79
1480.0,2881.06,2836.05,2926.07
1500.0,2936.68,2890.94,2982.42
1520.0,2992.26,2946.08,3038.44
1540.0,3047.38,3000.92,3093.84
1560.0,3103.14,3056.19,3150.09
1580.0,3159.86,3112.55,3207.17
1600.0,3216.92,3168.70,3265.14
1620.0,3274.16,3225.21,3323.11
1640.0,3330.50,3280.92,3380.08
1660.0,3387.18,3337.29,3437.07
1680.0,3444.54,3394.07,3495.01
1700.0,3503.04,3451.78,3554.30
1720.0,3561.46,3509.73,3613.19
1740.0,3618.44,3565.99,3670.89
1760.0,3675.64,3622.58,3728.70
1780.0,3731.50,3677.56,3785.44
1800.0,3789.64,3735.16,3844.12
1820.0,3847.36,3792.38,3902.34
1840.0,3906.04,3850.88,3961.20
1860.0,3964.68,3909.33,4020.03
1880.0,4021.74,3965.78,4077.70
1900.0,4079.28,4022.91,4135.65
1920.0,4138.36,4081.50,4195.22
1940.0,4197.06,4139.66,4254.46
1960.0,4254.84,4196.82,4312.86
1980.0,4313.10,4254.50,4371.70
2000.0,4371.78,4312.58,4430.98
2020.0,4431.62,4371.67,4491.57
2040.0,4489.00,4428.38,4549.62
2060.0,4548.06,4486.85,4609.27
2080.0,4605.06,4543.14,4666.98
2100.0,4665.10,4602.37,4727.83
2120.0,4724.48,4661.24,4787.72
2140.0,4784.40,4720.01,4848.79
2160.0,4843.20,4777.99,4908.41
2180.0,4903.80,4838.05,4969.55
2200.0,4963.56,4897.30,5029.82
2220.0,5024.32,4957.65,5090.99
2240.0,5084.34,5017.41,5151.27
2260.0,5144.32,5076.97,5211.67
2280.0,5204.60,5136.67,5272.53
2300.0,5264.18,5196.08,5332.28
2320.0,5324.16,5255.72,5392.60
2340.0,5382.66,5313.37,5451.95
2360.0,5442.70,5372.71,5512.69
2380.0,5502.18,5431.64,5572.72
2400.0,5564.38,5493.41,5635.35
2420.0,5624.10,5552.52,5695.68
2440.0,5684.74,5612.25,5757.23
2460.0,5745.52,5672.24,5818.80
2480.0,5806.78,5733.14,5880.42
2500.0,5867.04,5792.87,5941.21
2520.0,5928.44,5853.71,6003.17
2540.0,5989.06,5914.10,6064.02
2560.0,6051.48,5976.00,6126.96
2580.0,6113.08,6037.20,6188.96
2600.0,6175.04,6098.73,6251.35
2620.0,6235.26,6158.29,6312.23
2640.0,6297.66,6220.25,6375.07
2660.0,6359.78,6281.93,6437.63
2680.0,6421.60,6343.39,6499.81
2700.0,6483.92,6405.36,6562.48
2720.0,6545.18,6466.67,6623.69
2740.0,6606.56,6527.93,6685.19
2760.0,6668.62,6589.72,6747.52
2780.0,6728.64,6649.18,6808.10
2800.0,6790.38,6710.82,6869.94
2820.0,6853.30,6773.53,6933.07
2840.0,6916.06,6836.33,6995.79
2860.0,6978.30,6898.39,7058.21
2880.0,7040.88,6960.82,7120.94
2900.0,7102.60,7022.53,7182.67
2920.0,7164.42,7084.16,7244.68
2940.0,7227.24,7146.36,7308.12
2960.0,7289.78,7208.46,7371.10
2980.0,7351.62,7269.60,7433.64
3000.0,7413.84,7331.12,7496.56
3020.0,7478.36,7395.28,7561.44
3040.0,7541.24,7457.73,7624.75
3060.0,7604.00,7520.22,7687.78
3080.0,7667.20,7583.00,7751.40
3100.0,7728.78,7644.15,7813.41
3120.0,7793.90,7709.02,7878.78
3140.0,7858.20,7773.08,7943.32
3160.0,7921.74,7836.33,8007.15
3180.0,7986.44,7900.76,8072.12
3200.0,8049.88,7963.82,8135.94
3220.0,8112.82,8026.38,8199.26
3240.0,8175.40,8088.85,8261.95
3260.0,8238.52,8151.51,8325.53
3280.0,8302.58,8215.47,8389.69
3300.0,8366.50,8279.12,8453.88
3320.0,8430.44,8342.98,8517.90
3340.0,8494.96,8406.98,8582.94
3360.0,8558.94,8470.69,8647.19
3380.0,8622.50,8534.21,8710.79
3400.0,8688.84,8600.34,8777.34
3420.0,8754.24,8665.45,8843.03
3440.0,8819.00,8729.99,8908.01
3460.0,8885.22,8796.24,8974.20
3480.0,8949.98,8860.63,9039.33
3500.0,9013.62,8923.93,9103.31
3520.0,9076.96,8986.98,9166.94
3540.0,9142.14,9051.98,9232.30
3560.0,9207.46,9116.94,9297.98
3580.0,9272.30,9181.96,9362.64
3600.0,9338.78,9248.24,9429.32
3620.0,9402.58,9311.98,9493.18
3640.0,9468.26,9377.58,9558.94
3660.0,9534.44,9443.65,9625.23
3680.0,9599.90,9509.25,9690.55
3700.0,9664.88,9573.83,9755.93
3720.0,9729.46,9638.17,9820.75
3740.0,9794.08,9702.64,9885.52
3760.0,9860.22,9768.56,9951.88
3780.0,9925.22,9833.54,10016.90
3800.0,9990.10,9898.51,10081.69
3820.0,10057.12,9964.94,10149.30
3840.0,10122.52,10030.15,10214.89
3860.0,10187.82,10095.18,10280.46
3880.0,10253.72,10161.10,10346.34
3900.0,10318.80,10226.18,10411.42
3920.0,10384.24,10291.43,10477.05
3940.0,10449.28,10356.26,10542.30
3960.0,10515.26,10422.17,10608.35
3980.0,10580.50,10487.57,10673.43
4000.0,10646.70,10553.55,10739.85
4020.0,10711.76,10618.59,10804.93
4040.0,10778.62,10685.29,10871.95
4060.0,10843.96,10750.52,10937.40
4080.0,10909.14,10815.31,11002.97
4100.0,10974.56,10880.64,11068.48
4120.0,11040.90,10946.69,11135.11
4140.0,11105.70,11011.40,11200.00
4160.0,11170.96,11076.29,11265.63
4180.0,11235.78,11141.19,11330.37
4200.0,11302.92,11208.41,11397.43
4220.0,11367.98,11273.27,11462.69
4240.0,11433.18,11338.14,11528.22
4260.0,11500.06,11405.16,11594.96
4280.0,11565.60,11470.53,11660.67
4300.0,11632.42,11537.08,11727.76
4320.0,11697.92,11602.58,11793.26
4340.0,11764.16,11668.64,11859.68
4360.0,11829.98,11734.28,11925.68
4380.0,11894.84,11799.14,11990.54
4400.0,11961.40,11865.02,12057.78
4420.0,12028.22,11931.14,12125.30
4440.0,12095.12,11997.56,12192.68
4460.0,12160.72,12062.89,12258.55
4480.0,12226.12,12127.96,12324.28
4500.0,12292.46,12193.85,12391.07
4520.0,12358.62,12259.45,12457.79
4540.0,12425.60,12326.25,12524.95
4560.0,12492.26,12392.63,12591.89
4580.0,12558.10,12458.68,12657.52
4600.0,12625.40,12525.32,12725.48
4620.0,12692.06,12591.68,12792.44
4640.0,12759.38,12658.75,12860.01
4660.0,12825.04,12724.04,12926.04
4680.0,12891.80,12790.33,12993.27
4700.0,12960.90,12859.30,13062.50
4720.0,13029.16,12927.51,13130.81
4740.0,13095.06,12993.12,13197.00
4760.0,13162.88,13060.80,13264.96
4780.0,13229.26,13126.72,13331.80
4800.0,13297.06,13194.29,13399.83
4820.0,13363.28,13260.49,13466.07
4840.0,13430.32,13327.40,13533.24
4860.0,13498.76,13395.67,13601.85
4880.0,13566.94,13463.76,13670.12
4900.0,13634.44,13530.83,13738.05
4920.0,13702.24,13598.33,13806.15
4940.0,13768.78,13664.50,13873.06
4960.0,13834.40,13729.93,13938.87
4980.0,13900.20,13795.44,14004.96
5000.0,13968.18,13863.12,14073.24
