trial,mean,ci_down,ci_up
0.0,4.08,3.59,4.57
20.0,5.12,4.55,5.69
40.0,6.62,5.96,7.28
60.0,7.44,6.65,8.23
80.0,8.82,7.82,9.82
100.0,11.64,10.49,12.79
120.0,13.94,12.93,14.95
140.0,16.24,15.19,17.29
160.0,18.30,16.84,19.76
180.0,19.82,18.65,20.99
200.0,19.66,18.32,21.00
220.0,21.30,20.11,22.49
240.0,22.38,21.03,23.73
260.0,23.24,21.82,24.66
280.0,25.94,24.18,27.70
300.0,26.94,25.86,28.02
320.0,26.32,24.67,27.97
340.0,29.80,28.13,31.47
360.0,29.50,28.07,30.93
380.0,30.58,29.19,31.97
400.0,29.66,27.93,31.39
420.0,33.40,31.43,35.37
440.0,31.50,30.23,32.77
460.0,32.96,31.37,34.55
480.0,35.48,33.92,37.04
500.0,34.76,32.97,36.55
520.0,35.42,33.67,37.17
540.0,36.22,34.60,37.84
560.0,36.62,34.73,38.51
580.0,37.66,36.14,39.18
600.0,39.98,37.87,42.09
620.0,40.14,38.55,41.73
640.0,40.40,38.61,42.19
660.0,40.94,39.23,42.65
680.0,41.30,39.66,42.94
700.0,41.50,39.73,43.27
720.0,40.80,39.42,42.18
740.0,41.54,39.94,43.14
760.0,43.74,42.18,45.30
780.0,42.38,40.90,43.86
800.0,44.70,43.18,46.22
820.0,45.50,43.88,47.12
840.0,44.24,42.58,45.90
860.0,44.62,42.81,46.43
880.0,45.26,43.14,47.38
900.0,48.16,46.29,50.03
920.0,44.64,43.09,46.19
940.0,47.36,45.58,49.14
960.0,45.56,43.93,47.19
980.0,47.40,45.74,49.06
1000.0,47.42,45.65,49.19
1020.0,49.46,47.80,51.12
1040.0,48.94,47.37,50.51
1060.0,49.60,47.98,51.22
1080.0,49.38,47.69,51.07
1100.0,48.88,47.38,50.38
1120.0,50.94,49.14,52.74
1140.0,49.84,48.25,51.43
1160.0,50.32,48.84,51.80
1180.0,49.98,48.32,51.64
1200.0,52.50,50.83,54.17
1220.0,51.56,50.00,53.12
1240.0,52.48,50.90,54.06
1260.0,53.30,51.81,54.79
1280.0,52.22,50.66,53.78
1300.0,51.94,50.45,53.43
1320.0,53.78,52.26,55.30
1340.0,52.76,51.16,54.36
1360.0,55.30,53.78,56.82
1380.0,53.92,52.24,55.60
1400.0,54.96,53.57,56.35
1420.0,53.76,52.10,55.42
1440.0,53.38,51.82,54.94
1460.0,56.10,54.64,57.56
1480.0,56.82,55.50,58.14
1500.0,55.62,53.94,57.30
1520.0,55.58,54.11,57.05
1540.0,55.12,53.60,56.64
1560.0,55.76,54.21,57.31
1580.0,56.72,55.44,58.00
1600.0,57.06,55.52,58.60
1620.0,57.24,55.55,58.93
1640.0,56.34,54.81,57.87
1660.0,56.68,55.27,58.09
1680.0,57.36,55.86,58.86
1700.0,58.50,56.84,60.16
1720.0,58.42,57.09,59.75
1740.0,56.98,55.75,58.21
1760.0,57.20,55.73,58.67
1780.0,55.86,54.40,57.32
1800.0,58.14,56.63,59.65
1820.0,57.72,56.25,59.19
1840.0,58.68,57.36,60.00
1860.0,58.64,56.98,60.30
1880.0,57.06,55.70,58.42
1900.0,57.54,56.09,58.99
1920.0,59.08,57.78,60.38
1940.0,58.70,57.09,60.31
1960.0,57.78,56.23,59.33
1980.0,58.26,56.81,59.71
2000.0,58.68,57.05,60.31
2020.0,59.84,58.22,61.46
2040.0,57.38,55.73,59.03
2060.0,59.06,57.54,60.58
2080.0,57.00,55.21,58.79
2100.0,60.04,58.17,61.91
2120.0,59.38,57.82,60.94
2140.0,59.92,57.87,61.97
2160.0,58.80,57.07,60.53
2180.0,60.60,58.86,62.34
2200.0,59.76,58.14,61.38
2220.0,60.76,59.38,62.14
2240.0,60.02,58.32,61.72
2260.0,59.98,58.32,61.64
2280.0,60.28,58.38,62.18
2300.0,59.58,58.29,60.87
2320.0,59.98,58.24,61.72
2340.0,58.50,57.01,59.99
2360.0,60.04,58.44,61.64
2380.0,59.48,57.95,61.01
2400.0,62.20,60.80,63.60
2420.0,59.72,58.01,61.43
2440.0,60.64,59.09,62.19
2460.0,60.78,59.15,62.41
2480.0,61.26,59.89,62.63
2500.0,60.26,58.88,61.64
2520.0,61.40,59.84,62.96
2540.0,60.62,59.31,61.93
2560.0,62.42,60.78,64.06
2580.0,61.60,60.07,63.13
2600.0,61.96,60.45,63.47
2620.0,60.22,58.62,61.82
2640.0,62.40,61.25,63.55
2660.0,62.12,60.63,63.61
2680.0,61.82,60.13,63.51
2700.0,62.32,60.54,64.10
2720.0,61.26,59.72,62.80
2740.0,61.38,60.02,62.74
2760.0,62.06,60.37,63.75
2780.0,60.02,58.60,61.44
2800.0,61.74,60.32,63.16
2820.0,62.92,61.48,64.36
2840.0,62.76,61.57,63.95
2860.0,62.24,60.87,63.61
2880.0,62.58,61.21,63.95
2900.0,61.72,60.37,63.07
2920.0,61.82,60.11,63.53
2940.0,62.82,61.40,64.24
2960.0,62.54,60.84,64.24
2980.0,61.84,60.19,63.49
3000.0,62.22,60.51,63.93
3020.0,64.52,62.92,66.12
3040.0,62.88,61.46,64.30
3060.0,62.76,61.46,64.06
3080.0,63.20,62.06,64.34
3100.0,61.58,60.07,63.09
3120.0,65.12,63.67,66.57
3140.0,64.30,62.87,65.73
3160.0,63.54,62.05,65.03
3180.0,64.70,63.37,66.03
3200.0,63.44,61.77,65.11
3220.0,62.94,61.43,64.45
3240.0,62.58,60.99,64.17
3260.0,63.12,61.26,64.98
3280.0,64.06,62.54,65.58
3300.0,63.92,62.81,65.03
3320.0,63.94,62.57,65.31
3340.0,64.52,63.04,66.00
3360.0,63.98,62.50,65.46
3380.0,63.56,62.03,65.09
3400.0,66.34,64.92,67.76
3420.0,65.40,63.91,66.89
3440.0,64.76,63.44,66.08
3460.0,66.22,65.18,67.26
3480.0,64.76,63.46,66.06
3500.0,63.64,61.79,65.49
3520.0,63.34,61.42,65.26
3540.0,65.18,63.75,66.61
3560.0,65.32,63.68,66.96
3580.0,64.84,63.34,66.34
3600.0,66.48,65.09,67.87
3620.0,63.80,62.46,65.14
3640.0,65.68,64.21,67.15
3660.0,66.18,64.70,67.66
3680.0,65.46,63.99,66.93
3700.0,64.98,63.38,66.58
3720.0,64.58,62.97,66.19
3740.0,64.62,63.17,66.07
3760.0,66.14,64.59,67.69
3780.0,65.00,63.67,66.33
3800.0,64.88,63.50,66.26
3820.0,67.02,65.52,68.52
3840.0,65.40,64.02,66.78
3860.0,65.30,63.85,66.75
3880.0,65.90,64.09,67.71
3900.0,65.08,63.36,66.80
3920.0,65.44,63.65,67.23
3940.0,65.04,63.24,66.84
3960.0,65.98,64.39,67.57
3980.0,65.24,63.81,66.67
4000.0,66.20,64.54,67.86
4020.0,65.06,63.55,66.57
4040.0,66.86,65.45,68.27
4060.0,65.34,63.64,67.04
4080.0,65.18,63.32,67.04
4100.0,65.42,63.86,66.98
4120.0,66.34,64.78,67.90
4140.0,64.80,63.00,66.60
4160.0,65.26,63.43,67.09
4180.0,64.82,62.85,66.79
4200.0,67.14,65.60,68.68
4220.0,65.06,63.47,66.65
4240.0,65.20,63.27,67.13
4260.0,66.88,65.39,68.37
4280.0,65.54,64.01,67.07
4300.0,66.82,65.11,68.53
4320.0,65.50,63.88,67.12
4340.0,66.24,64.23,68.25
4360.0,65.82,64.25,67.39
4380.0,64.86,63.33,66.39
4400.0,66.56,65.19,67.93
4420.0,66.82,65.19,68.45
4440.0,66.90,65.29,68.51
4460.0,65.60,64.19,67.01
4480.0,65.40,63.95,66.85
4500.0,66.34,64.82,67.86
4520.0,66.16,64.60,67.72
4540.0,66.98,65.49,68.47
4560.0,66.66,65.26,68.06
4580.0,65.84,64.58,67.10
4600.0,67.30,65.82,68.78
4620.0,66.66,64.92,68.40
4640.0,67.32,65.59,69.05
4660.0,65.66,63.91,67.41
4680.0,66.76,65.03,68.49
4700.0,69.10,67.75,70.45
4720.0,68.26,66.44,70.08
4740.0,65.90,64.39,67.41
4760.0,67.82,66.08,69.56
4780.0,66.38,64.92,67.84
4800.0,67.80,66.25,69.35
4820.0,66.22,64.88,67.56
4840.0,67.04,65.69,68.39
4860.0,68.44,66.99,69.89
4880.0,68.18,66.48,69.88
4900.0,67.50,65.80,69.20
4920.0,67.80,65.98,69.62
4940.0,66.54,64.87,68.21
4960.0,65.62,64.06,67.18
4980.0,65.80,64.31,67.29
5000.0,67.98,66.59,69.37
