trial,mean,ci_down,ci_up
0.0,54.63,50.65,58.62
20.0,64.38,60.47,68.29
40.0,74.67,72.49,76.85
60.0,79.46,75.71,83.21
80.0,85.88,83.66,88.11
100.0,88.62,86.60,90.65
120.0,89.82,87.76,91.88
140.0,93.74,92.19,95.29
160.0,94.08,92.44,95.72
180.0,96.18,94.44,97.92
200.0,97.31,95.84,98.77
220.0,96.85,95.45,98.24
240.0,99.28,98.07,100.50
260.0,98.76,97.08,100.45
280.0,99.05,97.73,100.36
300.0,99.82,98.38,101.26
320.0,100.00,98.87,101.13
340.0,101.75,100.62,102.87
360.0,101.44,100.21,102.68
380.0,102.48,101.13,103.82
400.0,101.65,100.53,102.78
420.0,102.06,100.89,103.23
440.0,102.20,101.07,103.32
460.0,101.98,100.73,103.22
480.0,101.98,100.68,103.29
500.0,102.65,101.51,103.79
520.0,102.24,101.10,103.39
540.0,101.36,100.19,102.52
560.0,102.59,101.41,103.77
580.0,102.68,101.76,103.60
600.0,102.84,101.92,103.77
620.0,101.93,100.96,102.91
640.0,102.72,101.56,103.87
660.0,103.10,102.15,104.05
680.0,102.41,101.35,103.46
700.0,102.91,101.90,103.92
720.0,101.88,100.83,102.93
740.0,103.76,102.73,104.79
760.0,103.98,103.07,104.89
780.0,103.04,102.03,104.04
800.0,103.44,102.38,104.49
820.0,102.22,101.28,103.17
840.0,102.96,102.09,103.83
860.0,102.78,101.94,103.61
880.0,102.69,101.63,103.76
900.0,102.92,102.19,103.65
920.0,103.43,102.51,104.35
940.0,102.59,101.54,103.64
960.0,102.91,102.01,103.82
980.0,103.40,102.31,104.49
1000.0,103.54,102.75,104.33
1020.0,104.42,103.26,105.58
1040.0,103.78,102.72,104.85
1060.0,103.87,103.01,104.72
1080.0,104.85,103.71,105.99
1100.0,103.19,102.25,104.14
1120.0,103.22,102.29,104.15
1140.0,104.38,103.42,105.35
1160.0,103.82,102.85,104.78
1180.0,104.28,103.22,105.34
1200.0,103.59,102.79,104.39
1220.0,104.12,103.20,105.03
1240.0,103.58,102.75,104.40
1260.0,103.91,103.04,104.79
1280.0,104.12,103.32,104.92
1300.0,103.46,102.60,104.32
1320.0,103.90,102.96,104.84
1340.0,103.65,102.85,104.46
1360.0,103.96,102.96,104.95
1380.0,103.26,102.44,104.07
1400.0,104.06,103.11,105.01
1420.0,103.12,102.17,104.08
1440.0,103.06,102.12,103.99
1460.0,103.38,102.55,104.20
1480.0,103.05,102.17,103.92
1500.0,104.50,103.62,105.39
1520.0,103.87,102.96,104.78
1540.0,103.08,101.98,104.17
1560.0,103.23,102.44,104.02
1580.0,102.91,102.02,103.79
1600.0,103.23,102.31,104.15
1620.0,103.60,102.69,104.50
1640.0,104.30,103.21,105.39
1660.0,103.30,102.46,104.13
1680.0,103.36,102.59,104.13
1700.0,102.24,101.38,103.10
1720.0,104.52,103.53,105.51
1740.0,104.39,103.45,105.34
1760.0,102.83,102.03,103.63
1780.0,103.91,103.00,104.82
1800.0,102.61,101.56,103.66
1820.0,103.94,103.07,104.80
1840.0,103.82,102.90,104.75
1860.0,104.07,102.92,105.21
1880.0,102.81,101.93,103.70
1900.0,103.32,102.36,104.28
1920.0,103.78,103.05,104.52
1940.0,104.06,103.27,104.86
1960.0,104.06,103.07,105.04
1980.0,104.29,103.32,105.26
2000.0,104.64,103.82,105.45
2020.0,102.89,101.99,103.78
2040.0,104.40,103.51,105.29
2060.0,102.49,101.79,103.18
2080.0,104.16,103.17,105.15
2100.0,103.47,102.48,104.45
2120.0,103.83,102.96,104.70
2140.0,104.00,103.20,104.80
2160.0,103.92,102.99,104.84
2180.0,103.07,102.17,103.96
2200.0,102.98,102.21,103.75
2220.0,103.12,102.32,103.92
2240.0,103.20,102.39,104.01
2260.0,103.16,102.17,104.14
2280.0,103.51,102.63,104.38
2300.0,102.65,101.80,103.51
2320.0,103.21,102.42,104.00
2340.0,103.00,102.06,103.94
2360.0,104.37,103.55,105.18
2380.0,103.19,102.45,103.92
2400.0,103.31,102.44,104.18
2420.0,103.83,103.18,104.48
2440.0,102.86,101.93,103.79
2460.0,102.72,101.92,103.52
2480.0,103.05,102.17,103.93
2500.0,103.23,102.38,104.07
2520.0,103.06,102.14,103.99
2540.0,102.88,102.00,103.77
2560.0,103.25,102.31,104.19
2580.0,103.79,102.91,104.68
2600.0,102.83,101.99,103.66
2620.0,102.79,101.79,103.78
2640.0,102.17,101.39,102.95
2660.0,103.31,102.45,104.16
2680.0,102.53,101.72,103.35
2700.0,102.91,102.12,103.71
2720.0,102.64,101.53,103.74
2740.0,102.49,101.50,103.49
2760.0,102.64,101.81,103.46
2780.0,102.61,101.72,103.51
2800.0,102.78,101.89,103.67
2820.0,103.32,102.41,104.23
2840.0,102.07,101.33,102.81
2860.0,101.83,100.83,102.83
2880.0,102.94,102.05,103.83
2900.0,102.51,101.61,103.40
2920.0,102.08,101.14,103.02
2940.0,102.38,101.42,103.34
2960.0,103.19,102.29,104.09
2980.0,102.11,101.14,103.07
3000.0,101.98,100.97,103.00
3020.0,102.55,101.79,103.30
3040.0,101.81,100.95,102.68
3060.0,102.82,101.94,103.69
3080.0,102.06,101.45,102.67
3100.0,102.54,101.60,103.48
3120.0,102.84,101.91,103.78
3140.0,102.27,101.47,103.07
3160.0,102.43,101.68,103.19
3180.0,102.10,101.19,103.02
3200.0,101.20,100.34,102.07
3220.0,103.42,102.53,104.31
3240.0,102.35,101.45,103.24
3260.0,101.80,100.93,102.66
3280.0,102.66,101.83,103.50
3300.0,103.12,102.15,104.08
3320.0,102.28,101.28,103.28
3340.0,101.71,100.76,102.66
3360.0,101.64,100.75,102.53
3380.0,101.82,100.91,102.73
3400.0,101.54,100.66,102.42
3420.0,102.94,102.11,103.76
3440.0,101.80,100.98,102.61
3460.0,102.35,101.57,103.12
3480.0,102.90,102.09,103.71
3500.0,102.15,101.36,102.95
3520.0,101.79,100.91,102.67
3540.0,102.04,101.10,102.99
3560.0,102.08,101.27,102.88
3580.0,101.40,100.56,102.25
3600.0,102.64,101.86,103.42
3620.0,102.00,101.07,102.92
3640.0,102.21,101.33,103.09
3660.0,102.81,101.91,103.71
3680.0,101.34,100.46,102.22
3700.0,101.74,100.91,102.58
3720.0,101.21,100.30,102.12
3740.0,101.54,100.68,102.40
3760.0,102.41,101.55,103.26
3780.0,102.83,101.94,103.72
3800.0,101.58,100.78,102.38
3820.0,102.48,101.57,103.38
3840.0,102.66,101.92,103.40
3860.0,102.00,101.11,102.89
3880.0,102.55,101.73,103.38
3900.0,102.72,101.80,103.65
3920.0,101.28,100.51,102.05
3940.0,101.58,100.63,102.53
3960.0,101.73,100.84,102.62
3980.0,102.03,100.85,103.21
4000.0,101.81,101.05,102.57
4020.0,103.25,102.42,104.08
4040.0,101.56,100.67,102.44
4060.0,101.61,100.82,102.41
4080.0,102.93,101.96,103.90
4100.0,101.98,100.91,103.04
4120.0,102.15,101.29,103.00
4140.0,102.37,101.52,103.22
4160.0,100.89,100.03,101.75
4180.0,102.31,101.47,103.14
4200.0,101.50,100.67,102.33
4220.0,102.19,101.18,103.20
4240.0,101.43,100.54,102.32
4260.0,102.58,101.61,103.56
4280.0,101.64,100.74,102.53
4300.0,101.39,100.49,102.29
4320.0,102.09,101.12,103.05
4340.0,101.72,100.85,102.59
4360.0,101.69,100.82,102.56
4380.0,101.49,100.59,102.39
4400.0,101.86,100.96,102.76
4420.0,102.52,101.66,103.38
4440.0,101.14,100.18,102.09
4460.0,102.03,101.07,102.99
4480.0,101.81,100.97,102.64
4500.0,101.53,100.64,102.41
4520.0,100.01,99.09,100.94
4540.0,101.43,100.64,102.23
4560.0,101.86,100.88,102.85
4580.0,100.74,99.94,101.53
4600.0,100.88,99.88,101.87
4620.0,100.79,99.83,101.75
4640.0,102.31,101.51,103.12
4660.0,100.32,99.49,101.15
4680.0,100.90,99.99,101.81
4700.0,101.73,100.89,102.58
4720.0,101.04,100.24,101.83
4740.0,100.43,99.59,101.26
4760.0,101.53,100.67,102.38
4780.0,101.18,100.15,102.21
4800.0,100.52,99.68,101.36
4820.0,100.53,99.66,101.39
4840.0,101.40,100.59,102.22
4860.0,100.82,100.00,101.64
4880.0,101.10,100.19,102.02
4900.0,101.45,100.63,102.27
4920.0,101.02,100.13,101.92
4940.0,98.98,98.05,99.91
4960.0,100.88,99.89,101.87
4980.0,100.31,99.41,101.21
5000.0,100.66,99.84,101.49
