trial,mean,ci_down,ci_up
0.0,2.94,2.50,3.38
20.0,3.20,2.74,3.66
40.0,3.38,2.83,3.93
60.0,3.16,2.57,3.75
80.0,4.60,4.04,5.16
100.0,4.92,4.26,5.58
120.0,6.32,5.44,7.20
140.0,7.44,6.54,8.34
160.0,8.20,7.30,9.10
180.0,9.80,8.92,10.68
200.0,11.02,9.95,12.09
220.0,13.34,12.15,14.53
240.0,13.36,12.27,14.45
260.0,15.30,14.27,16.33
280.0,16.44,15.01,17.87
300.0,17.38,15.95,18.81
320.0,18.70,17.02,20.38
340.0,19.26,17.81,20.71
360.0,20.40,18.83,21.97
380.0,20.08,18.61,21.55
400.0,22.22,20.62,23.82
420.0,21.94,20.15,23.73
440.0,24.12,22.09,26.15
460.0,23.90,22.02,25.78
480.0,24.42,22.96,25.88
500.0,25.08,23.66,26.50
520.0,27.08,25.64,28.52
540.0,29.14,27.40,30.88
560.0,28.94,27.58,30.30
580.0,29.86,27.91,31.81
600.0,29.08,27.11,31.05
620.0,31.52,29.62,33.42
640.0,32.52,30.63,34.41
660.0,32.00,30.28,33.72
680.0,34.24,32.31,36.17
700.0,34.40,32.41,36.39
720.0,33.74,31.61,35.87
740.0,35.04,33.14,36.94
760.0,35.16,33.11,37.21
780.0,37.24,35.30,39.18
800.0,38.58,36.90,40.26
820.0,38.46,36.54,40.38
840.0,38.46,36.72,40.20
860.0,40.36,38.68,42.04
880.0,39.24,37.43,41.05
900.0,39.68,37.80,41.56
920.0,42.16,40.52,43.80
940.0,42.00,40.33,43.67
960.0,42.56,40.77,44.35
980.0,43.12,41.37,44.87
1000.0,43.08,41.31,44.85
1020.0,44.70,43.13,46.27
1040.0,43.64,41.68,45.60
1060.0,46.04,44.35,47.73
1080.0,46.46,44.71,48.21
1100.0,44.48,42.61,46.35
1120.0,46.90,44.95,48.85
1140.0,46.46,44.60,48.32
1160.0,46.42,44.49,48.35
1180.0,46.74,44.53,48.95
1200.0,47.68,45.51,49.85
1220.0,48.54,46.51,50.57
1240.0,48.60,46.77,50.43
1260.0,49.14,47.24,51.04
1280.0,49.10,47.22,50.98
1300.0,49.50,47.56,51.44
1320.0,48.36,46.24,50.48
1340.0,50.58,48.76,52.40
1360.0,50.56,48.65,52.47
1380.0,51.56,49.34,53.78
1400.0,50.38,48.28,52.48
1420.0,51.76,49.97,53.55
1440.0,51.04,49.47,52.61
1460.0,52.06,49.87,54.25
1480.0,51.52,49.29,53.75
1500.0,53.62,51.93,55.31
1520.0,52.76,50.73,54.79
1540.0,52.66,50.73,54.59
1560.0,53.12,50.96,55.28
1580.0,54.22,52.14,56.30
1600.0,54.00,52.01,55.99
1620.0,55.26,53.46,57.06
1640.0,54.50,52.54,56.46
1660.0,55.02,53.02,57.02
1680.0,54.28,52.52,56.04
1700.0,55.64,54.04,57.24
1720.0,55.04,53.28,56.80
1740.0,52.62,50.81,54.43
1760.0,55.40,53.43,57.37
1780.0,54.68,52.66,56.70
1800.0,56.30,54.61,57.99
1820.0,55.50,53.95,57.05
1840.0,54.60,52.47,56.73
1860.0,53.62,51.96,55.28
1880.0,54.78,53.00,56.56
1900.0,55.06,53.10,57.02
1920.0,55.02,52.91,57.13
1940.0,55.68,54.06,57.30
1960.0,57.14,55.05,59.23
1980.0,56.18,54.41,57.95
2000.0,56.34,54.54,58.14
2020.0,55.14,53.02,57.26
2040.0,56.10,53.90,58.30
2060.0,57.04,55.03,59.05
2080.0,57.58,55.95,59.21
2100.0,56.96,54.76,59.16
2120.0,58.20,56.03,60.37
2140.0,57.50,55.94,59.06
2160.0,58.78,56.79,60.77
2180.0,58.46,56.31,60.61
2200.0,58.92,56.92,60.92
2220.0,59.32,57.28,61.36
2240.0,58.70,56.58,60.82
2260.0,60.08,58.05,62.11
2280.0,56.94,54.93,58.95
2300.0,57.54,55.87,59.21
2320.0,58.20,56.19,60.21
2340.0,58.90,56.96,60.84
2360.0,58.82,56.65,60.99
2380.0,58.44,56.56,60.32
2400.0,59.94,57.95,61.93
2420.0,59.82,57.80,61.84
2440.0,58.34,56.23,60.45
2460.0,60.22,58.47,61.97
2480.0,59.92,57.87,61.97
2500.0,60.30,58.26,62.34
2520.0,60.22,58.15,62.29
2540.0,62.52,60.70,64.34
2560.0,60.26,58.04,62.48
2580.0,60.40,58.53,62.27
2600.0,61.62,59.66,63.58
2620.0,61.12,59.04,63.20
2640.0,63.14,61.02,65.26
2660.0,61.76,59.87,63.65
2680.0,62.28,60.26,64.30
2700.0,62.14,60.20,64.08
2720.0,62.00,60.29,63.71
2740.0,63.76,61.78,65.74
2760.0,63.46,61.58,65.34
2780.0,63.36,61.51,65.21
2800.0,63.40,61.32,65.48
2820.0,61.70,59.60,63.80
2840.0,63.24,61.08,65.40
2860.0,64.02,62.22,65.82
2880.0,63.62,61.39,65.85
2900.0,65.26,63.15,67.37
2920.0,64.20,62.24,66.16
2940.0,63.64,61.49,65.79
2960.0,63.34,61.34,65.34
2980.0,64.54,62.78,66.30
3000.0,64.74,62.94,66.54
3020.0,65.14,63.19,67.09
3040.0,64.18,62.16,66.20
3060.0,63.92,61.86,65.98
3080.0,64.22,62.09,66.35
3100.0,66.16,64.59,67.73
3120.0,64.72,62.52,66.92
3140.0,65.18,63.03,67.33
3160.0,65.42,63.53,67.31
3180.0,65.32,63.58,67.06
3200.0,65.32,63.40,67.24
3220.0,64.62,62.61,66.63
3240.0,63.40,61.37,65.43
3260.0,65.30,63.46,67.14
3280.0,66.16,64.31,68.01
3300.0,66.22,64.17,68.27
3320.0,65.28,63.11,67.45
3340.0,63.96,61.64,66.28
3360.0,66.10,63.95,68.25
3380.0,65.56,63.71,67.41
3400.0,65.56,63.72,67.40
3420.0,65.78,63.76,67.80
3440.0,65.82,63.68,67.96
3460.0,65.26,62.88,67.64
3480.0,65.54,63.60,67.48
3500.0,66.78,64.73,68.83
3520.0,66.02,64.32,67.72
3540.0,65.94,63.69,68.19
3560.0,66.78,64.88,68.68
3580.0,66.10,64.17,68.03
3600.0,66.44,64.23,68.65
3620.0,67.64,65.76,69.52
3640.0,66.44,64.70,68.18
3660.0,66.40,64.41,68.39
3680.0,66.38,64.43,68.33
3700.0,67.18,65.31,69.05
3720.0,66.64,64.77,68.51
3740.0,67.76,65.70,69.82
3760.0,66.92,64.86,68.98
3780.0,66.42,64.39,68.45
3800.0,67.80,65.70,69.90
3820.0,67.82,65.92,69.72
3840.0,66.84,64.96,68.72
3860.0,65.74,63.81,67.67
3880.0,67.44,65.03,69.85
3900.0,67.54,65.46,69.62
3920.0,66.04,64.36,67.72
3940.0,66.76,64.75,68.77
3960.0,66.60,64.44,68.76
3980.0,66.58,64.33,68.83
4000.0,65.20,63.30,67.10
4020.0,66.34,64.57,68.11
4040.0,65.64,63.07,68.21
4060.0,65.02,62.51,67.53
4080.0,67.04,64.84,69.24
4100.0,67.42,65.57,69.27
4120.0,67.06,64.77,69.35
4140.0,68.08,66.01,70.15
4160.0,66.30,64.19,68.41
4180.0,67.46,65.20,69.72
4200.0,66.16,63.69,68.63
4220.0,67.18,64.98,69.38
4240.0,66.36,63.92,68.80
4260.0,67.46,65.84,69.08
4280.0,66.54,64.41,68.67
4300.0,69.52,67.71,71.33
4320.0,66.78,64.95,68.61
4340.0,67.56,65.31,69.81
4360.0,66.90,64.75,69.05
4380.0,65.80,63.45,68.15
4400.0,67.62,65.11,70.13
4420.0,67.58,65.28,69.88
4440.0,68.76,67.09,70.43
4460.0,67.44,65.90,68.98
4480.0,68.82,67.04,70.60
4500.0,69.06,67.46,70.66
4520.0,67.32,65.92,68.72
4540.0,68.58,66.75,70.41
4560.0,67.76,66.15,69.37
4580.0,68.44,66.84,70.04
4600.0,67.84,65.89,69.79
4620.0,68.78,66.72,70.84
4640.0,69.42,67.41,71.43
4660.0,68.88,66.82,70.94
4680.0,68.24,66.66,69.82
4700.0,67.62,65.87,69.37
4720.0,68.66,66.61,70.71
4740.0,67.06,64.97,69.15
4760.0,68.78,67.02,70.54
4780.0,67.22,65.36,69.08
4800.0,68.56,66.91,70.21
4820.0,67.78,65.99,69.57
4840.0,68.66,66.72,70.60
4860.0,67.92,66.07,69.77
4880.0,70.10,68.51,71.69
4900.0,68.92,66.82,71.02
4920.0,70.32,68.44,72.20
4940.0,70.72,68.81,72.63
4960.0,70.52,68.88,72.16
4980.0,69.88,67.91,71.85
5000.0,70.52,68.42,72.62
