trial,mean,ci_down,ci_up
0.0,38.98,36.79,41.17
20.0,40.71,38.13,43.30
40.0,46.67,43.43,49.92
60.0,56.06,50.51,61.60
80.0,65.36,61.09,69.63
100.0,67.17,62.08,72.27
120.0,73.93,69.92,77.93
140.0,77.93,73.81,82.05
160.0,81.55,78.36,84.74
180.0,83.20,80.17,86.23
200.0,84.71,81.40,88.03
220.0,89.51,87.59,91.42
240.0,89.58,87.32,91.83
260.0,93.07,90.97,95.17
280.0,92.34,90.50,94.18
300.0,93.62,91.81,95.44
320.0,94.07,91.82,96.32
340.0,94.06,92.34,95.78
360.0,95.13,93.42,96.84
380.0,95.27,93.77,96.76
400.0,97.12,95.16,99.08
420.0,96.03,94.35,97.70
440.0,98.31,96.35,100.27
460.0,97.26,95.85,98.68
480.0,99.19,97.67,100.72
500.0,97.74,95.98,99.50
520.0,99.80,98.33,101.26
540.0,99.00,97.55,100.45
560.0,100.73,99.28,102.19
580.0,99.80,98.51,101.09
600.0,100.40,98.91,101.89
620.0,101.37,100.22,102.53
640.0,101.25,99.69,102.81
660.0,102.08,100.77,103.39
680.0,101.84,100.52,103.16
700.0,101.48,100.14,102.83
720.0,101.32,100.00,102.64
740.0,102.32,100.87,103.76
760.0,102.37,100.96,103.78
780.0,102.56,101.37,103.75
800.0,102.22,100.99,103.44
820.0,102.27,100.87,103.68
840.0,102.45,101.27,103.63
860.0,101.32,100.09,102.54
880.0,101.74,100.65,102.82
900.0,102.20,101.00,103.39
920.0,102.13,101.02,103.24
940.0,102.74,101.83,103.66
960.0,102.50,101.37,103.63
980.0,103.90,102.72,105.07
1000.0,103.42,102.11,104.73
1020.0,103.49,102.25,104.74
1040.0,104.15,102.95,105.35
1060.0,102.09,100.87,103.31
1080.0,103.19,101.91,104.47
1100.0,104.49,103.21,105.76
1120.0,103.08,101.98,104.17
1140.0,103.06,102.07,104.05
1160.0,102.90,101.55,104.25
1180.0,103.36,102.20,104.52
1200.0,103.46,102.20,104.72
1220.0,102.98,101.64,104.33
1240.0,103.20,102.05,104.34
1260.0,102.25,101.23,103.26
1280.0,103.19,102.16,104.23
1300.0,102.67,101.57,103.76
1320.0,103.30,102.23,104.36
1340.0,103.78,102.84,104.73
1360.0,103.62,102.56,104.67
1380.0,102.86,101.96,103.76
1400.0,103.15,102.16,104.14
1420.0,103.60,102.47,104.74
1440.0,103.43,102.58,104.28
1460.0,103.26,102.32,104.21
1480.0,102.61,101.61,103.62
1500.0,103.17,102.11,104.22
1520.0,102.98,101.91,104.05
1540.0,103.44,102.30,104.57
1560.0,103.94,102.71,105.17
1580.0,103.09,101.93,104.26
1600.0,103.03,101.95,104.10
1620.0,103.86,102.69,105.02
1640.0,103.70,102.71,104.69
1660.0,103.23,102.18,104.29
1680.0,103.32,102.29,104.35
1700.0,103.46,102.21,104.72
1720.0,103.01,101.92,104.09
1740.0,103.22,102.13,104.30
1760.0,102.91,101.83,103.99
1780.0,103.32,102.08,104.57
1800.0,103.14,102.07,104.20
1820.0,102.92,101.72,104.11
1840.0,102.39,101.10,103.68
1860.0,103.12,102.20,104.05
1880.0,103.34,102.02,104.65
1900.0,103.43,102.22,104.64
1920.0,102.81,101.80,103.81
1940.0,102.62,101.57,103.67
1960.0,103.90,103.01,104.79
1980.0,102.86,101.88,103.85
2000.0,104.11,102.82,105.40
2020.0,102.80,101.58,104.03
2040.0,102.59,101.58,103.60
2060.0,102.69,101.67,103.71
2080.0,102.89,101.93,103.85
2100.0,102.85,101.76,103.94
2120.0,102.91,101.92,103.90
2140.0,101.77,100.76,102.78
2160.0,102.81,101.90,103.72
2180.0,103.23,102.11,104.35
2200.0,103.29,102.54,104.03
2220.0,102.66,101.53,103.79
2240.0,102.89,101.88,103.89
2260.0,102.48,101.34,103.62
2280.0,102.71,101.72,103.70
2300.0,102.80,101.80,103.81
2320.0,101.89,100.79,102.99
2340.0,103.47,102.34,104.59
2360.0,103.01,101.88,104.13
2380.0,102.91,101.90,103.91
2400.0,102.27,101.13,103.41
2420.0,102.25,101.20,103.30
2440.0,102.18,101.25,103.10
2460.0,102.81,101.76,103.86
2480.0,102.29,101.48,103.11
2500.0,103.06,102.07,104.06
2520.0,103.07,102.07,104.08
2540.0,102.17,101.25,103.10
2560.0,101.54,100.48,102.59
2580.0,101.93,100.94,102.93
2600.0,101.47,100.40,102.54
2620.0,101.84,101.00,102.68
2640.0,102.37,101.34,103.41
2660.0,102.30,101.22,103.38
2680.0,102.67,101.78,103.57
2700.0,101.99,100.96,103.02
2720.0,102.46,101.28,103.65
2740.0,102.36,101.36,103.36
2760.0,101.89,100.79,102.99
2780.0,102.09,100.94,103.25
2800.0,101.79,101.01,102.56
2820.0,102.23,101.00,103.46
2840.0,102.82,101.79,103.85
2860.0,101.61,100.36,102.86
2880.0,102.87,101.72,104.02
2900.0,101.58,100.52,102.63
2920.0,102.33,101.24,103.43
2940.0,102.54,101.42,103.67
2960.0,101.82,100.80,102.84
2980.0,102.08,100.98,103.19
3000.0,102.04,100.97,103.10
3020.0,101.11,100.04,102.19
3040.0,101.88,100.70,103.05
3060.0,102.28,101.27,103.28
3080.0,102.10,101.09,103.11
3100.0,101.33,100.34,102.33
3120.0,101.13,100.10,102.16
3140.0,101.47,100.37,102.57
3160.0,101.41,100.43,102.38
3180.0,101.59,100.54,102.64
3200.0,101.69,100.55,102.83
3220.0,100.91,99.80,102.03
3240.0,101.36,100.33,102.39
3260.0,101.29,100.32,102.26
3280.0,100.87,99.93,101.81
3300.0,100.73,99.84,101.62
3320.0,100.89,99.92,101.86
3340.0,101.76,100.68,102.84
3360.0,101.41,100.23,102.58
3380.0,101.47,100.34,102.59
3400.0,101.33,100.32,102.34
3420.0,101.31,100.38,102.24
3440.0,101.57,100.43,102.71
3460.0,100.82,99.74,101.91
3480.0,100.80,99.77,101.82
3500.0,101.58,100.52,102.64
3520.0,102.06,100.98,103.14
3540.0,101.24,100.22,102.26
3560.0,101.68,100.70,102.67
3580.0,101.34,100.31,102.37
3600.0,101.05,100.18,101.92
3620.0,100.97,100.00,101.94
3640.0,101.23,100.01,102.45
3660.0,101.03,100.01,102.05
3680.0,100.67,99.55,101.79
3700.0,101.34,100.38,102.30
3720.0,100.79,99.74,101.84
3740.0,101.32,100.33,102.30
3760.0,100.22,98.97,101.47
3780.0,100.33,99.39,101.27
3800.0,102.28,101.21,103.35
3820.0,101.67,100.53,102.81
3840.0,101.09,100.20,101.98
3860.0,101.45,100.43,102.48
3880.0,101.17,100.16,102.19
3900.0,100.73,99.59,101.88
3920.0,100.30,99.18,101.42
3940.0,100.55,99.62,101.48
3960.0,100.37,99.35,101.38
3980.0,100.20,99.16,101.24
4000.0,100.59,99.38,101.79
4020.0,101.15,99.95,102.34
4040.0,100.93,99.79,102.06
4060.0,100.52,99.42,101.61
4080.0,100.50,99.30,101.69
4100.0,100.40,99.30,101.50
4120.0,100.41,99.17,101.64
4140.0,100.52,99.47,101.57
4160.0,100.72,99.63,101.80
4180.0,100.24,99.15,101.33
4200.0,100.09,98.86,101.32
4220.0,100.67,99.59,101.76
4240.0,100.68,99.55,101.81
4260.0,100.78,99.37,102.18
4280.0,100.18,99.10,101.25
4300.0,100.10,99.11,101.09
4320.0,100.59,99.19,101.98
4340.0,100.10,99.03,101.18
4360.0,100.34,99.32,101.36
4380.0,100.88,99.76,102.00
4400.0,100.29,99.33,101.25
4420.0,99.97,98.82,101.13
4440.0,99.58,98.37,100.79
4460.0,99.88,98.83,100.93
4480.0,99.92,98.80,101.05
4500.0,100.71,99.55,101.87
4520.0,100.41,99.33,101.49
4540.0,100.35,99.26,101.44
4560.0,100.65,99.56,101.75
4580.0,100.67,99.69,101.64
4600.0,99.41,98.23,100.59
4620.0,99.70,98.50,100.91
4640.0,100.35,99.15,101.55
4660.0,99.62,98.52,100.72
4680.0,100.09,99.13,101.06
4700.0,99.28,98.25,100.31
4720.0,99.47,98.34,100.60
4740.0,100.80,99.48,102.13
4760.0,100.12,98.97,101.26
4780.0,99.30,98.28,100.33
4800.0,99.63,98.58,100.67
4820.0,99.92,98.83,101.01
4840.0,99.40,98.13,100.67
4860.0,99.44,98.32,100.56
4880.0,99.13,98.02,100.23
4900.0,100.04,98.82,101.25
4920.0,100.26,99.13,101.39
4940.0,99.34,98.31,100.37
4960.0,100.67,99.67,101.68
4980.0,99.91,98.77,101.04
5000.0,99.77,98.73,100.81
