trial,mean,ci_down,ci_up
0.0,2.72,2.32,3.12
20.0,3.50,3.00,4.00
40.0,2.90,2.46,3.34
60.0,4.00,3.41,4.59
80.0,4.14,3.56,4.72
100.0,5.66,5.03,6.29
120.0,6.36,5.63,7.09
140.0,7.42,6.45,8.39
160.0,9.26,8.19,10.33
180.0,10.00,8.98,11.02
200.0,11.24,10.21,12.27
220.0,13.44,12.08,14.80
240.0,13.66,12.40,14.92
260.0,14.32,13.00,15.64
280.0,16.44,15.13,17.75
300.0,15.80,14.32,17.28
320.0,18.42,17.19,19.65
340.0,19.50,17.88,21.12
360.0,21.02,19.26,22.78
380.0,22.92,21.19,24.65
400.0,22.22,20.53,23.91
420.0,24.62,22.55,26.69
440.0,24.10,22.34,25.86
460.0,27.42,25.90,28.94
480.0,26.10,24.64,27.56
500.0,27.60,25.62,29.58
520.0,29.10,27.06,31.14
540.0,28.46,26.58,30.34
560.0,30.40,28.32,32.48
580.0,30.38,28.59,32.17
600.0,31.16,29.12,33.20
620.0,31.24,29.38,33.10
640.0,31.80,29.68,33.92
660.0,32.78,30.82,34.74
680.0,33.68,31.52,35.84
700.0,35.84,33.88,37.80
720.0,34.70,32.54,36.86
740.0,36.48,34.51,38.45
760.0,37.16,35.49,38.83
780.0,37.70,35.61,39.79
800.0,38.00,35.67,40.33
820.0,37.84,36.09,39.59
840.0,39.42,37.50,41.34
860.0,39.74,37.73,41.75
880.0,40.82,38.81,42.83
900.0,41.50,39.68,43.32
920.0,42.08,40.16,44.00
940.0,40.12,38.12,42.12
960.0,43.32,41.12,45.52
980.0,42.16,39.85,44.47
1000.0,43.44,41.59,45.29
1020.0,42.98,40.82,45.14
1040.0,45.32,43.05,47.59
1060.0,46.72,44.87,48.57
1080.0,44.58,42.49,46.67
1100.0,46.60,44.49,48.71
1120.0,47.94,45.97,49.91
1140.0,48.34,46.59,50.09
1160.0,47.74,46.01,49.47
1180.0,48.00,46.12,49.88
1200.0,46.74,44.84,48.64
1220.0,48.74,46.99,50.49
1240.0,47.40,45.39,49.41
1260.0,48.06,45.89,50.23
1280.0,48.76,46.81,50.71
1300.0,48.02,46.03,50.01
1320.0,49.96,48.10,51.82
1340.0,50.86,48.80,52.92
1360.0,51.12,49.06,53.18
1380.0,48.92,46.63,51.21
1400.0,51.06,49.32,52.80
1420.0,50.42,48.63,52.21
1440.0,49.70,47.84,51.56
1460.0,51.04,48.86,53.22
1480.0,50.14,47.99,52.29
1500.0,52.02,50.17,53.87
1520.0,52.08,50.11,54.05
1540.0,52.78,51.07,54.49
1560.0,52.34,50.63,54.05
1580.0,51.96,50.16,53.76
1600.0,53.60,52.01,55.19
1620.0,53.02,51.18,54.86
1640.0,53.82,51.94,55.70
1660.0,53.50,51.60,55.40
1680.0,53.64,51.67,55.61
1700.0,54.46,52.74,56.18
1720.0,54.70,52.77,56.63
1740.0,54.00,52.07,55.93
1760.0,55.72,53.57,57.87
1780.0,55.00,52.93,57.07
1800.0,55.02,53.13,56.91
1820.0,54.44,52.43,56.45
1840.0,54.08,52.09,56.07
1860.0,55.36,53.36,57.36
1880.0,55.50,53.43,57.57
1900.0,55.68,53.29,58.07
1920.0,55.94,53.63,58.25
1940.0,56.82,54.92,58.72
1960.0,57.32,55.16,59.48
1980.0,55.96,54.07,57.85
2000.0,55.94,54.09,57.79
2020.0,55.36,53.06,57.66
2040.0,55.96,53.69,58.23
2060.0,56.98,54.89,59.07
2080.0,56.20,54.50,57.90
2100.0,55.78,53.92,57.64
2120.0,58.34,56.54,60.14
2140.0,57.46,55.96,58.96
2160.0,57.34,55.51,59.17
2180.0,58.92,57.18,60.66
2200.0,57.48,55.73,59.23
2220.0,59.60,57.54,61.66
2240.0,60.54,58.77,62.31
2260.0,59.16,57.48,60.84
2280.0,59.72,58.26,61.18
2300.0,59.20,57.35,61.05
2320.0,59.76,57.86,61.66
2340.0,59.08,57.36,60.80
2360.0,60.98,59.23,62.73
2380.0,59.96,58.01,61.91
2400.0,61.40,59.64,63.16
2420.0,60.64,58.90,62.38
2440.0,59.66,57.88,61.44
2460.0,61.20,59.33,63.07
2480.0,60.86,59.04,62.68
2500.0,59.54,57.59,61.49
2520.0,59.10,57.16,61.04
2540.0,59.68,57.53,61.83
2560.0,60.06,58.08,62.04
2580.0,61.10,59.36,62.84
2600.0,61.86,60.05,63.67
2620.0,61.72,60.11,63.33
2640.0,62.50,60.54,64.46
2660.0,63.06,61.47,64.65
2680.0,62.46,60.82,64.10
2700.0,60.76,59.29,62.23
2720.0,61.58,59.83,63.33
2740.0,62.36,60.43,64.29
2760.0,61.50,59.73,63.27
2780.0,62.68,61.09,64.27
2800.0,62.54,60.66,64.42
2820.0,63.90,62.27,65.53
2840.0,62.56,60.71,64.41
2860.0,62.92,61.28,64.56
2880.0,63.84,62.01,65.67
2900.0,63.46,61.48,65.44
2920.0,64.46,62.76,66.16
2940.0,62.98,60.97,64.99
2960.0,63.28,61.07,65.49
2980.0,63.02,61.17,64.87
3000.0,64.40,62.40,66.40
3020.0,64.90,63.34,66.46
3040.0,64.18,62.43,65.93
3060.0,62.02,60.14,63.90
3080.0,62.60,60.52,64.68
3100.0,64.40,62.73,66.07
3120.0,64.76,63.02,66.50
3140.0,63.84,62.39,65.29
3160.0,63.90,61.99,65.81
3180.0,63.38,61.25,65.51
3200.0,62.38,60.51,64.25
3220.0,63.12,61.17,65.07
3240.0,62.86,60.88,64.84
3260.0,63.22,60.98,65.46
3280.0,62.44,60.24,64.64
3300.0,62.62,60.27,64.97
3320.0,63.88,61.92,65.84
3340.0,64.50,62.46,66.54
3360.0,63.88,61.68,66.08
3380.0,64.56,62.11,67.01
3400.0,62.92,60.63,65.21
3420.0,65.24,63.28,67.20
3440.0,66.12,64.05,68.19
3460.0,64.54,62.43,66.65
3480.0,64.40,62.39,66.41
3500.0,65.46,63.37,67.55
3520.0,65.34,63.55,67.13
3540.0,63.98,62.36,65.60
3560.0,65.70,63.81,67.59
3580.0,64.90,62.92,66.88
3600.0,65.86,64.10,67.62
3620.0,66.74,65.28,68.20
3640.0,65.82,63.95,67.69
3660.0,64.78,62.57,66.99
3680.0,65.10,63.24,66.96
3700.0,65.80,63.96,67.64
3720.0,66.04,64.17,67.91
3740.0,66.72,64.92,68.52
3760.0,66.60,64.73,68.47
3780.0,64.94,62.69,67.19
3800.0,65.72,63.61,67.83
3820.0,67.28,65.39,69.17
3840.0,67.22,65.30,69.14
3860.0,66.94,64.84,69.04
3880.0,67.58,65.67,69.49
3900.0,67.54,65.59,69.49
3920.0,67.42,65.76,69.08
3940.0,66.98,64.93,69.03
3960.0,67.40,65.48,69.32
3980.0,67.38,65.62,69.14
4000.0,67.94,66.29,69.59
4020.0,67.04,65.32,68.76
4040.0,66.56,64.63,68.49
4060.0,66.44,64.36,68.52
4080.0,66.30,64.58,68.02
4100.0,66.98,65.01,68.95
4120.0,65.70,63.55,67.85
4140.0,66.54,64.66,68.42
4160.0,67.10,65.48,68.72
4180.0,67.12,65.09,69.15
4200.0,67.04,65.28,68.80
4220.0,66.68,64.90,68.46
4240.0,66.22,64.34,68.10
4260.0,67.84,65.99,69.69
4280.0,67.78,66.01,69.55
4300.0,66.48,64.80,68.16
4320.0,67.62,65.66,69.58
4340.0,67.42,65.50,69.34
4360.0,68.52,66.25,70.79
4380.0,68.32,66.37,70.27
4400.0,68.08,66.05,70.11
4420.0,68.38,66.58,70.18
4440.0,68.86,66.82,70.90
4460.0,69.54,67.62,71.46
4480.0,67.70,65.67,69.73
4500.0,69.98,68.23,71.73
4520.0,69.26,67.69,70.83
4540.0,69.90,68.13,71.67
4560.0,70.54,68.67,72.41
4580.0,69.60,67.62,71.58
4600.0,68.60,66.92,70.28
4620.0,68.32,66.27,70.37
4640.0,70.52,68.41,72.63
4660.0,69.94,68.11,71.77
4680.0,69.88,68.15,71.61
4700.0,70.46,68.76,72.16
4720.0,70.18,68.52,71.84
4740.0,69.16,67.28,71.04
4760.0,71.48,69.62,73.34
4780.0,69.64,68.22,71.06
4800.0,69.94,67.76,72.12
4820.0,69.82,68.32,71.32
4840.0,71.30,69.42,73.18
4860.0,69.60,67.83,71.37
4880.0,68.86,67.10,70.62
4900.0,69.98,68.33,71.63
4920.0,70.30,68.66,71.94
4940.0,69.68,67.89,71.47
4960.0,70.14,68.57,71.71
4980.0,69.38,67.66,71.10
5000.0,69.64,67.85,71.43
