trial,mean,ci_down,ci_up
0.0,36.61,33.22,40.00
20.0,42.50,39.60,45.39
40.0,46.39,41.88,50.91
60.0,57.07,52.87,61.27
80.0,61.66,57.12,66.21
100.0,68.58,64.73,72.43
120.0,74.02,69.60,78.45
140.0,80.71,77.62,83.80
160.0,82.38,79.12,85.64
180.0,85.00,82.09,87.92
200.0,88.16,85.43,90.90
220.0,90.63,88.29,92.98
240.0,90.69,87.98,93.40
260.0,91.75,88.96,94.54
280.0,91.82,89.61,94.02
300.0,93.69,91.64,95.74
320.0,95.84,93.45,98.23
340.0,96.79,95.13,98.45
360.0,95.29,93.39,97.18
380.0,96.53,94.71,98.34
400.0,97.40,95.86,98.95
420.0,97.96,96.56,99.35
440.0,97.81,96.16,99.47
460.0,98.22,96.66,99.79
480.0,98.31,96.73,99.88
500.0,98.36,96.61,100.12
520.0,99.25,97.88,100.62
540.0,99.82,98.34,101.31
560.0,100.72,99.56,101.88
580.0,99.54,98.04,101.04
600.0,100.67,98.90,102.45
620.0,100.17,98.44,101.89
640.0,101.22,100.07,102.36
660.0,101.71,100.51,102.91
680.0,101.45,99.94,102.97
700.0,100.87,99.39,102.35
720.0,102.87,101.67,104.07
740.0,101.46,100.00,102.92
760.0,101.97,100.76,103.19
780.0,102.43,101.39,103.47
800.0,102.53,101.11,103.96
820.0,101.77,100.57,102.97
840.0,102.99,101.71,104.28
860.0,102.72,101.34,104.10
880.0,103.34,102.08,104.60
900.0,103.10,101.83,104.36
920.0,103.26,101.98,104.55
940.0,103.80,102.49,105.11
960.0,102.54,101.21,103.86
980.0,103.37,102.06,104.68
1000.0,103.70,102.54,104.86
1020.0,102.39,101.23,103.56
1040.0,103.61,102.30,104.93
1060.0,102.68,101.65,103.71
1080.0,103.35,102.05,104.65
1100.0,103.12,101.87,104.38
1120.0,103.51,102.30,104.73
1140.0,104.10,102.93,105.26
1160.0,103.82,102.72,104.92
1180.0,103.43,102.17,104.69
1200.0,104.81,103.38,106.25
1220.0,103.33,102.11,104.54
1240.0,103.48,102.17,104.79
1260.0,103.73,102.32,105.13
1280.0,103.36,102.17,104.55
1300.0,102.60,101.18,104.02
1320.0,103.71,102.53,104.90
1340.0,104.33,103.14,105.52
1360.0,104.01,102.90,105.12
1380.0,103.46,102.26,104.66
1400.0,104.22,102.86,105.57
1420.0,103.38,102.19,104.58
1440.0,103.28,102.12,104.45
1460.0,103.43,102.11,104.75
1480.0,103.79,102.64,104.95
1500.0,103.33,102.18,104.47
1520.0,103.75,102.56,104.94
1540.0,103.13,101.77,104.49
1560.0,103.63,102.32,104.93
1580.0,102.80,101.71,103.90
1600.0,103.31,102.11,104.51
1620.0,103.43,102.35,104.50
1640.0,102.85,101.70,104.00
1660.0,103.75,102.35,105.16
1680.0,103.00,101.84,104.17
1700.0,103.01,101.86,104.17
1720.0,103.41,102.12,104.70
1740.0,103.08,101.98,104.18
1760.0,103.09,101.87,104.32
1780.0,103.12,102.06,104.18
1800.0,103.19,101.90,104.47
1820.0,103.02,102.02,104.02
1840.0,104.22,102.89,105.55
1860.0,102.86,101.59,104.12
1880.0,103.37,102.33,104.41
1900.0,103.14,102.16,104.12
1920.0,102.71,101.51,103.91
1940.0,102.65,101.67,103.63
1960.0,102.97,101.92,104.02
1980.0,103.43,102.13,104.72
2000.0,102.94,101.80,104.09
2020.0,103.23,102.12,104.34
2040.0,102.92,101.98,103.85
2060.0,102.73,101.65,103.80
2080.0,103.62,102.46,104.79
2100.0,102.49,101.30,103.68
2120.0,103.65,102.58,104.72
2140.0,103.10,102.04,104.15
2160.0,103.02,101.86,104.17
2180.0,103.11,102.02,104.20
2200.0,103.19,102.05,104.34
2220.0,103.25,102.02,104.49
2240.0,102.78,101.63,103.92
2260.0,102.68,101.78,103.58
2280.0,102.85,101.68,104.01
2300.0,101.96,100.82,103.10
2320.0,103.32,102.07,104.58
2340.0,103.50,102.19,104.82
2360.0,102.47,101.27,103.68
2380.0,102.82,101.77,103.87
2400.0,102.72,101.63,103.82
2420.0,101.93,100.72,103.14
2440.0,102.84,101.65,104.04
2460.0,102.74,101.48,104.01
2480.0,102.18,101.14,103.21
2500.0,101.96,100.66,103.25
2520.0,102.56,101.41,103.71
2540.0,102.17,101.15,103.19
2560.0,102.63,101.32,103.94
2580.0,101.86,100.69,103.03
2600.0,102.33,101.04,103.62
2620.0,102.62,101.27,103.97
2640.0,102.27,101.05,103.49
2660.0,102.40,101.14,103.65
2680.0,102.06,100.95,103.16
2700.0,102.99,101.74,104.24
2720.0,102.11,100.92,103.29
2740.0,102.21,101.02,103.39
2760.0,102.09,100.95,103.22
2780.0,101.65,100.47,102.83
2800.0,102.24,100.98,103.51
2820.0,101.93,100.88,102.98
2840.0,101.79,100.62,102.97
2860.0,101.47,100.41,102.53
2880.0,101.81,100.66,102.96
2900.0,102.10,100.81,103.38
2920.0,101.63,100.45,102.82
2940.0,101.18,100.18,102.18
2960.0,100.83,99.66,102.01
2980.0,101.16,100.18,102.15
3000.0,101.38,100.18,102.57
3020.0,101.88,100.88,102.89
3040.0,101.52,100.53,102.50
3060.0,102.08,100.88,103.27
3080.0,101.40,100.25,102.56
3100.0,101.89,100.75,103.03
3120.0,101.71,100.71,102.72
3140.0,101.21,99.88,102.54
3160.0,101.00,99.79,102.21
3180.0,101.70,100.42,102.99
3200.0,101.60,100.35,102.86
3220.0,101.02,99.72,102.33
3240.0,101.95,100.93,102.97
3260.0,101.75,100.51,103.00
3280.0,102.08,100.80,103.37
3300.0,102.24,101.17,103.32
3320.0,101.48,100.27,102.68
3340.0,101.03,99.77,102.29
3360.0,101.12,99.84,102.40
3380.0,101.18,100.00,102.35
3400.0,101.22,100.04,102.40
3420.0,101.74,100.51,102.96
3440.0,102.00,100.92,103.07
3460.0,101.73,100.50,102.96
3480.0,101.05,100.03,102.07
3500.0,100.99,99.89,102.08
3520.0,101.44,100.31,102.58
3540.0,100.94,99.82,102.07
3560.0,101.64,100.17,103.10
3580.0,101.88,100.62,103.14
3600.0,101.44,100.28,102.60
3620.0,100.71,99.69,101.73
3640.0,101.40,100.21,102.59
3660.0,101.63,100.61,102.65
3680.0,100.67,99.57,101.76
3700.0,100.67,99.46,101.87
3720.0,100.54,99.44,101.64
3740.0,101.28,100.05,102.51
3760.0,100.90,99.82,101.97
3780.0,100.88,99.95,101.81
3800.0,100.93,99.58,102.28
3820.0,100.16,99.26,101.07
3840.0,101.40,100.17,102.62
3860.0,100.41,99.36,101.47
3880.0,100.87,99.88,101.87
3900.0,100.83,99.46,102.21
3920.0,100.49,99.32,101.67
3940.0,101.41,100.23,102.59
3960.0,101.70,100.51,102.89
3980.0,100.82,99.68,101.97
4000.0,100.92,99.72,102.12
4020.0,100.97,99.94,102.01
4040.0,100.04,98.77,101.30
4060.0,100.82,99.64,102.01
4080.0,101.78,100.80,102.76
4100.0,100.30,99.26,101.34
4120.0,100.62,99.50,101.74
4140.0,100.43,99.29,101.57
4160.0,100.94,99.78,102.10
4180.0,100.40,99.22,101.59
4200.0,101.46,100.28,102.64
4220.0,100.61,99.51,101.72
4240.0,101.33,100.32,102.35
4260.0,101.17,100.08,102.26
4280.0,100.92,99.83,102.00
4300.0,99.82,98.77,100.88
4320.0,100.99,99.89,102.09
4340.0,100.82,99.77,101.86
4360.0,100.38,99.40,101.35
4380.0,100.39,99.42,101.37
4400.0,100.68,99.57,101.80
4420.0,100.27,99.26,101.27
4440.0,100.76,99.77,101.75
4460.0,100.64,99.48,101.79
4480.0,99.99,99.02,100.96
4500.0,100.30,99.26,101.33
4520.0,100.53,99.49,101.56
4540.0,100.59,99.51,101.67
4560.0,100.35,99.16,101.53
4580.0,99.87,98.72,101.01
4600.0,100.56,99.56,101.56
4620.0,99.82,98.70,100.93
4640.0,99.80,98.69,100.90
4660.0,100.77,99.70,101.83
4680.0,100.19,99.12,101.25
4700.0,99.75,98.67,100.83
4720.0,100.67,99.33,102.01
4740.0,100.08,98.97,101.19
4760.0,100.75,99.69,101.81
4780.0,99.77,98.67,100.87
4800.0,100.18,98.90,101.46
4820.0,100.82,99.66,101.98
4840.0,99.49,98.43,100.55
4860.0,100.36,99.29,101.44
4880.0,100.20,99.20,101.19
4900.0,99.39,98.28,100.50
4920.0,100.59,99.35,101.83
4940.0,100.32,99.10,101.54
4960.0,99.60,98.51,100.69
4980.0,99.91,98.89,100.93
5000.0,99.70,98.70,100.69
