trial,mean,ci_down,ci_up
0.0,0.00,0.00,0.00
20.0,0.02,-0.00,0.04
40.0,0.14,0.08,0.20
60.0,0.26,0.18,0.34
80.0,0.42,0.33,0.51
100.0,0.71,0.57,0.84
120.0,1.06,0.88,1.24
140.0,1.51,1.29,1.74
160.0,2.12,1.84,2.40
180.0,2.41,2.11,2.71
200.0,3.01,2.69,3.34
220.0,3.65,3.31,3.99
240.0,3.99,3.65,4.34
260.0,4.53,4.16,4.90
280.0,4.90,4.53,5.27
300.0,5.24,4.86,5.61
320.0,5.68,5.30,6.06
340.0,6.15,5.75,6.56
360.0,6.81,6.39,7.23
380.0,7.46,7.05,7.87
400.0,7.99,7.56,8.42
420.0,8.55,8.12,8.97
440.0,9.00,8.60,9.40
460.0,9.35,8.94,9.76
480.0,9.79,9.38,10.21
500.0,10.25,9.80,10.69
520.0,10.57,10.10,11.04
540.0,11.04,10.56,11.52
560.0,11.47,10.99,11.94
580.0,12.11,11.61,12.61
600.0,12.46,11.95,12.97
620.0,12.87,12.38,13.37
640.0,13.24,12.73,13.75
660.0,13.62,13.11,14.13
680.0,14.13,13.59,14.66
700.0,14.49,13.94,15.05
720.0,15.01,14.45,15.58
740.0,15.63,15.08,16.19
760.0,16.18,15.61,16.75
780.0,16.63,16.05,17.21
800.0,17.03,16.46,17.60
820.0,17.47,16.88,18.06
840.0,18.04,17.42,18.67
860.0,18.51,17.88,19.13
880.0,18.95,18.31,19.60
900.0,19.30,18.66,19.94
920.0,19.83,19.18,20.48
940.0,20.31,19.68,20.94
960.0,20.78,20.16,21.40
980.0,21.35,20.72,21.98
1000.0,21.94,21.31,22.57
1020.0,22.39,21.76,23.03
1040.0,22.74,22.11,23.37
1060.0,23.23,22.57,23.90
1080.0,23.84,23.15,24.54
1100.0,24.33,23.61,25.04
1120.0,24.79,24.05,25.54
1140.0,25.31,24.57,26.05
1160.0,25.67,24.90,26.43
1180.0,26.07,25.28,26.85
1200.0,26.45,25.66,27.23
1220.0,26.83,26.02,27.65
1240.0,27.16,26.32,28.00
1260.0,27.63,26.81,28.45
1280.0,28.03,27.21,28.84
1300.0,28.41,27.57,29.24
1320.0,28.78,27.94,29.62
1340.0,29.19,28.35,30.04
1360.0,29.67,28.81,30.52
1380.0,30.11,29.24,30.98
1400.0,30.57,29.70,31.44
1420.0,31.05,30.16,31.93
1440.0,31.61,30.75,32.47
1460.0,32.06,31.20,32.92
1480.0,32.44,31.56,33.32
1500.0,32.89,32.00,33.77
1520.0,33.28,32.38,34.18
1540.0,33.71,32.82,34.61
1560.0,34.25,33.36,35.13
1580.0,34.77,33.88,35.65
1600.0,35.30,34.41,36.19
1620.0,35.83,34.91,36.74
1640.0,36.47,35.56,37.38
1660.0,37.13,36.19,38.06
1680.0,37.79,36.84,38.75
1700.0,38.50,37.51,39.49
1720.0,38.98,37.98,39.98
1740.0,39.68,38.67,40.69
1760.0,40.23,39.23,41.24
1780.0,40.79,39.76,41.82
1800.0,41.36,40.33,42.39
1820.0,41.83,40.79,42.87
1840.0,42.29,41.24,43.34
1860.0,42.77,41.71,43.82
1880.0,43.20,42.16,44.24
1900.0,43.67,42.62,44.73
1920.0,44.07,42.99,45.14
1940.0,44.51,43.43,45.60
1960.0,44.92,43.86,45.98
1980.0,45.29,44.24,46.35
2000.0,45.65,44.54,46.76
2020.0,46.03,44.90,47.17
2040.0,46.63,45.49,47.78
2060.0,47.17,46.00,48.33
2080.0,47.59,46.42,48.76
2100.0,48.03,46.86,49.21
2120.0,48.58,47.41,49.75
2140.0,49.01,47.83,50.19
2160.0,49.33,48.15,50.51
2180.0,49.74,48.54,50.94
2200.0,50.09,48.89,51.30
2220.0,50.52,49.31,51.73
2240.0,50.90,49.68,52.12
2260.0,51.31,50.08,52.54
2280.0,51.68,50.44,52.92
2300.0,52.10,50.85,53.35
2320.0,52.55,51.27,53.83
2340.0,53.02,51.73,54.31
2360.0,53.47,52.15,54.79
2380.0,53.79,52.47,55.10
2400.0,54.19,52.87,55.51
2420.0,54.55,53.21,55.88
2440.0,54.88,53.52,56.24
2460.0,55.21,53.84,56.58
2480.0,55.48,54.10,56.86
2500.0,55.84,54.46,57.22
2520.0,56.12,54.74,57.50
2540.0,56.43,55.04,57.82
2560.0,56.78,55.38,58.18
2580.0,57.15,55.71,58.58
2600.0,57.61,56.14,59.07
2620.0,57.95,56.48,59.43
2640.0,58.43,56.98,59.89
2660.0,58.85,57.38,60.31
2680.0,59.27,57.84,60.70
2700.0,59.69,58.26,61.13
2720.0,60.11,58.70,61.52
2740.0,60.53,59.08,61.98
2760.0,61.03,59.56,62.51
2780.0,61.39,59.87,62.90
2800.0,61.75,60.24,63.27
2820.0,62.17,60.64,63.69
2840.0,62.64,61.10,64.18
2860.0,63.07,61.55,64.60
2880.0,63.55,62.03,65.08
2900.0,64.03,62.48,65.58
2920.0,64.47,62.92,66.02
2940.0,64.89,63.34,66.44
2960.0,65.40,63.82,66.98
2980.0,65.83,64.24,67.43
3000.0,66.27,64.67,67.88
3020.0,66.79,65.20,68.37
3040.0,67.24,65.66,68.82
3060.0,67.57,65.96,69.19
3080.0,68.05,66.43,69.67
3100.0,68.43,66.81,70.06
3120.0,68.93,67.32,70.55
3140.0,69.41,67.82,71.01
3160.0,69.85,68.25,71.45
3180.0,70.28,68.65,71.91
3200.0,70.65,69.01,72.28
3220.0,71.18,69.53,72.83
3240.0,71.64,70.00,73.28
3260.0,72.09,70.45,73.74
3280.0,72.49,70.83,74.16
3300.0,72.92,71.25,74.59
3320.0,73.21,71.54,74.89
3340.0,73.60,71.91,75.29
3360.0,74.03,72.36,75.69
3380.0,74.39,72.72,76.06
3400.0,74.88,73.20,76.56
3420.0,75.25,73.58,76.91
3440.0,75.61,73.91,77.31
3460.0,76.06,74.35,77.76
3480.0,76.44,74.74,78.14
3500.0,76.85,75.13,78.57
3520.0,77.20,75.49,78.91
3540.0,77.60,75.91,79.29
3560.0,77.97,76.28,79.67
3580.0,78.41,76.72,80.11
3600.0,78.88,77.14,80.62
3620.0,79.37,77.62,81.12
3640.0,79.76,78.03,81.49
3660.0,80.06,78.33,81.79
3680.0,80.47,78.71,82.22
3700.0,80.87,79.07,82.66
3720.0,81.19,79.41,82.98
3740.0,81.50,79.71,83.29
3760.0,81.91,80.09,83.74
3780.0,82.17,80.35,83.98
3800.0,82.47,80.65,84.30
3820.0,82.79,80.96,84.62
3840.0,83.14,81.32,84.96
3860.0,83.45,81.61,85.29
3880.0,83.87,82.02,85.71
3900.0,84.21,82.35,86.07
3920.0,84.61,82.75,86.46
3940.0,85.03,83.17,86.90
3960.0,85.47,83.61,87.34
3980.0,85.83,83.94,87.71
4000.0,86.17,84.30,88.04
4020.0,86.61,84.72,88.51
4040.0,87.01,85.09,88.92
4060.0,87.41,85.50,89.33
4080.0,87.81,85.89,89.72
4100.0,88.16,86.24,90.08
4120.0,88.49,86.54,90.43
4140.0,88.85,86.89,90.82
4160.0,89.11,87.14,91.09
4180.0,89.42,87.46,91.38
4200.0,89.69,87.72,91.66
4220.0,89.92,87.94,91.90
4240.0,90.21,88.25,92.18
4260.0,90.59,88.63,92.56
4280.0,90.94,89.00,92.88
4300.0,91.31,89.37,93.24
4320.0,91.73,89.80,93.65
4340.0,92.09,90.15,94.03
4360.0,92.51,90.54,94.48
4380.0,92.84,90.87,94.81
4400.0,93.21,91.23,95.18
4420.0,93.61,91.64,95.57
4440.0,94.07,92.13,96.01
4460.0,94.50,92.56,96.44
4480.0,94.83,92.90,96.76
4500.0,95.09,93.15,97.02
4520.0,95.46,93.49,97.43
4540.0,95.89,93.91,97.87
4560.0,96.29,94.31,98.26
4580.0,96.68,94.72,98.64
4600.0,97.19,95.26,99.13
4620.0,97.61,95.67,99.55
4640.0,98.01,96.07,99.94
4660.0,98.33,96.39,100.28
4680.0,98.81,96.85,100.78
4700.0,99.25,97.27,101.23
4720.0,99.62,97.63,101.61
4740.0,100.01,98.01,102.01
4760.0,100.49,98.48,102.49
4780.0,100.97,98.96,102.98
4800.0,101.39,99.37,103.40
4820.0,101.82,99.82,103.82
4840.0,102.19,100.19,104.20
4860.0,102.57,100.56,104.59
4880.0,103.03,101.03,105.04
4900.0,103.54,101.53,105.55
4920.0,103.89,101.89,105.89
4940.0,104.25,102.24,106.26
4960.0,104.61,102.60,106.63
4980.0,104.96,102.94,106.98
5000.0,105.33,103.30,107.36
