interceptCycle 1
rule 3 1 5 2 4 3 2 1 0.2
0.590752 0.680389 0.692963 0.697019 0.697424 0.697627 0.69783 0.69783 0.69783 0.69783 0.69783 0.69783 0.69783 0.69783 0.69783 0.69783 0.69783 0.69783 0.69783 0.69783 
rule 3 2 5 2 4 2 2 1 0.5
0.272386 0.303107 0.311838 0.315464 0.316586 0.316882 0.317005 0.31703 0.317067 0.317067 0.317067 0.317067 0.317067 0.317067 0.317067 0.317067 0.317067 0.317067 0.317067 0.317067 
rule 3 3 5 3 4 1 2 2 0.7
0.963534 0.984572 0.984572 0.984572 0.984572 0.984572 0.984572 0.984572 0.984572 0.984572 0.984572 0.984572 0.984572 0.984572 0.984572 0.984572 0.984572 0.984572 0.984572 0.984572 
rule 3 1 5 3 4 1 2 1 0.5
0 0 0 0 0 0 0 0 0 0 0 0 0 0 0 0 0 0 0 0 
rule 3 2 5 1 4 4 2 2 0.8
0.81761 0.977987 1 1 1 1 1 1 1 1 1 1 1 1 1 1 1 1 1 1 
rule 3 3 5 4 4 2 2 1 0.4
0.30421 0.339295 0.348352 0.352977 0.35456 0.354771 0.354877 0.354894 0.354894 0.354894 0.354912 0.354912 0.354912 0.354912 0.354912 0.354912 0.354912 0.354912 0.354912 0.354912 
rule 3 1 5 4 4 3 2 2 0.5
0.279223 0.31422 0.322218 0.324772 0.325335 0.32541 0.32556 0.325598 0.325711 0.325711 0.325711 0.325711 0.325711 0.325711 0.325711 0.325711 0.325748 0.325748 0.325748 0.325748 
rule 3 2 5 5 4 1 2 2 0.3
0.95122 0.97561 1 1 1 1 1 1 1 1 1 1 1 1 1 1 1 1 1 1 
rule 3 3 5 5 4 4 2 1 0.5
0.777778 1 1 1 1 1 1 1 1 1 1 1 1 1 1 1 1 1 1 1 
rule 3 2 5 3 4 1 2 1 0.8
0.0634267 0.0638386 0.0638386 0.0638386 0.0638386 0.0638386 0.0638386 0.0638386 0.0638386 0.0638386 0.0638386 0.0638386 0.0638386 0.0638386 0.0638386 0.0638386 0.0638386 0.0638386 0.0638386 0.0638386 

interceptCycle 2
rule 3 1 5 2 4 3 2 1 0.2
0.00502216 0.727031 0.906056 0.960118 0.982866 0.994387 0.997637 0.998227 0.998818 0.999114 0.999114 0.999114 0.999409 0.999409 0.999409 0.999409 0.999409 0.999409 0.999705 1 
rule 3 2 5 2 4 2 2 1 0.5
0.115584 0.878701 0.978359 0.992868 0.997313 0.998925 0.999316 0.999658 0.999707 0.999756 0.999902 1 1 1 1 1 1 1 1 1 
rule 3 3 5 3 4 1 2 2 0.7
0.00375469 0.928661 1 1 1 1 1 1 1 1 1 1 1 1 1 1 1 1 1 1 
rule 3 1 5 3 4 1 2 1 0.5
0 0 0 0 0 0 0 0 0 0 0 0 0 0 0 0 0 0 0 0 
rule 3 2 5 1 4 4 2 2 0.8
0 0.68883 0.925532 0.960106 0.984043 0.99734 1 1 1 1 1 1 1 1 1 1 1 1 1 1 
rule 3 3 5 4 4 2 2 1 0.4
0.114093 0.883847 0.982274 0.994944 0.998252 0.999376 0.99975 0.999813 0.999875 0.999938 0.999938 0.999938 0.999938 0.999938 0.999938 0.999938 0.999938 0.999938 0.999938 0.999938 
rule 3 1 5 4 4 3 2 2 0.5
0.0490687 0.795247 0.941811 0.979319 0.992164 0.996532 0.998459 0.999229 0.999358 0.999615 0.999743 0.999743 0.999743 0.999743 0.999743 0.999872 0.999872 1 1 1 
rule 3 2 5 5 4 1 2 2 0.3
0 0.777778 0.944444 1 1 1 1 1 1 1 1 1 1 1 1 1 1 1 1 1 
rule 3 3 5 5 4 4 2 1 0.5
0 1 1 1 1 1 1 1 1 1 1 1 1 1 1 1 1 1 1 1 
rule 3 2 5 3 4 1 2 1 0.8
0.0266667 1 1 1 1 1 1 1 1 1 1 1 1 1 1 1 1 1 1 1 

interceptCycle 3
rule 3 1 5 2 4 3 2 1 0.2
0 0.0164883 0.581429 0.801851 0.88545 0.935782 0.967023 0.987851 0.995372 0.997686 0.998264 0.998554 0.999132 0.999421 0.999421 0.999421 0.999421 0.999421 0.999421 0.999421 
rule 3 2 5 2 4 2 2 1 0.5
0.00650991 0.206811 0.843373 0.972989 0.989846 0.995336 0.997765 0.998591 0.999126 0.999271 0.999417 0.999563 0.99966 0.999757 0.999854 0.999951 0.999951 0.999951 0.999951 0.999951 
rule 3 3 5 3 4 1 2 2 0.7
0 0.0136646 0.858385 0.991304 0.995031 0.997516 1 1 1 1 1 1 1 1 1 1 1 1 1 1 
rule 3 1 5 3 4 1 2 1 0.5
0 0 0 0 0 0 0 0 0 0 0 0 0 0 0 0 0 0 0 0 
rule 3 2 5 1 4 4 2 2 0.8
0 0 0.489533 0.793881 0.911433 0.958132 0.982287 0.990338 0.99839 1 1 1 1 1 1 1 1 1 1 1 
rule 3 3 5 4 4 2 2 1 0.4
0.0064717 0.213261 0.850357 0.97741 0.992307 0.996337 0.998168 0.999145 0.999389 0.999573 0.999817 0.999878 0.999939 0.999939 0.999939 0.999939 0.999939 0.999939 0.999939 0.999939 
rule 3 1 5 4 4 3 2 2 0.5
0.00201005 0.0785176 0.673744 0.866206 0.932915 0.968216 0.985176 0.992839 0.996859 0.99799 0.998492 0.998744 0.998869 0.998995 0.999121 0.999121 0.999246 0.999497 0.999874 1 
rule 3 2 5 5 4 1 2 2 0.3
0 0 0.6875 0.9375 1 1 1 1 1 1 1 1 1 1 1 1 1 1 1 1 
rule 3 3 5 5 4 4 2 1 0.5
0 0 1 1 1 1 1 1 1 1 1 1 1 1 1 1 1 1 1 1 
rule 3 2 5 3 4 1 2 1 0.8
0 0.111111 0.984127 0.984127 0.984127 0.984127 0.984127 0.984127 0.984127 0.984127 1 1 1 1 1 1 1 1 1 1 

interceptCycle 4
rule 3 1 5 2 4 3 2 1 0.2
0 0.000339098 0.024076 0.474737 0.697864 0.817226 0.889793 0.936589 0.968803 0.986436 0.994235 0.996609 0.997287 0.997626 0.997965 0.997965 0.997965 0.997965 0.997965 0.997965 
rule 3 2 5 2 4 2 2 1 0.5
0.0018821 0.0149896 0.230557 0.800699 0.957518 0.986355 0.994152 0.997177 0.998387 0.999059 0.999261 0.999328 0.999597 0.999798 0.999866 0.999866 0.999933 0.999933 0.999933 0.999933 
rule 3 3 5 3 4 1 2 2 0.7
0 0.0013624 0.027248 0.765668 0.96594 0.990463 0.990463 0.993188 0.997275 0.997275 0.998638 0.998638 0.998638 1 1 1 1 1 1 1 
rule 3 1 5 3 4 1 2 1 0.5
0 0 0 0 0 0 0 0 0 0 0 0 0 0 0 0 0 0 0 0 
rule 3 2 5 1 4 4 2 2 0.8
0 0 0.00512821 0.34359 0.591795 0.729231 0.81641 0.876923 0.911795 0.949744 0.981538 0.993846 0.997949 0.997949 0.997949 0.997949 0.997949 0.997949 0.997949 0.997949 
rule 3 3 5 4 4 2 2 1 0.4
0.0018277 0.0145385 0.240093 0.81507 0.965689 0.987871 0.994351 0.997258 0.99892 0.999252 0.999335 0.999502 0.999751 0.999834 0.999834 0.999917 0.999917 0.999917 0.999917 0.999917 
rule 3 1 5 4 4 3 2 2 0.5
0.000900225 0.00615154 0.0774194 0.557239 0.765191 0.854314 0.907877 0.945086 0.968942 0.982746 0.990698 0.995499 0.996849 0.997449 0.997599 0.9985 0.99895 0.9994 0.9994 0.9997 
rule 3 2 5 5 4 1 2 2 0.3
0 0 0 0.571429 0.928571 1 1 1 1 1 1 1 1 1 1 1 1 1 1 1 
rule 3 3 5 5 4 4 2 1 0.5
0 0 0 0 0 0 0 0 0 0 0 0 0 0 0 0 0 0 0 0 
rule 3 2 5 3 4 1 2 1 0.8
0 0 0.155556 0.955556 0.955556 0.955556 0.955556 0.955556 0.977778 0.977778 0.977778 1 1 1 1 1 1 1 1 1 

interceptCycle 5
rule 3 1 5 2 4 3 2 1 0.2
0 0 0.00144509 0.0337187 0.433044 0.631021 0.764451 0.855491 0.915703 0.954239 0.97447 0.985067 0.990848 0.994701 0.998073 0.999037 0.999518 0.999518 0.999518 0.999518 
rule 3 2 5 2 4 2 2 1 0.5
0.000609066 0.00391543 0.0301053 0.264335 0.770382 0.930914 0.977117 0.990516 0.995214 0.997216 0.998521 0.999043 0.999304 0.999478 0.999652 0.999826 0.999913 0.999913 0.999913 0.999913 
rule 3 3 5 3 4 1 2 2 0.7
0 0 0 0.0446429 0.648214 0.921429 0.985714 0.989286 0.991071 0.994643 0.998214 0.998214 0.998214 0.998214 0.998214 0.998214 1 1 1 1 
rule 3 1 5 3 4 1 2 1 0.5
0 0 0 0 0 0 0 0 0 0 0 0 0 0 0 0 0 0 0 0 
rule 3 2 5 1 4 4 2 2 0.8
0 0 0 0.0087108 0.236934 0.420732 0.550523 0.655052 0.737805 0.801394 0.867596 0.931185 0.965157 0.983449 0.991289 0.993902 0.995645 0.996516 0.996516 0.996516 
rule 3 3 5 4 4 2 2 1 0.4
0.000104756 0.00387597 0.0300649 0.280641 0.794259 0.94846 0.981144 0.99141 0.994867 0.997591 0.998219 0.999057 0.999581 0.99979 0.99979 0.999895 0.999895 0.999895 0.999895 0.999895 
rule 3 1 5 4 4 3 2 2 0.5
0.000392388 0.00255052 0.00980969 0.0916225 0.491269 0.680204 0.787522 0.85207 0.896606 0.929763 0.953698 0.97214 0.985874 0.993526 0.997057 0.998038 0.998234 0.998823 0.999019 0.999411 
rule 3 2 5 5 4 1 2 2 0.3
0 0 0 0 0.3125 0.625 1 1 1 1 1 1 1 1 1 1 1 1 1 1 
rule 3 3 5 5 4 4 2 1 0.5
0 0 0 0 0 0 0 0 0 0 0 0 0 0 0 0 0 0 0 0 
rule 3 2 5 3 4 1 2 1 0.8
0 0 0 0.307692 0.871795 0.923077 0.923077 0.923077 0.923077 0.948718 0.948718 0.948718 0.974359 0.974359 1 1 1 1 1 1 

interceptCycle 6
rule 3 1 5 2 4 3 2 1 0.2
0 0 0.00181159 0.00271739 0.057971 0.462862 0.660326 0.772645 0.879529 0.941123 0.964674 0.980072 0.985507 0.98913 0.990942 0.995471 0.997283 0.999094 1 1 
rule 3 2 5 2 4 2 2 1 0.5
0.000780031 0.00296412 0.0121685 0.0539782 0.279407 0.752886 0.915757 0.968175 0.985959 0.991732 0.994228 0.996256 0.997192 0.997972 0.998284 0.998752 0.999064 0.999376 0.999688 0.999688 
rule 3 3 5 3 4 1 2 2 0.7
0 0 0 0.0025974 0.0623377 0.605195 0.914286 0.992208 0.997403 0.997403 0.997403 1 1 1 1 1 1 1 1 1 
rule 3 1 5 3 4 1 2 1 0.5
0 0 0 0 0 0 0 0 0 0 0 0 0 0 0 0 0 0 0 0 
rule 3 2 5 1 4 4 2 2 0.8
0 0 0 0 0.0129412 0.203529 0.348235 0.461176 0.558824 0.661176 0.747059 0.825882 0.897647 0.945882 0.975294 0.988235 0.991765 0.992941 0.994118 0.995294 
rule 3 3 5 4 4 2 2 1 0.4
0.000729927 0.0020073 0.0113139 0.0520073 0.286496 0.761496 0.933942 0.97427 0.988139 0.993613 0.99562 0.996533 0.99781 0.998723 0.998905 0.99927 0.999818 0.999818 0.999818 0.999818 
rule 3 1 5 4 4 3 2 2 0.5
0 0.000692281 0.00415369 0.0145379 0.0872274 0.445829 0.634129 0.742818 0.811007 0.856352 0.893735 0.923157 0.949463 0.970232 0.983385 0.991 0.9955 0.996885 0.998962 0.998962 
rule 3 2 5 5 4 1 2 2 0.3
0 0 0 0 0 0.272727 0.636364 1 1 1 1 1 1 1 1 1 1 1 1 1 
rule 3 3 5 5 4 4 2 1 0.5
0 0 0 0 0 1 1 1 1 1 1 1 1 1 1 1 1 1 1 1 
rule 3 2 5 3 4 1 2 1 0.8
0 0 0 0 0.285714 0.809524 0.904762 0.904762 0.904762 0.928571 0.952381 0.952381 0.952381 0.97619 1 1 1 1 1 1 

interceptCycle 7
rule 3 1 5 2 4 3 2 1 0.2
0 0 0 0.00116144 0.0127758 0.0789779 0.406504 0.612079 0.721254 0.831591 0.908246 0.945412 0.962834 0.974448 0.981417 0.986063 0.993031 0.995354 0.997677 0.998839 
rule 3 2 5 2 4 2 2 1 0.5
0.00017191 0.00223483 0.00842359 0.0280213 0.0967853 0.351556 0.75159 0.900292 0.951865 0.975073 0.984872 0.990373 0.993296 0.994671 0.995874 0.997421 0.997937 0.998453 0.998969 0.999484 
rule 3 3 5 3 4 1 2 2 0.7
0 0 0 0 0.00301205 0.0933735 0.605422 0.885542 0.990964 0.996988 0.996988 0.996988 1 1 1 1 1 1 1 1 
rule 3 1 5 3 4 1 2 1 0.5
0 0 0 0 0 0 0 0 0 0 0 0 0 0 0 0 0 0 0 0 
rule 3 2 5 1 4 4 2 2 0.8
0 0 0 0 0 0.0209059 0.152149 0.252033 0.347271 0.452962 0.577236 0.688734 0.782811 0.875726 0.939605 0.97561 0.987224 0.993031 0.995354 0.995354 
rule 3 3 5 4 4 2 2 1 0.4
0.000203293 0.00162635 0.0060988 0.0241919 0.10124 0.366131 0.766009 0.924578 0.96788 0.982923 0.991665 0.993901 0.995324 0.996747 0.997967 0.99878 0.998984 0.998984 0.999187 0.99939 
rule 3 1 5 4 4 3 2 2 0.5
0.000433463 0.00260078 0.00433463 0.0190724 0.0407456 0.138275 0.426961 0.592111 0.704811 0.788036 0.845254 0.887733 0.917642 0.944517 0.965756 0.983528 0.990897 0.994365 0.996532 0.998266 
rule 3 2 5 5 4 1 2 2 0.3
0 0 0 0 0 0 0.4 0.6 0.8 1 1 1 1 1 1 1 1 1 1 1 
rule 3 3 5 5 4 4 2 1 0.5
0 0 0 0 0 0.25 0.25 0.5 0.5 0.75 1 1 1 1 1 1 1 1 1 1 
rule 3 2 5 3 4 1 2 1 0.8
0 0 0.0172414 0.0172414 0.0689655 0.396552 0.775862 0.87931 0.896552 0.896552 0.931034 0.965517 0.965517 0.965517 0.982759 0.982759 0.982759 0.982759 0.982759 1 

interceptCycle 8
rule 3 1 5 2 4 3 2 1 0.2
0 0 0 0.00636943 0.0212314 0.0509554 0.161359 0.467091 0.658174 0.766454 0.842887 0.893843 0.942675 0.963907 0.968153 0.970276 0.980892 0.989384 0.997877 0.997877 
rule 3 2 5 2 4 2 2 1 0.5
0 0.00231107 0.00577768 0.0180263 0.0492258 0.130575 0.382251 0.733996 0.890686 0.941992 0.966489 0.978507 0.985671 0.990294 0.992605 0.994222 0.995378 0.996765 0.997689 0.998844 
rule 3 3 5 3 4 1 2 2 0.7
0 0 0 0 0.00460829 0.00921659 0.105991 0.571429 0.852535 0.976959 0.986175 0.986175 0.986175 0.990783 0.990783 0.995392 1 1 1 1 
rule 3 1 5 3 4 1 2 1 0.5
0 0 0 0 0 0 0 0 0 0 0 0 0 0 0 0 0 0 0 0 
rule 3 2 5 1 4 4 2 2 0.8
0 0 0 0 0 0 0.022807 0.140351 0.249123 0.336842 0.431579 0.55614 0.668421 0.747368 0.829825 0.910526 0.95614 0.973684 0.980702 0.984211 
rule 3 3 5 4 4 2 2 1 0.4
0.000806452 0.00188172 0.00376344 0.0123656 0.0387097 0.121774 0.392742 0.752957 0.910753 0.965054 0.982796 0.991129 0.993817 0.99543 0.997312 0.997849 0.998118 0.998656 0.998925 0.999462 
rule 3 1 5 4 4 3 2 2 0.5
0 0.00343171 0.0109815 0.0267673 0.0528483 0.0940288 0.221002 0.467399 0.605353 0.69801 0.774194 0.840082 0.891558 0.92313 0.949211 0.966369 0.982841 0.990391 0.995882 0.997255 
rule 3 2 5 5 4 1 2 2 0.3
0 0 0 0 0 0 0 0.5 0.5 1 1 1 1 1 1 1 1 1 1 1 
rule 3 3 5 5 4 4 2 1 0.5
0 0 0 0 0 0 0.25 0.625 0.75 0.875 1 1 1 1 1 1 1 1 1 1 
rule 3 2 5 3 4 1 2 1 0.8
0 0 0 0 0 0.0677966 0.40678 0.711864 0.864407 0.864407 0.864407 0.881356 0.898305 0.932203 0.949153 0.949153 0.983051 0.983051 0.983051 0.983051 

interceptCycle 9
rule 3 1 5 2 4 3 2 1 0.2
0 0 0 0.00324675 0.0324675 0.0941558 0.136364 0.25974 0.525974 0.662338 0.75 0.847403 0.909091 0.944805 0.961039 0.970779 0.970779 0.974026 0.983766 1 
rule 3 2 5 2 4 2 2 1 0.5
0.000278784 0.00111514 0.00585447 0.0153331 0.0404238 0.086702 0.186228 0.436577 0.736549 0.891274 0.943407 0.968219 0.980206 0.98634 0.989964 0.99303 0.995261 0.996376 0.997491 0.998606 
rule 3 3 5 3 4 1 2 2 0.7
0 0 0 0 0 0 0.00699301 0.118881 0.503497 0.804196 0.923077 0.951049 0.958042 0.965035 0.972028 0.972028 0.979021 0.993007 0.993007 0.993007 
rule 3 1 5 3 4 1 2 1 0.5
0 0 0 0 0 0 0 0 0 0 0 0 0 0 0 0 0 0 0 0 
rule 3 2 5 1 4 4 2 2 0.8
0 0 0 0 0 0 0 0.0122951 0.0819672 0.184426 0.290984 0.397541 0.520492 0.643443 0.721311 0.803279 0.897541 0.95082 0.971311 0.983607 
rule 3 3 5 4 4 2 2 1 0.4
0.000662691 0.00265076 0.00430749 0.010603 0.0308151 0.0685885 0.167661 0.414182 0.729954 0.893307 0.949636 0.97548 0.987409 0.992379 0.994367 0.996355 0.997349 0.998343 0.999669 0.999669 
rule 3 1 5 4 4 3 2 2 0.5
0 0.00429185 0.0139485 0.0375536 0.0804721 0.135193 0.204936 0.343348 0.554721 0.685622 0.766094 0.822961 0.875536 0.909871 0.944206 0.965665 0.977468 0.987124 0.993562 0.995708 
rule 3 2 5 5 4 1 2 2 0.3
0 0 0 0 0 0 0 0 0.333333 0.333333 0.666667 1 1 1 1 1 1 1 1 1 
rule 3 3 5 5 4 4 2 1 0.5
0 0 0 0 0 0 0 0 0.25 0.583333 0.666667 0.916667 0.916667 0.916667 0.916667 1 1 1 1 1 
rule 3 2 5 3 4 1 2 1 0.8
0 0 0 0.016129 0.0322581 0.0645161 0.209677 0.532258 0.693548 0.870968 0.903226 0.903226 0.919355 0.951613 0.967742 0.983871 0.983871 1 1 1 

interceptCycle 10
rule 3 1 5 2 4 3 2 1 0.2
0 0 0 0.00913242 0.0365297 0.118721 0.223744 0.305936 0.415525 0.634703 0.789954 0.863014 0.90411 0.949772 0.972603 0.986301 0.990868 0.990868 0.990868 0.995434 
rule 3 2 5 2 4 2 2 1 0.5
0.000313087 0.00125235 0.00657483 0.0172198 0.0425798 0.0804634 0.133688 0.230745 0.464308 0.723231 0.879461 0.939261 0.964308 0.976518 0.984033 0.988103 0.991547 0.994051 0.995617 0.996556 
rule 3 3 5 3 4 1 2 2 0.7
0 0 0 0 0 0 0 0.00961538 0.134615 0.557692 0.817308 0.942308 0.980769 0.990385 0.990385 0.990385 0.990385 0.990385 1 1 
rule 3 1 5 3 4 1 2 1 0.5
0 0 0 0 0 0 0 0 0 0 0 0 0 0 0 0 0 0 0 0 
rule 3 2 5 1 4 4 2 2 0.8
0 0 0 0 0 0 0 0.00819672 0.0245902 0.139344 0.278689 0.377049 0.47541 0.565574 0.672131 0.745902 0.827869 0.909836 0.95082 0.991803 
rule 3 3 5 4 4 2 2 1 0.4
0.000383142 0.000766284 0.00344828 0.0103448 0.0302682 0.0559387 0.1 0.209962 0.457088 0.732567 0.888123 0.945594 0.970881 0.981609 0.987356 0.991954 0.994636 0.996935 0.998084 0.998467 
rule 3 1 5 4 4 3 2 2 0.5
0.00123916 0.00371747 0.0111524 0.0272615 0.0780669 0.156134 0.230483 0.30855 0.460967 0.633209 0.747212 0.814126 0.859975 0.900867 0.924411 0.942999 0.961586 0.972739 0.982652 0.98513 
rule 3 2 5 5 4 1 2 2 0.3
0 0 0 0 0 0 0 0 0 0 1 1 1 1 1 1 1 1 1 1 
rule 3 3 5 5 4 4 2 1 0.5
0 0 0 0 0 0 0 0 0 0.272727 0.545455 0.636364 0.727273 0.727273 0.727273 0.818182 1 1 1 1 
rule 3 2 5 3 4 1 2 1 0.8
0 0 0 0 0 0.0163934 0.0491803 0.245902 0.508197 0.672131 0.770492 0.803279 0.868852 0.868852 0.934426 0.934426 0.95082 0.983607 0.983607 1 

interceptCycle 11
rule 3 1 5 2 4 3 2 1 0.2
0 0 0 0.00892857 0.0178571 0.0758929 0.142857 0.214286 0.299107 0.419643 0.59375 0.732143 0.857143 0.910714 0.933036 0.941964 0.964286 0.973214 0.982143 0.995536 
rule 3 2 5 2 4 2 2 1 0.5
0.000375799 0.0011274 0.00300639 0.0169109 0.0492296 0.0901917 0.136415 0.193912 0.290868 0.496806 0.730552 0.882375 0.939872 0.967306 0.978204 0.984968 0.988726 0.99286 0.995115 0.996618 
rule 3 3 5 3 4 1 2 2 0.7
0 0 0 0 0 0 0 0 0.0114943 0.149425 0.528736 0.758621 0.873563 0.885057 0.908046 0.931034 0.954023 0.965517 0.977011 0.988506 
rule 3 1 5 3 4 1 2 1 0.5
0 0 0 0 0 0 0 0 0 0 0 0 0 0 0 0 0 0 0 0 
rule 3 2 5 1 4 4 2 2 0.8
0 0 0 0 0 0 0 0 0 0.0169492 0.0847458 0.288136 0.440678 0.559322 0.661017 0.745763 0.847458 0.898305 0.966102 0.966102 
rule 3 3 5 4 4 2 2 1 0.4
0.000468165 0.00093633 0.00140449 0.00702247 0.0308989 0.0599251 0.0955056 0.148408 0.261704 0.486423 0.741105 0.890449 0.949906 0.974251 0.985487 0.9897 0.994382 0.997191 0.998127 0.999532 
rule 3 1 5 4 4 3 2 2 0.5
0 0.0013624 0.0027248 0.0177112 0.0681199 0.13624 0.207084 0.291553 0.374659 0.502725 0.640327 0.754768 0.824251 0.878747 0.911444 0.935967 0.952316 0.970027 0.978202 0.983651 
rule 3 2 5 5 4 1 2 2 0.3
0 0 0 0 0 0 0 0 0 0 0 0 0 0 0 0 0 0 0 0 
rule 3 3 5 5 4 4 2 1 0.5
0 0 0 0 0 0 0 0 0.125 0.375 0.5 0.625 0.875 0.875 0.875 1 1 1 1 1 
rule 3 2 5 3 4 1 2 1 0.8
0 0 0 0 0 0 0.0344828 0.0344828 0.172414 0.413793 0.586207 0.672414 0.741379 0.793103 0.87931 0.931034 0.982759 0.982759 1 1 

interceptCycle 12
rule 3 1 5 2 4 3 2 1 0.2
0 0.00456621 0.00456621 0.00456621 0.00913242 0.0319635 0.086758 0.141553 0.255708 0.378995 0.52968 0.694064 0.803653 0.872146 0.913242 0.922374 0.940639 0.958904 0.968037 0.977169 
rule 3 2 5 2 4 2 2 1 0.5
0.000445434 0.00178174 0.00400891 0.0138085 0.0418708 0.0775056 0.127394 0.176837 0.228062 0.334521 0.516258 0.719376 0.85657 0.921158 0.952784 0.96882 0.978619 0.984855 0.98931 0.992428 
rule 3 3 5 3 4 1 2 2 0.7
0 0 0 0 0 0 0 0 0 0.016129 0.145161 0.467742 0.725806 0.887097 0.919355 0.935484 0.951613 0.967742 0.983871 0.983871 
rule 3 1 5 3 4 1 2 1 0.5
0 0 0 0 0 0 0 0 0 0 0 0 0 0 0 0 0 0 0 0 
rule 3 2 5 1 4 4 2 2 0.8
0 0 0 0 0 0 0 0 0 0.0434783 0.0869565 0.26087 0.521739 0.565217 0.717391 0.717391 0.76087 0.847826 0.913043 0.978261 
rule 3 3 5 4 4 2 2 1 0.4
0 0.000599161 0.00179748 0.0107849 0.0389455 0.0701019 0.107849 0.14979 0.198922 0.299581 0.508089 0.736369 0.894548 0.956261 0.979629 0.989215 0.992211 0.996405 0.999401 0.999401 
rule 3 1 5 4 4 3 2 2 0.5
0 0.0041841 0.013947 0.0348675 0.0725244 0.135286 0.203626 0.277545 0.35007 0.440725 0.571827 0.704324 0.800558 0.856346 0.903766 0.940028 0.953975 0.969317 0.981869 0.986053 
rule 3 2 5 5 4 1 2 2 0.3
0 0 0 0 0 0 0 0 0 0 0 0 0 0 0 0 0 0 0 0 
rule 3 3 5 5 4 4 2 1 0.5
0 0 0 0 0 0 0 0 0 0.111111 0.222222 0.555556 0.666667 0.888889 0.888889 1 1 1 1 1 
rule 3 2 5 3 4 1 2 1 0.8
0.0125 0.0125 0.0125 0.0125 0.0125 0.0125 0.0375 0.05 0.0875 0.175 0.35 0.55 0.6625 0.7875 0.8375 0.9125 0.95 0.9875 0.9875 0.9875 

interceptCycle 13
rule 3 1 5 2 4 3 2 1 0.2
0 0 0 0 0 0.0131579 0.0438596 0.122807 0.219298 0.355263 0.460526 0.592105 0.72807 0.802632 0.850877 0.881579 0.894737 0.916667 0.934211 0.942982 
rule 3 2 5 2 4 2 2 1 0.5
0.00110375 0.00165563 0.00441501 0.013245 0.040287 0.0855408 0.128587 0.174393 0.220751 0.278146 0.378587 0.554636 0.746137 0.869205 0.932119 0.959161 0.975717 0.982892 0.990618 0.995033 
rule 3 3 5 3 4 1 2 2 0.7
0 0 0 0 0 0 0.0204082 0.0204082 0.0204082 0.0204082 0.0204082 0.22449 0.530612 0.77551 0.897959 0.959184 0.979592 0.979592 0.979592 1 
rule 3 1 5 3 4 1 2 1 0.5
0 0 0 0 0 0 0 0 0 0 0 0 0 0 0 0 0 0 0 0 
rule 3 2 5 1 4 4 2 2 0.8
0 0 0 0 0 0 0 0.0227273 0.0227273 0.0227273 0.0454545 0.113636 0.25 0.5 0.590909 0.681818 0.727273 0.75 0.840909 0.886364 
rule 3 3 5 4 4 2 2 1 0.4
0 0.000760456 0.00380228 0.00912548 0.0288973 0.0646388 0.0942966 0.132319 0.174905 0.225856 0.330798 0.526996 0.720913 0.888213 0.945247 0.969582 0.980228 0.985551 0.988593 0.992395 
rule 3 1 5 4 4 3 2 2 0.5
0.00326797 0.00490196 0.0130719 0.0294118 0.0653595 0.122549 0.178105 0.240196 0.325163 0.388889 0.480392 0.575163 0.671569 0.761438 0.815359 0.852941 0.897059 0.919935 0.936275 0.957516 
rule 3 2 5 5 4 1 2 2 0.3
0 0 0 0 0 0 0 0 0 0 0 0 0 1 1 1 1 1 1 1 
rule 3 3 5 5 4 4 2 1 0.5
0 0 0 0 0 0.142857 0.142857 0.142857 0.142857 0.142857 0.285714 0.285714 0.428571 0.571429 1 1 1 1 1 1 
rule 3 2 5 3 4 1 2 1 0.8
0 0 0 0 0 0 0 0.025641 0.0512821 0.115385 0.166667 0.358974 0.551282 0.692308 0.833333 0.897436 0.935897 0.974359 1 1 

interceptCycle 14
rule 3 1 5 2 4 3 2 1 0.2
0 0 0 0.00510204 0.0102041 0.0153061 0.0612245 0.0969388 0.173469 0.265306 0.382653 0.5 0.647959 0.77551 0.862245 0.918367 0.938776 0.964286 0.969388 0.97449 
rule 3 2 5 2 4 2 2 1 0.5
0.000668003 0.00267201 0.00734803 0.0173681 0.0374081 0.0868403 0.140949 0.203741 0.261857 0.305277 0.358717 0.447562 0.604542 0.773547 0.879092 0.9332 0.957916 0.974616 0.981964 0.987976 
rule 3 3 5 3 4 1 2 2 0.7
0 0 0 0 0 0 0 0.0217391 0.0217391 0.0434783 0.0652174 0.152174 0.282609 0.521739 0.76087 0.869565 0.891304 0.934783 0.956522 0.956522 
rule 3 1 5 3 4 1 2 1 0.5
0 0 0 0 0 0 0 0 0 0 0 0 0 0 0 0 0 0 0 0 
rule 3 2 5 1 4 4 2 2 0.8
0 0 0 0 0 0 0 0 0.025641 0.025641 0.0512821 0.0769231 0.205128 0.435897 0.589744 0.769231 0.871795 0.948718 0.948718 1 
rule 3 3 5 4 4 2 2 1 0.4
0.001001 0.002002 0.00500501 0.019019 0.043043 0.0840841 0.135135 0.184184 0.225225 0.263263 0.32032 0.423423 0.596597 0.762763 0.8999 0.951952 0.974975 0.985986 0.988989 0.992993 
rule 3 1 5 4 4 3 2 2 0.5
0 0 0.00404858 0.0161943 0.0445344 0.103239 0.192308 0.279352 0.34413 0.431174 0.477733 0.562753 0.668016 0.763158 0.840081 0.878543 0.90081 0.923077 0.937247 0.953441 
rule 3 2 5 5 4 1 2 2 0.3
0 0 0 0 0 0 0 0 0 0 0 0 0 1 1 1 1 1 1 1 
rule 3 3 5 5 4 4 2 1 0.5
0 0 0 0 0 0 0 0 0 0 0 0 0.375 0.5 0.5 0.875 0.875 0.875 0.875 1 
rule 3 2 5 3 4 1 2 1 0.8
0 0.0111111 0.0111111 0.0111111 0.0111111 0.0333333 0.0444444 0.0666667 0.122222 0.2 0.333333 0.422222 0.577778 0.711111 0.8 0.866667 0.9 0.922222 0.955556 0.977778 

interceptCycle 15
rule 3 1 5 2 4 3 2 1 0.2
0 0 0.00662252 0.00662252 0.013245 0.0331126 0.0463576 0.0662252 0.13245 0.211921 0.304636 0.410596 0.509934 0.609272 0.728477 0.807947 0.86755 0.900662 0.933775 0.960265 
rule 3 2 5 2 4 2 2 1 0.5
0.000914077 0.00274223 0.00731261 0.0164534 0.0466179 0.0959781 0.16362 0.234918 0.283364 0.330896 0.382084 0.43053 0.522852 0.648995 0.795247 0.892139 0.937843 0.95521 0.968921 0.973492 
rule 3 3 5 3 4 1 2 2 0.7
0 0 0 0 0 0 0 0 0 0 0 0 0.137931 0.310345 0.586207 0.724138 0.862069 0.862069 0.896552 0.931034 
rule 3 1 5 3 4 1 2 1 0.5
0 0 0 0 0 0 0 0 0 0 0 0 0 0 0 0 0 0 0 0 
rule 3 2 5 1 4 4 2 2 0.8
0 0 0 0 0 0 0 0 0 0 0 0.0833333 0.0833333 0.125 0.375 0.625 0.708333 0.791667 0.958333 0.958333 
rule 3 3 5 4 4 2 2 1 0.4
0.001321 0.001321 0.00660502 0.0198151 0.0449141 0.0898283 0.151915 0.221929 0.277411 0.321004 0.363276 0.424042 0.535007 0.690885 0.826948 0.918098 0.966975 0.985469 0.993395 0.994716 
rule 3 1 5 4 4 3 2 2 0.5
0.00212766 0.00425532 0.00851064 0.0212766 0.0468085 0.104255 0.185106 0.255319 0.344681 0.410638 0.470213 0.525532 0.593617 0.687234 0.776596 0.846809 0.891489 0.925532 0.944681 0.953191 
rule 3 2 5 5 4 1 2 2 0.3
0 0 0 0 0 0 0 0 0 0 0.333333 0.333333 0.333333 0.333333 0.666667 1 1 1 1 1 
rule 3 3 5 5 4 4 2 1 0.5
0 0 0 0 0 0 0 0 0 0.5 0.5 0.5 1 1 1 1 1 1 1 1 
rule 3 2 5 3 4 1 2 1 0.8
0 0 0 0 0.0121951 0.0121951 0.0121951 0.0243902 0.0365854 0.0609756 0.146341 0.243902 0.414634 0.573171 0.719512 0.865854 0.914634 0.926829 0.963415 0.97561 

