trial,mean,ci_down,ci_up
0.0,37.65,35.19,40.11
20.0,39.09,35.13,43.04
40.0,44.25,39.05,49.44
60.0,50.13,44.43,55.83
80.0,62.25,57.61,66.89
100.0,64.95,61.42,68.48
120.0,71.32,67.91,74.74
140.0,76.80,73.24,80.36
160.0,78.94,75.48,82.41
180.0,78.23,74.73,81.73
200.0,81.17,77.89,84.45
220.0,83.85,81.39,86.30
240.0,84.64,80.22,89.07
260.0,88.41,86.14,90.68
280.0,89.58,87.40,91.75
300.0,87.63,85.25,90.02
320.0,90.05,87.07,93.02
340.0,90.98,88.71,93.26
360.0,91.18,89.16,93.19
380.0,91.93,90.16,93.70
400.0,93.85,91.94,95.76
420.0,93.78,91.79,95.76
440.0,93.53,91.64,95.41
460.0,96.07,93.94,98.20
480.0,95.43,93.41,97.45
500.0,95.79,94.30,97.29
520.0,96.70,94.67,98.73
540.0,98.20,96.37,100.04
560.0,97.80,96.40,99.20
580.0,98.01,96.42,99.61
600.0,98.16,96.75,99.58
620.0,97.97,96.55,99.40
640.0,98.73,97.06,100.40
660.0,97.99,96.01,99.98
680.0,98.99,98.09,99.89
700.0,97.43,96.24,98.61
720.0,98.40,97.11,99.69
740.0,99.13,97.65,100.60
760.0,98.93,97.47,100.39
780.0,100.39,98.95,101.83
800.0,100.69,99.60,101.78
820.0,100.09,98.77,101.41
840.0,100.87,99.57,102.17
860.0,101.11,99.97,102.24
880.0,100.71,99.33,102.08
900.0,101.55,100.32,102.78
920.0,100.95,99.69,102.22
940.0,101.65,100.53,102.76
960.0,102.02,100.77,103.27
980.0,101.36,100.04,102.69
1000.0,101.68,100.29,103.06
1020.0,101.27,100.18,102.36
1040.0,101.66,100.64,102.68
1060.0,102.82,101.67,103.96
1080.0,102.12,101.12,103.13
1100.0,102.54,101.20,103.88
1120.0,101.94,100.91,102.97
1140.0,102.87,101.76,103.98
1160.0,103.11,101.57,104.65
1180.0,102.94,101.74,104.14
1200.0,103.12,101.83,104.40
1220.0,102.06,101.13,103.00
1240.0,102.75,101.53,103.96
1260.0,103.01,101.85,104.17
1280.0,102.27,101.10,103.44
1300.0,103.36,102.39,104.32
1320.0,102.67,101.56,103.78
1340.0,102.85,101.75,103.95
1360.0,103.60,102.57,104.63
1380.0,103.40,102.16,104.65
1400.0,103.27,102.15,104.38
1420.0,103.07,101.89,104.24
1440.0,102.92,101.74,104.11
1460.0,102.96,101.82,104.11
1480.0,102.66,101.57,103.76
1500.0,104.13,102.94,105.31
1520.0,103.60,102.35,104.85
1540.0,104.09,103.03,105.15
1560.0,104.42,103.29,105.56
1580.0,103.69,102.62,104.76
1600.0,103.59,102.50,104.68
1620.0,103.37,102.32,104.41
1640.0,104.09,103.09,105.10
1660.0,103.72,102.73,104.72
1680.0,103.90,102.88,104.92
1700.0,103.94,102.90,104.98
1720.0,103.63,102.41,104.85
1740.0,103.26,102.03,104.48
1760.0,103.43,102.32,104.53
1780.0,103.57,102.31,104.84
1800.0,103.65,102.69,104.60
1820.0,103.31,102.39,104.22
1840.0,103.73,102.32,105.14
1860.0,104.19,103.13,105.24
1880.0,103.74,102.82,104.66
1900.0,103.83,102.83,104.84
1920.0,103.61,102.32,104.91
1940.0,104.12,102.85,105.39
1960.0,104.35,103.24,105.47
1980.0,104.60,103.36,105.84
2000.0,104.69,103.77,105.62
2020.0,104.68,103.43,105.93
2040.0,104.42,103.16,105.68
2060.0,104.82,103.62,106.02
2080.0,104.18,103.20,105.16
2100.0,103.82,102.53,105.11
2120.0,104.33,103.20,105.45
2140.0,104.41,103.40,105.41
2160.0,104.28,103.10,105.47
2180.0,103.94,102.89,104.99
2200.0,103.77,102.65,104.89
2220.0,103.50,102.39,104.61
2240.0,104.60,103.33,105.87
2260.0,103.98,103.02,104.94
2280.0,104.22,103.04,105.41
2300.0,105.08,103.95,106.21
2320.0,105.09,103.78,106.40
2340.0,104.05,102.96,105.15
2360.0,105.07,104.06,106.09
2380.0,104.90,104.03,105.78
2400.0,103.69,102.39,104.98
2420.0,105.23,104.12,106.33
2440.0,104.28,103.25,105.30
2460.0,104.44,103.32,105.56
2480.0,104.41,103.40,105.41
2500.0,105.32,104.19,106.45
2520.0,105.34,104.20,106.49
2540.0,104.16,103.04,105.28
2560.0,105.05,103.80,106.30
2580.0,105.00,103.83,106.17
2600.0,105.39,104.34,106.43
2620.0,104.33,102.95,105.71
2640.0,104.03,102.93,105.13
2660.0,103.66,102.54,104.79
2680.0,103.63,102.74,104.52
2700.0,105.40,104.30,106.50
2720.0,104.50,103.63,105.38
2740.0,105.52,104.53,106.51
2760.0,105.11,103.96,106.25
2780.0,104.14,102.86,105.43
2800.0,104.68,103.76,105.59
2820.0,105.09,104.08,106.10
2840.0,104.99,103.74,106.23
2860.0,104.93,103.71,106.16
2880.0,104.47,103.40,105.55
2900.0,105.41,104.38,106.43
2920.0,105.90,104.68,107.11
2940.0,104.79,103.70,105.89
2960.0,104.95,103.92,105.98
2980.0,104.92,103.81,106.03
3000.0,105.40,104.06,106.75
3020.0,105.53,104.35,106.70
3040.0,104.14,103.06,105.22
3060.0,105.48,104.08,106.88
3080.0,104.78,103.68,105.89
3100.0,105.13,104.08,106.18
3120.0,104.49,103.25,105.73
3140.0,105.68,104.47,106.90
3160.0,105.49,104.33,106.66
3180.0,105.06,103.77,106.36
3200.0,105.44,104.31,106.56
3220.0,104.71,103.59,105.84
3240.0,105.35,104.23,106.46
3260.0,104.25,103.07,105.43
3280.0,105.96,104.73,107.19
3300.0,104.47,103.47,105.46
3320.0,105.23,104.19,106.27
3340.0,105.36,104.12,106.61
3360.0,105.32,104.05,106.59
3380.0,105.08,104.06,106.10
3400.0,105.87,104.79,106.95
3420.0,105.12,103.90,106.35
3440.0,105.16,104.06,106.26
3460.0,105.58,104.36,106.79
3480.0,104.90,103.74,106.06
3500.0,105.72,104.86,106.57
3520.0,105.66,104.65,106.67
3540.0,105.33,104.24,106.42
3560.0,104.54,103.39,105.69
3580.0,104.95,103.83,106.07
3600.0,104.93,103.95,105.91
3620.0,105.16,104.15,106.17
3640.0,105.54,104.20,106.89
3660.0,105.15,104.09,106.20
3680.0,105.01,104.02,106.01
3700.0,105.17,104.03,106.31
3720.0,105.56,104.31,106.82
3740.0,105.67,104.51,106.83
3760.0,105.73,104.46,106.99
3780.0,104.81,103.70,105.92
3800.0,104.97,103.77,106.16
3820.0,105.69,104.52,106.85
3840.0,104.57,103.49,105.66
3860.0,105.85,104.78,106.93
3880.0,105.28,104.50,106.06
3900.0,105.42,104.13,106.70
3920.0,104.88,103.70,106.06
3940.0,104.83,103.83,105.83
3960.0,105.21,104.12,106.29
3980.0,105.73,104.39,107.07
4000.0,105.93,104.77,107.10
4020.0,105.80,104.59,107.00
4040.0,105.02,104.09,105.94
4060.0,105.32,104.11,106.53
4080.0,105.23,103.97,106.49
4100.0,106.34,105.13,107.56
4120.0,105.16,104.03,106.30
4140.0,104.92,103.78,106.07
4160.0,104.98,103.84,106.11
4180.0,105.54,104.47,106.61
4200.0,104.78,103.80,105.76
4220.0,105.72,104.67,106.76
4240.0,104.67,103.57,105.77
4260.0,105.97,104.85,107.09
4280.0,104.83,103.66,106.01
4300.0,105.16,104.07,106.26
4320.0,104.98,103.82,106.13
4340.0,105.79,104.84,106.74
4360.0,105.17,104.26,106.08
4380.0,106.28,105.11,107.44
4400.0,105.68,104.58,106.79
4420.0,105.52,104.59,106.45
4440.0,106.00,104.87,107.13
4460.0,105.47,104.23,106.71
4480.0,105.50,104.44,106.55
4500.0,105.37,104.25,106.50
4520.0,105.40,104.36,106.44
4540.0,105.20,103.96,106.44
4560.0,104.84,103.69,105.98
4580.0,105.56,104.36,106.76
4600.0,105.34,104.27,106.41
4620.0,105.46,104.44,106.49
4640.0,106.22,104.91,107.53
4660.0,105.90,104.70,107.09
4680.0,106.24,105.10,107.38
4700.0,105.49,104.39,106.59
4720.0,106.86,105.70,108.03
4740.0,105.22,104.26,106.18
4760.0,104.90,103.88,105.93
4780.0,105.48,104.15,106.81
4800.0,106.56,105.66,107.46
4820.0,105.88,104.60,107.15
4840.0,105.52,104.60,106.44
4860.0,105.86,104.65,107.07
4880.0,106.04,104.89,107.20
4900.0,105.28,104.11,106.45
4920.0,105.32,104.11,106.53
4940.0,106.10,105.04,107.15
4960.0,105.43,104.38,106.49
4980.0,106.16,104.97,107.35
5000.0,105.48,104.28,106.69
