trial,mean,ci_down,ci_up
0.0,0.00,0.00,0.00
20.0,25.68,24.34,27.02
40.0,46.07,44.50,47.63
60.0,63.73,62.05,65.41
80.0,83.03,80.99,85.07
100.0,102.32,100.10,104.54
120.0,122.95,120.64,125.26
140.0,144.50,141.88,147.12
160.0,167.16,164.20,170.12
180.0,190.70,187.51,193.89
200.0,215.07,211.29,218.85
220.0,240.99,237.05,244.94
240.0,266.69,262.39,270.98
260.0,293.54,289.23,297.85
280.0,321.13,316.35,325.92
300.0,350.65,345.36,355.93
320.0,378.95,373.28,384.63
340.0,407.20,401.17,413.23
360.0,437.47,430.87,444.06
380.0,468.40,461.21,475.59
400.0,498.68,490.98,506.38
420.0,529.34,521.22,537.46
440.0,560.83,552.47,569.18
460.0,592.49,583.62,601.35
480.0,624.45,615.47,633.43
500.0,655.26,645.76,664.76
520.0,687.18,676.82,697.55
540.0,719.43,709.24,729.62
560.0,750.31,740.16,760.45
580.0,781.07,770.51,791.62
600.0,811.74,801.02,822.46
620.0,843.43,832.53,854.33
640.0,873.90,863.43,884.37
660.0,903.46,893.46,913.46
680.0,929.01,919.71,938.32
700.0,951.03,942.74,959.33
720.0,968.93,962.02,975.83
740.0,981.80,976.31,987.29
760.0,990.15,986.12,994.18
780.0,995.61,992.94,998.29
800.0,998.26,996.35,1000.17
820.0,999.15,997.50,1000.79
840.0,999.34,998.01,1000.67
860.0,999.45,998.33,1000.56
880.0,999.59,998.76,1000.42
900.0,999.77,999.32,1000.23
920.0,999.93,999.80,1000.07
940.0,1000.00,1000.00,1000.00
960.0,1000.00,1000.00,1000.00
980.0,1000.00,1000.00,1000.00
1000.0,1000.00,1000.00,1000.00
1020.0,1000.00,1000.00,1000.00
1040.0,1000.00,1000.00,1000.00
1060.0,1000.00,1000.00,1000.00
1080.0,1000.00,1000.00,1000.00
1100.0,1000.00,1000.00,1000.00
1120.0,1000.00,1000.00,1000.00
1140.0,1000.00,1000.00,1000.00
1160.0,1000.00,1000.00,1000.00
1180.0,1000.00,1000.00,1000.00
1200.0,1000.00,1000.00,1000.00
1220.0,1000.00,1000.00,1000.00
1240.0,1000.00,1000.00,1000.00
1260.0,1000.00,1000.00,1000.00
1280.0,1000.00,1000.00,1000.00
1300.0,1000.00,1000.00,1000.00
1320.0,1000.00,1000.00,1000.00
1340.0,1000.00,1000.00,1000.00
1360.0,1000.00,1000.00,1000.00
1380.0,1000.00,1000.00,1000.00
1400.0,1000.00,1000.00,1000.00
1420.0,1000.00,1000.00,1000.00
1440.0,1000.00,1000.00,1000.00
1460.0,1000.00,1000.00,1000.00
1480.0,1000.00,1000.00,1000.00
1500.0,1000.00,1000.00,1000.00
1520.0,1000.00,1000.00,1000.00
1540.0,1000.00,1000.00,1000.00
1560.0,1000.00,1000.00,1000.00
1580.0,1000.00,1000.00,1000.00
1600.0,1000.00,1000.00,1000.00
1620.0,1000.00,1000.00,1000.00
1640.0,1000.00,1000.00,1000.00
1660.0,1000.00,1000.00,1000.00
1680.0,1000.00,1000.00,1000.00
1700.0,1000.00,1000.00,1000.00
1720.0,1000.00,1000.00,1000.00
1740.0,1000.00,1000.00,1000.00
1760.0,1000.00,1000.00,1000.00
1780.0,1000.00,1000.00,1000.00
1800.0,1000.00,1000.00,1000.00
1820.0,1000.00,1000.00,1000.00
1840.0,1000.00,1000.00,1000.00
1860.0,1000.00,1000.00,1000.00
1880.0,1000.00,1000.00,1000.00
1900.0,1000.00,1000.00,1000.00
1920.0,1000.00,1000.00,1000.00
1940.0,1000.00,1000.00,1000.00
1960.0,1000.00,1000.00,1000.00
1980.0,1000.00,1000.00,1000.00
2000.0,1000.00,1000.00,1000.00
2020.0,1000.00,1000.00,1000.00
2040.0,1000.00,1000.00,1000.00
2060.0,1000.00,1000.00,1000.00
2080.0,1000.00,1000.00,1000.00
2100.0,1000.00,1000.00,1000.00
2120.0,1000.00,1000.00,1000.00
2140.0,1000.00,1000.00,1000.00
2160.0,1000.00,1000.00,1000.00
2180.0,1000.00,1000.00,1000.00
2200.0,1000.00,1000.00,1000.00
2220.0,1000.00,1000.00,1000.00
2240.0,1000.00,1000.00,1000.00
2260.0,1000.00,1000.00,1000.00
2280.0,1000.00,1000.00,1000.00
2300.0,1000.00,1000.00,1000.00
2320.0,1000.00,1000.00,1000.00
2340.0,1000.00,1000.00,1000.00
2360.0,1000.00,1000.00,1000.00
2380.0,1000.00,1000.00,1000.00
2400.0,1000.00,1000.00,1000.00
2420.0,1000.00,1000.00,1000.00
2440.0,1000.00,1000.00,1000.00
2460.0,1000.00,1000.00,1000.00
2480.0,1000.00,1000.00,1000.00
2500.0,1000.00,1000.00,1000.00
2520.0,1000.00,1000.00,1000.00
2540.0,1000.00,1000.00,1000.00
2560.0,1000.00,1000.00,1000.00
2580.0,1000.00,1000.00,1000.00
2600.0,1000.00,1000.00,1000.00
2620.0,1000.00,1000.00,1000.00
2640.0,1000.00,1000.00,1000.00
2660.0,1000.00,1000.00,1000.00
2680.0,1000.00,1000.00,1000.00
2700.0,1000.00,1000.00,1000.00
2720.0,1000.00,1000.00,1000.00
2740.0,1000.00,1000.00,1000.00
2760.0,1000.00,1000.00,1000.00
2780.0,1000.00,1000.00,1000.00
2800.0,1000.00,1000.00,1000.00
2820.0,1000.00,1000.00,1000.00
2840.0,1000.00,1000.00,1000.00
2860.0,1000.00,1000.00,1000.00
2880.0,1000.00,1000.00,1000.00
2900.0,1000.00,1000.00,1000.00
2920.0,1000.00,1000.00,1000.00
2940.0,1000.00,1000.00,1000.00
2960.0,1000.00,1000.00,1000.00
2980.0,1000.00,1000.00,1000.00
3000.0,1000.00,1000.00,1000.00
3020.0,1000.00,1000.00,1000.00
3040.0,1000.00,1000.00,1000.00
3060.0,1000.00,1000.00,1000.00
3080.0,1000.00,1000.00,1000.00
3100.0,1000.00,1000.00,1000.00
3120.0,1000.00,1000.00,1000.00
3140.0,1000.00,1000.00,1000.00
3160.0,1000.00,1000.00,1000.00
3180.0,1000.00,1000.00,1000.00
3200.0,1000.00,1000.00,1000.00
3220.0,1000.00,1000.00,1000.00
3240.0,1000.00,1000.00,1000.00
3260.0,1000.00,1000.00,1000.00
3280.0,1000.00,1000.00,1000.00
3300.0,1000.00,1000.00,1000.00
3320.0,1000.00,1000.00,1000.00
3340.0,1000.00,1000.00,1000.00
3360.0,1000.00,1000.00,1000.00
3380.0,1000.00,1000.00,1000.00
3400.0,1000.00,1000.00,1000.00
3420.0,1000.00,1000.00,1000.00
3440.0,1000.00,1000.00,1000.00
3460.0,1000.00,1000.00,1000.00
3480.0,1000.00,1000.00,1000.00
3500.0,1000.00,1000.00,1000.00
3520.0,1000.00,1000.00,1000.00
3540.0,1000.00,1000.00,1000.00
3560.0,1000.00,1000.00,1000.00
3580.0,1000.00,1000.00,1000.00
3600.0,1000.00,1000.00,1000.00
3620.0,1000.00,1000.00,1000.00
3640.0,1000.00,1000.00,1000.00
3660.0,1000.00,1000.00,1000.00
3680.0,1000.00,1000.00,1000.00
3700.0,1000.00,1000.00,1000.00
3720.0,1000.00,1000.00,1000.00
3740.0,1000.00,1000.00,1000.00
3760.0,1000.00,1000.00,1000.00
3780.0,1000.00,1000.00,1000.00
3800.0,1000.00,1000.00,1000.00
3820.0,1000.00,1000.00,1000.00
3840.0,1000.00,1000.00,1000.00
3860.0,1000.00,1000.00,1000.00
3880.0,1000.00,1000.00,1000.00
3900.0,1000.00,1000.00,1000.00
3920.0,1000.00,1000.00,1000.00
3940.0,1000.00,1000.00,1000.00
3960.0,1000.00,1000.00,1000.00
3980.0,1000.00,1000.00,1000.00
4000.0,1000.00,1000.00,1000.00
4020.0,1000.00,1000.00,1000.00
4040.0,1000.00,1000.00,1000.00
4060.0,1000.00,1000.00,1000.00
4080.0,1000.00,1000.00,1000.00
4100.0,1000.00,1000.00,1000.00
4120.0,1000.00,1000.00,1000.00
4140.0,1000.00,1000.00,1000.00
4160.0,1000.00,1000.00,1000.00
4180.0,1000.00,1000.00,1000.00
4200.0,1000.00,1000.00,1000.00
4220.0,1000.00,1000.00,1000.00
4240.0,1000.00,1000.00,1000.00
4260.0,1000.00,1000.00,1000.00
4280.0,1000.00,1000.00,1000.00
4300.0,1000.00,1000.00,1000.00
4320.0,1000.00,1000.00,1000.00
4340.0,1000.00,1000.00,1000.00
4360.0,1000.00,1000.00,1000.00
4380.0,1000.00,1000.00,1000.00
4400.0,1000.00,1000.00,1000.00
4420.0,1000.00,1000.00,1000.00
4440.0,1000.00,1000.00,1000.00
4460.0,1000.00,1000.00,1000.00
4480.0,1000.00,1000.00,1000.00
4500.0,1000.00,1000.00,1000.00
4520.0,1000.00,1000.00,1000.00
4540.0,1000.00,1000.00,1000.00
4560.0,1000.00,1000.00,1000.00
4580.0,1000.00,1000.00,1000.00
4600.0,1000.00,1000.00,1000.00
4620.0,1000.00,1000.00,1000.00
4640.0,1000.00,1000.00,1000.00
4660.0,1000.00,1000.00,1000.00
4680.0,1000.00,1000.00,1000.00
4700.0,1000.00,1000.00,1000.00
4720.0,1000.00,1000.00,1000.00
4740.0,1000.00,1000.00,1000.00
4760.0,1000.00,1000.00,1000.00
4780.0,1000.00,1000.00,1000.00
4800.0,1000.00,1000.00,1000.00
4820.0,1000.00,1000.00,1000.00
4840.0,1000.00,1000.00,1000.00
4860.0,1000.00,1000.00,1000.00
4880.0,1000.00,1000.00,1000.00
4900.0,1000.00,1000.00,1000.00
4920.0,1000.00,1000.00,1000.00
4940.0,1000.00,1000.00,1000.00
4960.0,1000.00,1000.00,1000.00
4980.0,1000.00,1000.00,1000.00
5000.0,1000.00,1000.00,1000.00
