trial,mean,ci_down,ci_up
0.0,2.92,2.57,3.27
20.0,5.44,4.95,5.93
40.0,8.44,7.80,9.08
60.0,12.28,11.59,12.97
80.0,16.42,15.58,17.26
100.0,21.16,20.23,22.09
120.0,27.74,26.59,28.89
140.0,34.52,33.16,35.88
160.0,42.06,40.40,43.72
180.0,50.64,48.65,52.63
200.0,60.34,58.24,62.44
220.0,70.88,68.61,73.15
240.0,81.34,78.89,83.79
260.0,93.10,90.25,95.95
280.0,104.82,101.66,107.98
300.0,117.60,114.21,120.99
320.0,131.76,128.07,135.45
340.0,146.90,142.52,151.28
360.0,162.88,158.15,167.61
380.0,180.36,174.99,185.73
400.0,197.18,191.25,203.11
420.0,214.40,207.96,220.84
440.0,233.02,226.12,239.92
460.0,253.84,246.34,261.34
480.0,274.82,266.78,282.86
500.0,297.86,289.47,306.25
520.0,320.94,312.12,329.76
540.0,344.74,335.27,354.21
560.0,369.02,359.11,378.93
580.0,394.68,384.34,405.02
600.0,421.78,411.01,432.55
620.0,447.52,436.33,458.71
640.0,473.96,462.45,485.47
660.0,503.62,491.63,515.61
680.0,532.28,519.84,544.72
700.0,562.64,550.15,575.13
720.0,594.50,581.30,607.70
740.0,626.26,612.31,640.21
760.0,660.14,645.83,674.45
780.0,695.32,680.38,710.26
800.0,730.32,714.71,745.93
820.0,766.08,750.10,782.06
840.0,804.10,787.32,820.88
860.0,841.00,823.49,858.51
880.0,880.80,862.46,899.14
900.0,919.32,900.30,938.34
920.0,960.06,940.11,980.01
940.0,1000.34,979.64,1021.04
960.0,1040.20,1018.93,1061.47
980.0,1081.78,1059.89,1103.67
1000.0,1123.18,1100.48,1145.88
1020.0,1165.70,1142.25,1189.15
1040.0,1209.80,1185.78,1233.82
1060.0,1253.42,1228.70,1278.14
1080.0,1297.14,1271.96,1322.32
1100.0,1341.04,1315.40,1366.68
1120.0,1384.60,1358.49,1410.71
1140.0,1428.70,1401.91,1455.49
1160.0,1475.80,1448.31,1503.29
1180.0,1522.02,1494.06,1549.98
1200.0,1568.60,1539.89,1597.31
1220.0,1615.80,1586.39,1645.21
1240.0,1662.98,1632.84,1693.12
1260.0,1711.12,1680.43,1741.81
1280.0,1760.14,1729.04,1791.24
1300.0,1808.20,1776.57,1839.83
1320.0,1856.82,1824.55,1889.09
1340.0,1907.04,1874.31,1939.77
1360.0,1957.30,1924.59,1990.01
1380.0,2006.74,1973.44,2040.04
1400.0,2057.34,2023.49,2091.19
1420.0,2108.80,2074.41,2143.19
1440.0,2159.06,2124.05,2194.07
1460.0,2209.24,2173.57,2244.91
1480.0,2260.90,2224.49,2297.31
1500.0,2311.54,2274.72,2348.36
1520.0,2363.40,2326.06,2400.74
1540.0,2414.74,2377.09,2452.39
1560.0,2467.50,2429.40,2505.60
1580.0,2519.58,2481.14,2558.02
1600.0,2572.02,2532.79,2611.25
1620.0,2623.56,2584.01,2663.11
1640.0,2677.54,2637.42,2717.66
1660.0,2731.42,2690.37,2772.47
1680.0,2786.60,2745.26,2827.94
1700.0,2842.14,2800.54,2883.74
1720.0,2897.60,2855.22,2939.98
1740.0,2953.36,2910.73,2995.99
1760.0,3007.20,2963.79,3050.61
1780.0,3062.84,3018.79,3106.89
1800.0,3118.74,3074.08,3163.40
1820.0,3174.32,3128.87,3219.77
1840.0,3229.94,3183.87,3276.01
1860.0,3285.68,3238.96,3332.40
1880.0,3341.88,3294.86,3388.90
1900.0,3397.66,3350.42,3444.90
1920.0,3453.04,3405.46,3500.62
1940.0,3509.26,3461.44,3557.08
1960.0,3565.54,3517.51,3613.57
1980.0,3621.02,3572.24,3669.80
2000.0,3678.12,3629.00,3727.24
2020.0,3733.66,3684.07,3783.25
2040.0,3790.16,3739.97,3840.35
2060.0,3847.34,3796.77,3897.91
2080.0,3904.82,3853.79,3955.85
2100.0,3961.88,3910.88,4012.88
2120.0,4018.34,3966.86,4069.82
2140.0,4074.88,4022.74,4127.02
2160.0,4131.84,4079.38,4184.30
2180.0,4190.08,4137.41,4242.75
2200.0,4247.38,4194.08,4300.68
2220.0,4307.32,4253.29,4361.35
2240.0,4364.72,4310.23,4419.21
2260.0,4422.86,4368.03,4477.69
2280.0,4483.04,4427.72,4538.36
2300.0,4542.84,4486.76,4598.92
2320.0,4602.66,4545.96,4659.36
2340.0,4661.76,4604.52,4719.00
2360.0,4720.56,4662.48,4778.64
2380.0,4780.44,4721.85,4839.03
2400.0,4841.16,4781.86,4900.46
2420.0,4901.56,4841.65,4961.47
2440.0,4961.68,4901.00,5022.36
2460.0,5023.66,4962.48,5084.84
2480.0,5083.88,5022.10,5145.66
2500.0,5147.08,5084.36,5209.80
2520.0,5208.62,5144.98,5272.26
2540.0,5269.14,5204.79,5333.49
2560.0,5330.34,5265.64,5395.04
2580.0,5391.18,5325.85,5456.51
2600.0,5451.56,5385.65,5517.47
2620.0,5512.14,5445.91,5578.37
2640.0,5573.48,5506.72,5640.24
2660.0,5635.16,5567.91,5702.41
2680.0,5696.42,5628.90,5763.94
2700.0,5757.42,5689.25,5825.59
2720.0,5819.32,5750.72,5887.92
2740.0,5881.90,5812.74,5951.06
2760.0,5943.82,5874.40,6013.24
2780.0,6006.22,5936.32,6076.12
2800.0,6069.18,5998.95,6139.41
2820.0,6131.12,6060.41,6201.83
2840.0,6192.96,6122.10,6263.82
2860.0,6255.08,6184.03,6326.13
2880.0,6319.32,6247.99,6390.65
2900.0,6382.28,6310.21,6454.35
2920.0,6444.96,6372.09,6517.83
2940.0,6507.50,6434.09,6580.91
2960.0,6570.62,6496.77,6644.47
2980.0,6632.92,6558.72,6707.12
3000.0,6696.40,6621.57,6771.23
3020.0,6759.92,6684.35,6835.49
3040.0,6823.12,6746.91,6899.33
3060.0,6886.24,6809.53,6962.95
3080.0,6951.04,6873.96,7028.12
3100.0,7014.86,6937.45,7092.27
3120.0,7078.46,7000.40,7156.52
3140.0,7142.48,7063.95,7221.01
3160.0,7204.60,7125.46,7283.74
3180.0,7267.58,7187.77,7347.39
3200.0,7331.90,7251.91,7411.89
3220.0,7395.20,7314.71,7475.69
3240.0,7459.22,7378.18,7540.26
3260.0,7522.98,7441.13,7604.83
3280.0,7587.90,7505.46,7670.34
3300.0,7652.14,7568.96,7735.32
3320.0,7717.04,7633.08,7801.00
3340.0,7780.06,7695.09,7865.03
3360.0,7844.92,7758.96,7930.88
3380.0,7909.82,7823.30,7996.34
3400.0,7974.82,7887.85,8061.79
3420.0,8038.70,7950.94,8126.46
3440.0,8103.98,8015.29,8192.67
3460.0,8169.62,8080.00,8259.24
3480.0,8236.82,8146.57,8327.07
3500.0,8302.38,8211.13,8393.63
3520.0,8367.92,8276.06,8459.78
3540.0,8432.14,8339.90,8524.38
3560.0,8497.44,8404.58,8590.30
3580.0,8562.44,8469.09,8655.79
3600.0,8627.62,8533.42,8721.82
3620.0,8694.10,8599.15,8789.05
3640.0,8761.96,8666.71,8857.21
3660.0,8827.50,8731.84,8923.16
3680.0,8893.16,8797.30,8989.02
3700.0,8959.72,8863.01,9056.43
3720.0,9025.70,8928.20,9123.20
3740.0,9092.14,8993.81,9190.47
3760.0,9158.30,9059.26,9257.34
3780.0,9224.48,9124.47,9324.49
3800.0,9291.20,9190.47,9391.93
3820.0,9357.86,9256.80,9458.92
3840.0,9423.16,9321.78,9524.54
3860.0,9490.46,9388.56,9592.36
3880.0,9557.30,9455.17,9659.43
3900.0,9622.64,9520.19,9725.09
3920.0,9689.86,9587.05,9792.67
3940.0,9757.14,9653.78,9860.50
3960.0,9822.68,9718.97,9926.39
3980.0,9889.94,9785.37,9994.51
4000.0,9955.66,9850.53,10060.79
4020.0,10022.74,9917.25,10128.23
4040.0,10089.64,9983.54,10195.74
4060.0,10157.10,10050.48,10263.72
4080.0,10223.44,10116.11,10330.77
4100.0,10290.12,10182.52,10397.72
4120.0,10357.52,10249.66,10465.38
4140.0,10423.94,10315.56,10532.32
4160.0,10490.62,10381.64,10599.60
4180.0,10557.62,10448.04,10667.20
4200.0,10624.38,10514.18,10734.58
4220.0,10690.62,10579.93,10801.31
4240.0,10757.16,10645.87,10868.45
4260.0,10824.28,10712.38,10936.18
4280.0,10891.28,10778.38,11004.18
4300.0,10958.00,10844.29,11071.71
4320.0,11023.66,10909.28,11138.04
4340.0,11090.44,10975.11,11205.77
4360.0,11156.02,11039.92,11272.12
4380.0,11223.24,11106.46,11340.02
4400.0,11289.72,11172.50,11406.94
4420.0,11356.90,11238.90,11474.90
4440.0,11423.84,11305.53,11542.15
4460.0,11489.58,11370.73,11608.43
4480.0,11555.92,11436.66,11675.18
4500.0,11622.88,11502.96,11742.80
4520.0,11689.58,11568.78,11810.38
4540.0,11756.98,11635.32,11878.64
4560.0,11823.84,11701.40,11946.28
4580.0,11892.18,11769.04,12015.32
4600.0,11959.26,11835.57,12082.95
4620.0,12026.98,11902.49,12151.47
4640.0,12094.96,11970.00,12219.92
4660.0,12163.52,12037.94,12289.10
4680.0,12229.84,12103.75,12355.93
4700.0,12296.32,12169.64,12423.00
4720.0,12363.48,12236.20,12490.76
4740.0,12431.16,12303.28,12559.04
4760.0,12497.32,12368.71,12625.93
4780.0,12565.42,12436.09,12694.75
4800.0,12632.12,12502.46,12761.78
4820.0,12699.14,12568.95,12829.33
4840.0,12766.12,12635.45,12896.79
4860.0,12833.10,12701.58,12964.62
4880.0,12901.54,12769.64,13033.44
4900.0,12970.02,12837.74,13102.30
4920.0,13038.48,12905.54,13171.42
4940.0,13107.96,12974.27,13241.65
4960.0,13176.58,13042.08,13311.08
4980.0,13245.40,13110.30,13380.50
5000.0,13313.52,13177.57,13449.47
