trial,mean,ci_down,ci_up
0.0,0.00,0.00,0.00
20.0,27.59,26.46,28.73
40.0,80.64,78.63,82.64
60.0,155.76,152.65,158.87
80.0,253.25,248.63,257.88
100.0,373.75,367.04,380.46
120.0,518.49,509.53,527.44
140.0,687.77,676.10,699.45
160.0,884.09,869.51,898.68
180.0,1109.59,1091.69,1127.48
200.0,1365.26,1344.16,1386.35
220.0,1651.27,1626.55,1676.00
240.0,1968.34,1939.73,1996.95
260.0,2316.72,2284.00,2349.44
280.0,2696.89,2659.67,2734.10
300.0,3111.35,3069.38,3153.31
320.0,3559.94,3513.09,3606.79
340.0,4041.51,3989.32,4093.69
360.0,4557.29,4499.76,4614.82
380.0,5109.96,5047.10,5172.82
400.0,5700.14,5631.85,5768.43
420.0,6328.50,6254.61,6402.39
440.0,6996.01,6916.50,7075.51
460.0,7703.28,7617.69,7788.86
480.0,8450.52,8358.52,8542.52
500.0,9238.27,9139.24,9337.29
520.0,10066.91,9960.32,10173.49
540.0,10935.63,10821.53,11049.74
560.0,11842.69,11721.55,11963.82
580.0,12781.91,12654.56,12909.27
600.0,13746.68,13614.92,13878.44
620.0,14728.55,14593.84,14863.25
640.0,15720.17,15583.73,15856.62
660.0,16717.32,16580.21,16854.43
680.0,17716.94,17579.71,17854.17
700.0,18716.94,18579.71,18854.17
720.0,19716.94,19579.71,19854.17
740.0,20716.94,20579.71,20854.17
760.0,21716.94,21579.71,21854.17
780.0,22716.94,22579.71,22854.17
800.0,23716.94,23579.71,23854.17
820.0,24716.94,24579.71,24854.17
840.0,25716.94,25579.71,25854.17
860.0,26716.94,26579.71,26854.17
880.0,27716.94,27579.71,27854.17
900.0,28716.94,28579.71,28854.17
920.0,29716.94,29579.71,29854.17
940.0,30716.94,30579.71,30854.17
960.0,31716.94,31579.71,31854.17
980.0,32716.94,32579.71,32854.17
1000.0,33716.94,33579.71,33854.17
1020.0,34716.94,34579.71,34854.17
1040.0,35716.94,35579.71,35854.17
1060.0,36716.94,36579.71,36854.17
1080.0,37716.94,37579.71,37854.17
1100.0,38716.94,38579.71,38854.17
1120.0,39716.94,39579.71,39854.17
1140.0,40716.94,40579.71,40854.17
1160.0,41716.94,41579.71,41854.17
1180.0,42716.94,42579.71,42854.17
1200.0,43716.94,43579.71,43854.17
1220.0,44716.94,44579.71,44854.17
1240.0,45716.94,45579.71,45854.17
1260.0,46716.94,46579.71,46854.17
1280.0,47716.94,47579.71,47854.17
1300.0,48716.94,48579.71,48854.17
1320.0,49716.94,49579.71,49854.17
1340.0,50716.94,50579.71,50854.17
1360.0,51716.94,51579.71,51854.17
1380.0,52716.94,52579.71,52854.17
1400.0,53716.94,53579.71,53854.17
1420.0,54716.94,54579.71,54854.17
1440.0,55716.94,55579.71,55854.17
1460.0,56716.94,56579.71,56854.17
1480.0,57716.94,57579.71,57854.17
1500.0,58716.94,58579.71,58854.17
1520.0,59716.94,59579.71,59854.17
1540.0,60716.94,60579.71,60854.17
1560.0,61716.94,61579.71,61854.17
1580.0,62716.94,62579.71,62854.17
1600.0,63716.94,63579.71,63854.17
1620.0,64716.94,64579.71,64854.17
1640.0,65716.94,65579.71,65854.17
1660.0,66716.94,66579.71,66854.17
1680.0,67716.94,67579.71,67854.17
1700.0,68716.94,68579.71,68854.17
1720.0,69716.94,69579.71,69854.17
1740.0,70716.94,70579.71,70854.17
1760.0,71716.94,71579.71,71854.17
1780.0,72716.94,72579.71,72854.17
1800.0,73716.94,73579.71,73854.17
1820.0,74716.94,74579.71,74854.17
1840.0,75716.94,75579.71,75854.17
1860.0,76716.94,76579.71,76854.17
1880.0,77716.94,77579.71,77854.17
1900.0,78716.94,78579.71,78854.17
1920.0,79716.94,79579.71,79854.17
1940.0,80716.94,80579.71,80854.17
1960.0,81716.94,81579.71,81854.17
1980.0,82716.94,82579.71,82854.17
2000.0,83716.94,83579.71,83854.17
2020.0,84716.94,84579.71,84854.17
2040.0,85716.94,85579.71,85854.17
2060.0,86716.94,86579.71,86854.17
2080.0,87716.94,87579.71,87854.17
2100.0,88716.94,88579.71,88854.17
2120.0,89716.94,89579.71,89854.17
2140.0,90716.94,90579.71,90854.17
2160.0,91716.94,91579.71,91854.17
2180.0,92716.94,92579.71,92854.17
2200.0,93716.94,93579.71,93854.17
2220.0,94716.94,94579.71,94854.17
2240.0,95716.94,95579.71,95854.17
2260.0,96716.94,96579.71,96854.17
2280.0,97716.94,97579.71,97854.17
2300.0,98716.94,98579.71,98854.17
2320.0,99716.94,99579.71,99854.17
2340.0,100716.94,100579.71,100854.17
2360.0,101716.94,101579.71,101854.17
2380.0,102716.94,102579.71,102854.17
2400.0,103716.94,103579.71,103854.17
2420.0,104716.94,104579.71,104854.17
2440.0,105716.94,105579.71,105854.17
2460.0,106716.94,106579.71,106854.17
2480.0,107716.94,107579.71,107854.17
2500.0,108716.94,108579.71,108854.17
2520.0,109716.94,109579.71,109854.17
2540.0,110716.94,110579.71,110854.17
2560.0,111716.94,111579.71,111854.17
2580.0,112716.94,112579.71,112854.17
2600.0,113716.94,113579.71,113854.17
2620.0,114716.94,114579.71,114854.17
2640.0,115716.94,115579.71,115854.17
2660.0,116716.94,116579.71,116854.17
2680.0,117716.94,117579.71,117854.17
2700.0,118716.94,118579.71,118854.17
2720.0,119716.94,119579.71,119854.17
2740.0,120716.94,120579.71,120854.17
2760.0,121716.94,121579.71,121854.17
2780.0,122716.94,122579.71,122854.17
2800.0,123716.94,123579.71,123854.17
2820.0,124716.94,124579.71,124854.17
2840.0,125716.94,125579.71,125854.17
2860.0,126716.94,126579.71,126854.17
2880.0,127716.94,127579.71,127854.17
2900.0,128716.94,128579.71,128854.17
2920.0,129716.94,129579.71,129854.17
2940.0,130716.94,130579.71,130854.17
2960.0,131716.94,131579.71,131854.17
2980.0,132716.94,132579.71,132854.17
3000.0,133716.94,133579.71,133854.17
3020.0,134716.94,134579.71,134854.17
3040.0,135716.94,135579.71,135854.17
3060.0,136716.94,136579.71,136854.17
3080.0,137716.94,137579.71,137854.17
3100.0,138716.94,138579.71,138854.17
3120.0,139716.94,139579.71,139854.17
3140.0,140716.94,140579.71,140854.17
3160.0,141716.94,141579.71,141854.17
3180.0,142716.94,142579.71,142854.17
3200.0,143716.94,143579.71,143854.17
3220.0,144716.94,144579.71,144854.17
3240.0,145716.94,145579.71,145854.17
3260.0,146716.94,146579.71,146854.17
3280.0,147716.94,147579.71,147854.17
3300.0,148716.94,148579.71,148854.17
3320.0,149716.94,149579.71,149854.17
3340.0,150716.94,150579.71,150854.17
3360.0,151716.94,151579.71,151854.17
3380.0,152716.94,152579.71,152854.17
3400.0,153716.94,153579.71,153854.17
3420.0,154716.94,154579.71,154854.17
3440.0,155716.94,155579.71,155854.17
3460.0,156716.94,156579.71,156854.17
3480.0,157716.94,157579.71,157854.17
3500.0,158716.94,158579.71,158854.17
3520.0,159716.94,159579.71,159854.17
3540.0,160716.94,160579.71,160854.17
3560.0,161716.94,161579.71,161854.17
3580.0,162716.94,162579.71,162854.17
3600.0,163716.94,163579.71,163854.17
3620.0,164716.94,164579.71,164854.17
3640.0,165716.94,165579.71,165854.17
3660.0,166716.94,166579.71,166854.17
3680.0,167716.94,167579.71,167854.17
3700.0,168716.94,168579.71,168854.17
3720.0,169716.94,169579.71,169854.17
3740.0,170716.94,170579.71,170854.17
3760.0,171716.94,171579.71,171854.17
3780.0,172716.94,172579.71,172854.17
3800.0,173716.94,173579.71,173854.17
3820.0,174716.94,174579.71,174854.17
3840.0,175716.94,175579.71,175854.17
3860.0,176716.94,176579.71,176854.17
3880.0,177716.94,177579.71,177854.17
3900.0,178716.94,178579.71,178854.17
3920.0,179716.94,179579.71,179854.17
3940.0,180716.94,180579.71,180854.17
3960.0,181716.94,181579.71,181854.17
3980.0,182716.94,182579.71,182854.17
4000.0,183716.94,183579.71,183854.17
4020.0,184716.94,184579.71,184854.17
4040.0,185716.94,185579.71,185854.17
4060.0,186716.94,186579.71,186854.17
4080.0,187716.94,187579.71,187854.17
4100.0,188716.94,188579.71,188854.17
4120.0,189716.94,189579.71,189854.17
4140.0,190716.94,190579.71,190854.17
4160.0,191716.94,191579.71,191854.17
4180.0,192716.94,192579.71,192854.17
4200.0,193716.94,193579.71,193854.17
4220.0,194716.94,194579.71,194854.17
4240.0,195716.94,195579.71,195854.17
4260.0,196716.94,196579.71,196854.17
4280.0,197716.94,197579.71,197854.17
4300.0,198716.94,198579.71,198854.17
4320.0,199716.94,199579.71,199854.17
4340.0,200716.94,200579.71,200854.17
4360.0,201716.94,201579.71,201854.17
4380.0,202716.94,202579.71,202854.17
4400.0,203716.94,203579.71,203854.17
4420.0,204716.94,204579.71,204854.17
4440.0,205716.94,205579.71,205854.17
4460.0,206716.94,206579.71,206854.17
4480.0,207716.94,207579.71,207854.17
4500.0,208716.94,208579.71,208854.17
4520.0,209716.94,209579.71,209854.17
4540.0,210716.94,210579.71,210854.17
4560.0,211716.94,211579.71,211854.17
4580.0,212716.94,212579.71,212854.17
4600.0,213716.94,213579.71,213854.17
4620.0,214716.94,214579.71,214854.17
4640.0,215716.94,215579.71,215854.17
4660.0,216716.94,216579.71,216854.17
4680.0,217716.94,217579.71,217854.17
4700.0,218716.94,218579.71,218854.17
4720.0,219716.94,219579.71,219854.17
4740.0,220716.94,220579.71,220854.17
4760.0,221716.94,221579.71,221854.17
4780.0,222716.94,222579.71,222854.17
4800.0,223716.94,223579.71,223854.17
4820.0,224716.94,224579.71,224854.17
4840.0,225716.94,225579.71,225854.17
4860.0,226716.94,226579.71,226854.17
4880.0,227716.94,227579.71,227854.17
4900.0,228716.94,228579.71,228854.17
4920.0,229716.94,229579.71,229854.17
4940.0,230716.94,230579.71,230854.17
4960.0,231716.94,231579.71,231854.17
4980.0,232716.94,232579.71,232854.17
5000.0,233716.94,233579.71,233854.17
