trial,mean,ci_down,ci_up
0.0,36.07,33.30,38.84
20.0,75.32,71.41,79.23
40.0,125.98,120.58,131.38
60.0,178.31,172.26,184.36
80.0,237.09,229.36,244.82
100.0,299.59,291.27,307.91
120.0,371.98,362.91,381.05
140.0,446.88,436.97,456.79
160.0,523.13,511.58,534.68
180.0,601.65,589.42,613.89
200.0,683.87,671.42,696.32
220.0,768.74,756.18,781.29
240.0,854.65,841.59,867.70
260.0,940.40,927.23,953.56
280.0,1028.02,1014.67,1041.36
300.0,1117.98,1105.04,1130.91
320.0,1208.42,1195.33,1221.52
340.0,1299.04,1285.83,1312.24
360.0,1390.64,1377.29,1403.99
380.0,1482.94,1469.64,1496.24
400.0,1576.08,1562.74,1589.42
420.0,1671.95,1658.50,1685.41
440.0,1766.60,1752.63,1780.56
460.0,1862.07,1847.67,1876.47
480.0,1956.93,1942.34,1971.52
500.0,2052.80,2038.46,2067.14
520.0,2149.50,2134.91,2164.08
540.0,2245.97,2231.18,2260.77
560.0,2342.54,2327.69,2357.38
580.0,2439.60,2424.60,2454.60
600.0,2537.05,2522.08,2552.02
620.0,2635.29,2620.19,2650.40
640.0,2733.39,2718.25,2748.53
660.0,2832.34,2817.49,2847.19
680.0,2931.14,2915.99,2946.28
700.0,3030.02,3014.74,3045.30
720.0,3131.45,3116.09,3146.81
740.0,3231.31,3215.83,3246.79
760.0,3330.65,3315.12,3346.19
780.0,3430.88,3415.45,3446.32
800.0,3532.16,3516.54,3547.78
820.0,3633.95,3618.33,3649.58
840.0,3735.25,3719.38,3751.12
860.0,3836.75,3820.90,3852.61
880.0,3938.74,3922.96,3954.52
900.0,4040.61,4024.83,4056.40
920.0,4142.52,4126.67,4158.37
940.0,4244.11,4228.11,4260.11
960.0,4345.15,4329.49,4360.81
980.0,4445.94,4430.27,4461.60
1000.0,4547.58,4531.97,4563.20
1020.0,4649.62,4633.86,4665.39
1040.0,4752.01,4736.23,4767.78
1060.0,4854.85,4839.05,4870.65
1080.0,4957.93,4942.05,4973.81
1100.0,5060.28,5044.55,5076.01
1120.0,5162.81,5146.91,5178.70
1140.0,5265.31,5249.53,5281.09
1160.0,5369.24,5353.34,5385.14
1180.0,5471.87,5455.87,5487.86
1200.0,5575.49,5559.67,5591.31
1220.0,5678.25,5662.44,5694.06
1240.0,5781.10,5765.12,5797.08
1260.0,5884.38,5868.43,5900.34
1280.0,5986.81,5970.63,6002.98
1300.0,6089.36,6073.08,6105.64
1320.0,6192.56,6176.16,6208.96
1340.0,6296.10,6279.56,6312.63
1360.0,6399.17,6382.53,6415.82
1380.0,6502.44,6485.70,6519.18
1400.0,6605.39,6588.46,6622.33
1420.0,6708.19,6690.98,6725.40
1440.0,6811.51,6794.20,6828.82
1460.0,6915.44,6897.82,6933.06
1480.0,7019.10,7001.43,7036.77
1500.0,7122.86,7104.98,7140.75
1520.0,7226.27,7208.26,7244.27
1540.0,7329.66,7311.70,7347.62
1560.0,7432.63,7414.44,7450.82
1580.0,7535.38,7516.94,7553.82
1600.0,7638.43,7619.82,7657.05
1620.0,7741.32,7722.41,7760.22
1640.0,7844.58,7825.47,7863.69
1660.0,7947.61,7928.23,7966.99
1680.0,8051.17,8031.39,8070.94
1700.0,8155.24,8135.42,8175.05
1720.0,8259.12,8239.03,8279.20
1740.0,8362.53,8342.33,8382.73
1760.0,8465.72,8445.41,8486.03
1780.0,8568.57,8548.11,8589.03
1800.0,8671.22,8650.42,8692.01
1820.0,8774.64,8753.57,8795.71
1840.0,8877.81,8856.28,8899.35
1860.0,8981.45,8959.86,9003.03
1880.0,9085.32,9063.30,9107.34
1900.0,9188.59,9166.12,9211.05
1920.0,9291.96,9269.09,9314.84
1940.0,9395.03,9371.79,9418.28
1960.0,9498.29,9474.81,9521.77
1980.0,9601.84,9578.15,9625.53
2000.0,9704.97,9680.95,9728.99
2020.0,9808.30,9784.04,9832.56
2040.0,9912.15,9887.70,9936.59
2060.0,10015.56,9990.84,10040.29
2080.0,10118.68,10093.91,10143.46
2100.0,10222.13,10197.03,10247.22
2120.0,10324.59,10298.91,10350.26
2140.0,10427.51,10401.54,10453.48
2160.0,10530.47,10504.11,10556.84
2180.0,10633.70,10606.99,10660.40
2200.0,10737.03,10709.99,10764.07
2220.0,10840.09,10812.83,10867.35
2240.0,10942.67,10915.11,10970.23
2260.0,11046.67,11018.90,11074.43
2280.0,11150.14,11121.95,11178.34
2300.0,11253.60,11225.15,11282.06
2320.0,11356.94,11328.33,11385.54
2340.0,11459.82,11430.89,11488.76
2360.0,11563.24,11534.10,11592.38
2380.0,11666.33,11636.90,11695.75
2400.0,11769.16,11739.27,11799.05
2420.0,11872.07,11841.92,11902.22
2440.0,11974.98,11944.50,12005.46
2460.0,12078.58,12047.73,12109.42
2480.0,12181.73,12150.45,12213.01
2500.0,12285.04,12253.50,12316.58
2520.0,12388.38,12356.48,12420.28
2540.0,12491.54,12459.30,12523.79
2560.0,12595.00,12562.34,12627.66
2580.0,12698.09,12665.01,12731.17
2600.0,12801.01,12767.69,12834.32
2620.0,12904.33,12870.93,12937.74
2640.0,13007.23,12973.59,13040.87
2660.0,13110.00,13075.78,13144.21
2680.0,13213.75,13179.19,13248.31
2700.0,13316.33,13281.49,13351.18
2720.0,13420.19,13384.94,13455.44
2740.0,13523.19,13487.65,13558.74
2760.0,13626.74,13590.91,13662.58
2780.0,13729.75,13693.43,13766.06
2800.0,13832.70,13796.19,13869.20
2820.0,13935.43,13898.67,13972.18
2840.0,14038.97,14002.12,14075.82
2860.0,14142.15,14104.93,14179.37
2880.0,14245.26,14207.77,14282.75
2900.0,14347.85,14310.20,14385.50
2920.0,14450.98,14413.05,14488.91
2940.0,14553.76,14515.46,14592.07
2960.0,14656.88,14618.22,14695.54
2980.0,14759.77,14720.86,14798.69
3000.0,14861.87,14822.51,14901.22
3020.0,14964.40,14924.85,15003.95
3040.0,15066.20,15026.42,15105.99
3060.0,15168.90,15128.89,15208.91
3080.0,15271.53,15231.10,15311.95
3100.0,15373.99,15333.30,15414.69
3120.0,15476.34,15435.21,15517.46
3140.0,15578.76,15537.24,15620.27
3160.0,15681.34,15639.68,15723.01
3180.0,15784.45,15742.50,15826.41
3200.0,15886.85,15844.55,15929.15
3220.0,15989.17,15946.51,16031.83
3240.0,16091.72,16048.73,16134.72
3260.0,16194.12,16150.79,16237.45
3280.0,16296.30,16252.72,16339.88
3300.0,16398.34,16354.42,16442.26
3320.0,16499.86,16455.52,16544.20
3340.0,16602.75,16558.01,16647.48
3360.0,16704.70,16659.61,16749.79
3380.0,16807.03,16761.72,16852.34
3400.0,16908.69,16863.03,16954.35
3420.0,17010.96,16964.98,17056.95
3440.0,17113.78,17067.25,17160.31
3460.0,17216.47,17169.64,17263.30
3480.0,17318.73,17271.68,17365.77
3500.0,17421.22,17373.74,17468.71
3520.0,17523.49,17475.55,17571.43
3540.0,17625.00,17576.79,17673.21
3560.0,17726.98,17678.32,17775.64
3580.0,17828.76,17779.68,17877.84
3600.0,17930.78,17881.20,17980.36
3620.0,18032.71,17982.70,18082.72
3640.0,18135.06,18084.63,18185.48
3660.0,18237.08,18186.15,18288.01
3680.0,18338.71,18287.55,18389.88
3700.0,18440.86,18389.34,18492.38
3720.0,18542.70,18490.78,18594.62
3740.0,18644.22,18591.84,18696.61
3760.0,18745.84,18692.99,18798.69
3780.0,18848.05,18794.70,18901.40
3800.0,18949.83,18896.15,19003.51
3820.0,19052.31,18998.30,19106.31
3840.0,19154.44,19099.94,19208.94
3860.0,19256.28,19201.45,19311.11
3880.0,19358.42,19303.07,19413.77
3900.0,19460.13,19404.50,19515.76
3920.0,19561.62,19505.75,19617.49
3940.0,19662.88,19606.53,19719.24
3960.0,19765.16,19708.35,19821.97
3980.0,19867.76,19810.56,19924.96
4000.0,19969.11,19911.52,20026.70
4020.0,20070.67,20012.82,20128.53
4040.0,20173.48,20115.28,20231.68
4060.0,20275.49,20216.92,20334.05
4080.0,20377.00,20318.04,20435.97
4100.0,20478.73,20419.43,20538.03
4120.0,20580.27,20520.62,20639.93
4140.0,20681.92,20621.83,20742.01
4160.0,20783.56,20723.11,20844.00
4180.0,20884.84,20824.06,20945.62
4200.0,20985.96,20924.85,21047.07
4220.0,21087.66,21026.21,21149.11
4240.0,21189.31,21127.64,21250.99
4260.0,21290.95,21229.00,21352.91
4280.0,21393.42,21331.16,21455.68
4300.0,21494.72,21432.07,21557.37
4320.0,21596.21,21533.26,21659.17
4340.0,21697.82,21634.36,21761.27
4360.0,21799.40,21735.43,21863.37
4380.0,21900.19,21835.70,21964.69
4400.0,22001.40,21936.44,22066.36
4420.0,22102.76,22037.50,22168.03
4440.0,22204.29,22138.69,22269.88
4460.0,22305.77,22239.54,22371.99
4480.0,22406.56,22339.99,22473.14
4500.0,22507.43,22440.33,22574.53
4520.0,22608.32,22540.86,22675.78
4540.0,22709.03,22641.08,22776.98
4560.0,22809.55,22741.16,22877.95
4580.0,22910.85,22842.14,22979.55
4600.0,23012.27,22942.98,23081.56
4620.0,23113.96,23044.45,23183.47
4640.0,23214.97,23145.12,23284.83
4660.0,23316.22,23245.98,23386.45
4680.0,23416.88,23346.28,23487.49
4700.0,23517.84,23446.84,23588.84
4720.0,23618.92,23547.64,23690.20
4740.0,23719.97,23648.26,23791.69
4760.0,23820.97,23749.05,23892.89
4780.0,23921.56,23849.32,23993.80
4800.0,24023.04,23950.27,24095.81
4820.0,24124.86,24051.74,24197.99
4840.0,24226.67,24153.15,24300.19
4860.0,24328.04,24254.17,24401.91
4880.0,24429.33,24355.13,24503.54
4900.0,24530.65,24455.99,24605.32
4920.0,24631.35,24556.35,24706.36
4940.0,24732.47,24656.97,24807.98
4960.0,24833.26,24757.29,24909.22
4980.0,24934.74,24858.26,25011.22
5000.0,25036.22,24959.36,25113.08
