trial,mean,ci_down,ci_up
0.0,0.00,0.00,0.00
20.0,27.59,26.46,28.73
40.0,53.05,51.81,54.29
60.0,75.12,73.56,76.68
80.0,97.49,95.60,99.38
100.0,120.50,118.04,122.96
120.0,144.73,141.98,147.49
140.0,169.29,166.09,172.49
160.0,196.32,192.83,199.81
180.0,225.49,221.46,229.53
200.0,255.67,251.62,259.72
220.0,286.01,281.66,290.37
240.0,317.07,312.46,321.67
260.0,348.38,343.54,353.22
280.0,380.17,375.11,385.22
300.0,414.46,408.97,419.95
320.0,448.59,442.68,454.51
340.0,481.57,475.23,487.90
360.0,515.79,509.31,522.27
380.0,552.67,546.10,559.23
400.0,590.18,583.41,596.95
420.0,628.36,621.10,635.62
440.0,667.51,659.82,675.19
460.0,707.27,699.05,715.49
480.0,747.24,738.74,755.74
500.0,787.75,778.32,797.18
520.0,828.64,818.63,838.65
540.0,868.73,858.91,878.54
560.0,907.05,897.57,916.53
580.0,939.23,930.63,947.82
600.0,964.77,958.16,971.38
620.0,981.87,977.37,986.36
640.0,991.63,988.79,994.47
660.0,997.15,995.89,998.40
680.0,999.62,999.24,1000.00
700.0,1000.00,1000.00,1000.00
720.0,1000.00,1000.00,1000.00
740.0,1000.00,1000.00,1000.00
760.0,1000.00,1000.00,1000.00
780.0,1000.00,1000.00,1000.00
800.0,1000.00,1000.00,1000.00
820.0,1000.00,1000.00,1000.00
840.0,1000.00,1000.00,1000.00
860.0,1000.00,1000.00,1000.00
880.0,1000.00,1000.00,1000.00
900.0,1000.00,1000.00,1000.00
920.0,1000.00,1000.00,1000.00
940.0,1000.00,1000.00,1000.00
960.0,1000.00,1000.00,1000.00
980.0,1000.00,1000.00,1000.00
1000.0,1000.00,1000.00,1000.00
1020.0,1000.00,1000.00,1000.00
1040.0,1000.00,1000.00,1000.00
1060.0,1000.00,1000.00,1000.00
1080.0,1000.00,1000.00,1000.00
1100.0,1000.00,1000.00,1000.00
1120.0,1000.00,1000.00,1000.00
1140.0,1000.00,1000.00,1000.00
1160.0,1000.00,1000.00,1000.00
1180.0,1000.00,1000.00,1000.00
1200.0,1000.00,1000.00,1000.00
1220.0,1000.00,1000.00,1000.00
1240.0,1000.00,1000.00,1000.00
1260.0,1000.00,1000.00,1000.00
1280.0,1000.00,1000.00,1000.00
1300.0,1000.00,1000.00,1000.00
1320.0,1000.00,1000.00,1000.00
1340.0,1000.00,1000.00,1000.00
1360.0,1000.00,1000.00,1000.00
1380.0,1000.00,1000.00,1000.00
1400.0,1000.00,1000.00,1000.00
1420.0,1000.00,1000.00,1000.00
1440.0,1000.00,1000.00,1000.00
1460.0,1000.00,1000.00,1000.00
1480.0,1000.00,1000.00,1000.00
1500.0,1000.00,1000.00,1000.00
1520.0,1000.00,1000.00,1000.00
1540.0,1000.00,1000.00,1000.00
1560.0,1000.00,1000.00,1000.00
1580.0,1000.00,1000.00,1000.00
1600.0,1000.00,1000.00,1000.00
1620.0,1000.00,1000.00,1000.00
1640.0,1000.00,1000.00,1000.00
1660.0,1000.00,1000.00,1000.00
1680.0,1000.00,1000.00,1000.00
1700.0,1000.00,1000.00,1000.00
1720.0,1000.00,1000.00,1000.00
1740.0,1000.00,1000.00,1000.00
1760.0,1000.00,1000.00,1000.00
1780.0,1000.00,1000.00,1000.00
1800.0,1000.00,1000.00,1000.00
1820.0,1000.00,1000.00,1000.00
1840.0,1000.00,1000.00,1000.00
1860.0,1000.00,1000.00,1000.00
1880.0,1000.00,1000.00,1000.00
1900.0,1000.00,1000.00,1000.00
1920.0,1000.00,1000.00,1000.00
1940.0,1000.00,1000.00,1000.00
1960.0,1000.00,1000.00,1000.00
1980.0,1000.00,1000.00,1000.00
2000.0,1000.00,1000.00,1000.00
2020.0,1000.00,1000.00,1000.00
2040.0,1000.00,1000.00,1000.00
2060.0,1000.00,1000.00,1000.00
2080.0,1000.00,1000.00,1000.00
2100.0,1000.00,1000.00,1000.00
2120.0,1000.00,1000.00,1000.00
2140.0,1000.00,1000.00,1000.00
2160.0,1000.00,1000.00,1000.00
2180.0,1000.00,1000.00,1000.00
2200.0,1000.00,1000.00,1000.00
2220.0,1000.00,1000.00,1000.00
2240.0,1000.00,1000.00,1000.00
2260.0,1000.00,1000.00,1000.00
2280.0,1000.00,1000.00,1000.00
2300.0,1000.00,1000.00,1000.00
2320.0,1000.00,1000.00,1000.00
2340.0,1000.00,1000.00,1000.00
2360.0,1000.00,1000.00,1000.00
2380.0,1000.00,1000.00,1000.00
2400.0,1000.00,1000.00,1000.00
2420.0,1000.00,1000.00,1000.00
2440.0,1000.00,1000.00,1000.00
2460.0,1000.00,1000.00,1000.00
2480.0,1000.00,1000.00,1000.00
2500.0,1000.00,1000.00,1000.00
2520.0,1000.00,1000.00,1000.00
2540.0,1000.00,1000.00,1000.00
2560.0,1000.00,1000.00,1000.00
2580.0,1000.00,1000.00,1000.00
2600.0,1000.00,1000.00,1000.00
2620.0,1000.00,1000.00,1000.00
2640.0,1000.00,1000.00,1000.00
2660.0,1000.00,1000.00,1000.00
2680.0,1000.00,1000.00,1000.00
2700.0,1000.00,1000.00,1000.00
2720.0,1000.00,1000.00,1000.00
2740.0,1000.00,1000.00,1000.00
2760.0,1000.00,1000.00,1000.00
2780.0,1000.00,1000.00,1000.00
2800.0,1000.00,1000.00,1000.00
2820.0,1000.00,1000.00,1000.00
2840.0,1000.00,1000.00,1000.00
2860.0,1000.00,1000.00,1000.00
2880.0,1000.00,1000.00,1000.00
2900.0,1000.00,1000.00,1000.00
2920.0,1000.00,1000.00,1000.00
2940.0,1000.00,1000.00,1000.00
2960.0,1000.00,1000.00,1000.00
2980.0,1000.00,1000.00,1000.00
3000.0,1000.00,1000.00,1000.00
3020.0,1000.00,1000.00,1000.00
3040.0,1000.00,1000.00,1000.00
3060.0,1000.00,1000.00,1000.00
3080.0,1000.00,1000.00,1000.00
3100.0,1000.00,1000.00,1000.00
3120.0,1000.00,1000.00,1000.00
3140.0,1000.00,1000.00,1000.00
3160.0,1000.00,1000.00,1000.00
3180.0,1000.00,1000.00,1000.00
3200.0,1000.00,1000.00,1000.00
3220.0,1000.00,1000.00,1000.00
3240.0,1000.00,1000.00,1000.00
3260.0,1000.00,1000.00,1000.00
3280.0,1000.00,1000.00,1000.00
3300.0,1000.00,1000.00,1000.00
3320.0,1000.00,1000.00,1000.00
3340.0,1000.00,1000.00,1000.00
3360.0,1000.00,1000.00,1000.00
3380.0,1000.00,1000.00,1000.00
3400.0,1000.00,1000.00,1000.00
3420.0,1000.00,1000.00,1000.00
3440.0,1000.00,1000.00,1000.00
3460.0,1000.00,1000.00,1000.00
3480.0,1000.00,1000.00,1000.00
3500.0,1000.00,1000.00,1000.00
3520.0,1000.00,1000.00,1000.00
3540.0,1000.00,1000.00,1000.00
3560.0,1000.00,1000.00,1000.00
3580.0,1000.00,1000.00,1000.00
3600.0,1000.00,1000.00,1000.00
3620.0,1000.00,1000.00,1000.00
3640.0,1000.00,1000.00,1000.00
3660.0,1000.00,1000.00,1000.00
3680.0,1000.00,1000.00,1000.00
3700.0,1000.00,1000.00,1000.00
3720.0,1000.00,1000.00,1000.00
3740.0,1000.00,1000.00,1000.00
3760.0,1000.00,1000.00,1000.00
3780.0,1000.00,1000.00,1000.00
3800.0,1000.00,1000.00,1000.00
3820.0,1000.00,1000.00,1000.00
3840.0,1000.00,1000.00,1000.00
3860.0,1000.00,1000.00,1000.00
3880.0,1000.00,1000.00,1000.00
3900.0,1000.00,1000.00,1000.00
3920.0,1000.00,1000.00,1000.00
3940.0,1000.00,1000.00,1000.00
3960.0,1000.00,1000.00,1000.00
3980.0,1000.00,1000.00,1000.00
4000.0,1000.00,1000.00,1000.00
4020.0,1000.00,1000.00,1000.00
4040.0,1000.00,1000.00,1000.00
4060.0,1000.00,1000.00,1000.00
4080.0,1000.00,1000.00,1000.00
4100.0,1000.00,1000.00,1000.00
4120.0,1000.00,1000.00,1000.00
4140.0,1000.00,1000.00,1000.00
4160.0,1000.00,1000.00,1000.00
4180.0,1000.00,1000.00,1000.00
4200.0,1000.00,1000.00,1000.00
4220.0,1000.00,1000.00,1000.00
4240.0,1000.00,1000.00,1000.00
4260.0,1000.00,1000.00,1000.00
4280.0,1000.00,1000.00,1000.00
4300.0,1000.00,1000.00,1000.00
4320.0,1000.00,1000.00,1000.00
4340.0,1000.00,1000.00,1000.00
4360.0,1000.00,1000.00,1000.00
4380.0,1000.00,1000.00,1000.00
4400.0,1000.00,1000.00,1000.00
4420.0,1000.00,1000.00,1000.00
4440.0,1000.00,1000.00,1000.00
4460.0,1000.00,1000.00,1000.00
4480.0,1000.00,1000.00,1000.00
4500.0,1000.00,1000.00,1000.00
4520.0,1000.00,1000.00,1000.00
4540.0,1000.00,1000.00,1000.00
4560.0,1000.00,1000.00,1000.00
4580.0,1000.00,1000.00,1000.00
4600.0,1000.00,1000.00,1000.00
4620.0,1000.00,1000.00,1000.00
4640.0,1000.00,1000.00,1000.00
4660.0,1000.00,1000.00,1000.00
4680.0,1000.00,1000.00,1000.00
4700.0,1000.00,1000.00,1000.00
4720.0,1000.00,1000.00,1000.00
4740.0,1000.00,1000.00,1000.00
4760.0,1000.00,1000.00,1000.00
4780.0,1000.00,1000.00,1000.00
4800.0,1000.00,1000.00,1000.00
4820.0,1000.00,1000.00,1000.00
4840.0,1000.00,1000.00,1000.00
4860.0,1000.00,1000.00,1000.00
4880.0,1000.00,1000.00,1000.00
4900.0,1000.00,1000.00,1000.00
4920.0,1000.00,1000.00,1000.00
4940.0,1000.00,1000.00,1000.00
4960.0,1000.00,1000.00,1000.00
4980.0,1000.00,1000.00,1000.00
5000.0,1000.00,1000.00,1000.00
