trial,mean,ci_down,ci_up
0.0,36.07,33.30,38.84
20.0,39.25,36.34,42.16
40.0,50.66,46.93,54.39
60.0,52.33,49.46,55.20
80.0,58.77,54.13,63.42
100.0,62.50,58.56,66.45
120.0,72.39,69.54,75.24
140.0,74.90,71.13,78.67
160.0,76.25,72.50,80.00
180.0,78.52,76.07,80.98
200.0,82.22,79.51,84.92
220.0,84.87,82.46,87.28
240.0,85.91,83.82,88.00
260.0,85.75,83.42,88.08
280.0,87.62,85.65,89.59
300.0,89.96,87.85,92.07
320.0,90.44,88.88,92.01
340.0,90.62,88.87,92.36
360.0,91.61,90.04,93.17
380.0,92.30,90.67,93.93
400.0,93.14,91.12,95.17
420.0,95.87,94.21,97.54
440.0,94.65,92.69,96.61
460.0,95.47,93.91,97.03
480.0,94.86,93.38,96.34
500.0,95.87,94.49,97.25
520.0,96.69,95.29,98.10
540.0,96.48,95.11,97.85
560.0,96.56,95.35,97.77
580.0,97.06,95.89,98.24
600.0,97.45,96.20,98.69
620.0,98.24,97.07,99.41
640.0,98.10,96.87,99.32
660.0,98.95,97.61,100.30
680.0,98.80,97.48,100.12
700.0,98.88,97.87,99.90
720.0,101.43,100.25,102.61
740.0,99.86,98.54,101.17
760.0,99.35,98.27,100.42
780.0,100.23,99.28,101.17
800.0,101.28,100.07,102.48
820.0,101.79,100.63,102.96
840.0,101.29,100.27,102.32
860.0,101.50,100.55,102.45
880.0,101.99,101.06,102.92
900.0,101.87,100.86,102.88
920.0,101.91,100.80,103.02
940.0,101.59,100.61,102.56
960.0,101.04,99.97,102.11
980.0,100.79,99.80,101.77
1000.0,101.64,100.80,102.48
1020.0,102.04,101.00,103.08
1040.0,102.38,101.56,103.21
1060.0,102.85,102.01,103.68
1080.0,103.07,102.17,103.97
1100.0,102.35,101.52,103.19
1120.0,102.52,101.79,103.26
1140.0,102.51,101.59,103.42
1160.0,103.93,103.05,104.80
1180.0,102.63,101.84,103.42
1200.0,103.62,102.77,104.47
1220.0,102.76,101.96,103.57
1240.0,102.84,101.92,103.77
1260.0,103.29,102.33,104.25
1280.0,102.42,101.52,103.33
1300.0,102.55,101.54,103.56
1320.0,103.20,102.29,104.12
1340.0,103.54,102.68,104.40
1360.0,103.07,102.18,103.96
1380.0,103.27,102.38,104.16
1400.0,102.95,102.05,103.85
1420.0,102.80,101.94,103.65
1440.0,103.32,102.45,104.19
1460.0,103.93,103.02,104.85
1480.0,103.66,102.81,104.51
1500.0,103.76,102.91,104.62
1520.0,103.40,102.61,104.19
1540.0,103.40,102.45,104.34
1560.0,102.97,102.19,103.75
1580.0,102.75,101.81,103.70
1600.0,103.05,102.20,103.91
1620.0,102.88,101.99,103.77
1640.0,103.26,102.30,104.22
1660.0,103.04,102.20,103.87
1680.0,103.55,102.71,104.40
1700.0,104.07,103.15,104.99
1720.0,103.88,102.95,104.81
1740.0,103.41,102.55,104.28
1760.0,103.19,102.31,104.08
1780.0,102.85,102.02,103.68
1800.0,102.65,101.78,103.51
1820.0,103.43,102.52,104.33
1840.0,103.17,102.20,104.14
1860.0,103.63,102.69,104.58
1880.0,103.88,102.95,104.80
1900.0,103.27,102.36,104.17
1920.0,103.37,102.53,104.22
1940.0,103.07,102.29,103.85
1960.0,103.26,102.31,104.21
1980.0,103.55,102.77,104.33
2000.0,103.13,102.15,104.11
2020.0,103.33,102.42,104.25
2040.0,103.84,103.07,104.61
2060.0,103.42,102.66,104.18
2080.0,103.12,102.38,103.87
2100.0,103.44,102.51,104.38
2120.0,102.46,101.48,103.44
2140.0,102.92,102.17,103.68
2160.0,102.97,102.07,103.86
2180.0,103.22,102.22,104.23
2200.0,103.34,102.55,104.12
2220.0,103.06,102.24,103.87
2240.0,102.58,101.71,103.45
2260.0,104.00,103.07,104.92
2280.0,103.48,102.45,104.51
2300.0,103.46,102.55,104.37
2320.0,103.34,102.44,104.23
2340.0,102.89,102.07,103.70
2360.0,103.42,102.61,104.22
2380.0,103.09,102.18,103.99
2400.0,102.83,101.98,103.69
2420.0,102.91,102.03,103.79
2440.0,102.91,102.13,103.69
2460.0,103.60,102.76,104.43
2480.0,103.15,102.26,104.05
2500.0,103.31,102.56,104.06
2520.0,103.34,102.43,104.25
2540.0,103.16,102.32,104.00
2560.0,103.46,102.67,104.24
2580.0,103.09,102.24,103.95
2600.0,102.92,102.17,103.66
2620.0,103.33,102.44,104.21
2640.0,102.90,102.18,103.61
2660.0,102.77,101.83,103.71
2680.0,103.75,102.97,104.54
2700.0,102.59,101.69,103.48
2720.0,103.86,103.07,104.64
2740.0,103.01,102.22,103.79
2760.0,103.55,102.85,104.25
2780.0,103.00,102.16,103.85
2800.0,102.95,102.21,103.69
2820.0,102.73,101.93,103.53
2840.0,103.55,102.74,104.35
2860.0,103.18,102.33,104.03
2880.0,103.11,102.36,103.86
2900.0,102.59,101.87,103.31
2920.0,103.13,102.24,104.03
2940.0,102.78,101.90,103.65
2960.0,103.12,102.24,104.00
2980.0,102.89,102.09,103.70
3000.0,102.09,101.21,102.97
3020.0,102.53,101.70,103.36
3040.0,101.81,100.98,102.63
3060.0,102.69,101.92,103.47
3080.0,102.63,101.81,103.45
3100.0,102.47,101.77,103.17
3120.0,102.34,101.54,103.14
3140.0,102.42,101.56,103.28
3160.0,102.59,101.94,103.24
3180.0,103.11,102.49,103.73
3200.0,102.40,101.53,103.27
3220.0,102.32,101.59,103.05
3240.0,102.55,101.62,103.49
3260.0,102.40,101.45,103.34
3280.0,102.18,101.50,102.86
3300.0,102.04,101.17,102.91
3320.0,101.52,100.69,102.35
3340.0,102.89,102.10,103.68
3360.0,101.95,101.10,102.80
3380.0,102.33,101.51,103.15
3400.0,101.66,100.74,102.57
3420.0,102.28,101.47,103.08
3440.0,102.82,101.91,103.73
3460.0,102.69,101.91,103.46
3480.0,102.26,101.69,102.82
3500.0,102.50,101.62,103.37
3520.0,102.27,101.36,103.18
3540.0,101.51,100.70,102.31
3560.0,101.98,101.10,102.85
3580.0,101.78,100.90,102.67
3600.0,102.02,101.12,102.92
3620.0,101.93,101.08,102.77
3640.0,102.35,101.42,103.28
3660.0,102.02,101.19,102.85
3680.0,101.63,100.80,102.47
3700.0,102.15,101.26,103.04
3720.0,101.84,100.98,102.69
3740.0,101.52,100.64,102.40
3760.0,101.62,100.69,102.55
3780.0,102.21,101.23,103.19
3800.0,101.78,100.97,102.59
3820.0,102.48,101.72,103.24
3840.0,102.13,101.27,102.99
3860.0,101.84,101.04,102.64
3880.0,102.14,101.24,103.04
3900.0,101.70,101.00,102.41
3920.0,101.49,100.78,102.20
3940.0,101.27,100.50,102.03
3960.0,102.28,101.30,103.25
3980.0,102.60,101.77,103.43
4000.0,101.35,100.43,102.28
4020.0,101.56,100.82,102.30
4040.0,102.81,101.89,103.74
4060.0,102.00,101.16,102.84
4080.0,101.52,100.64,102.39
4100.0,101.73,100.95,102.51
4120.0,101.54,100.68,102.40
4140.0,101.65,100.81,102.49
4160.0,101.64,100.69,102.58
4180.0,101.28,100.54,102.03
4200.0,101.12,100.31,101.92
4220.0,101.70,100.86,102.55
4240.0,101.65,100.88,102.42
4260.0,101.64,100.79,102.50
4280.0,102.47,101.60,103.34
4300.0,101.30,100.50,102.10
4320.0,101.49,100.75,102.23
4340.0,101.60,100.68,102.53
4360.0,101.58,100.65,102.51
4380.0,100.79,99.81,101.78
4400.0,101.21,100.27,102.14
4420.0,101.37,100.57,102.16
4440.0,101.52,100.79,102.26
4460.0,101.48,100.37,102.60
4480.0,100.80,100.01,101.58
4500.0,100.86,99.95,101.78
4520.0,100.89,100.06,101.72
4540.0,100.71,99.86,101.57
4560.0,100.52,99.55,101.50
4580.0,101.29,100.46,102.13
4600.0,101.42,100.43,102.41
4620.0,101.69,100.80,102.58
4640.0,101.01,100.11,101.91
4660.0,101.24,100.52,101.97
4680.0,100.67,99.85,101.48
4700.0,100.96,100.17,101.75
4720.0,101.08,100.17,101.98
4740.0,101.05,100.06,102.05
4760.0,101.00,100.19,101.80
4780.0,100.59,99.77,101.41
4800.0,101.48,100.52,102.44
4820.0,101.82,100.83,102.81
4840.0,101.81,100.91,102.71
4860.0,101.37,100.45,102.29
4880.0,101.29,100.52,102.06
4900.0,101.32,100.30,102.35
4920.0,100.70,99.78,101.61
4940.0,101.12,100.30,101.94
4960.0,100.78,99.90,101.67
4980.0,101.48,100.48,102.49
5000.0,101.48,100.58,102.38
