trial,mean,ci_down,ci_up
0.0,2.92,2.57,3.27
20.0,2.52,2.15,2.89
40.0,3.00,2.63,3.37
60.0,3.84,3.40,4.28
80.0,4.14,3.63,4.65
100.0,4.74,4.23,5.25
120.0,6.58,6.00,7.16
140.0,6.78,6.01,7.55
160.0,7.54,6.71,8.37
180.0,8.58,7.86,9.30
200.0,9.70,8.97,10.43
220.0,10.54,9.73,11.35
240.0,10.46,9.46,11.46
260.0,11.76,10.72,12.80
280.0,11.72,10.83,12.61
300.0,12.78,11.79,13.77
320.0,14.16,13.12,15.20
340.0,15.14,13.79,16.49
360.0,15.98,14.92,17.04
380.0,17.48,16.14,18.82
400.0,16.82,15.38,18.26
420.0,17.22,16.03,18.41
440.0,18.62,17.55,19.69
460.0,20.82,19.53,22.11
480.0,20.98,19.75,22.21
500.0,23.04,21.74,24.34
520.0,23.08,21.54,24.62
540.0,23.80,22.40,25.20
560.0,24.28,22.89,25.67
580.0,25.66,24.22,27.10
600.0,27.10,25.65,28.55
620.0,25.74,24.11,27.37
640.0,26.44,24.76,28.12
660.0,29.66,28.12,31.20
680.0,28.66,27.19,30.13
700.0,30.36,28.98,31.74
720.0,31.86,30.35,33.37
740.0,31.76,30.23,33.29
760.0,33.88,32.15,35.61
780.0,35.18,33.54,36.82
800.0,35.00,32.89,37.11
820.0,35.76,34.25,37.27
840.0,38.02,36.40,39.64
860.0,36.90,34.99,38.81
880.0,39.80,37.91,41.69
900.0,38.52,36.62,40.42
920.0,40.74,39.14,42.34
940.0,40.28,38.65,41.91
960.0,39.86,38.12,41.60
980.0,41.58,40.00,43.16
1000.0,41.40,39.63,43.17
1020.0,42.52,40.74,44.30
1040.0,44.10,42.41,45.79
1060.0,43.62,41.96,45.28
1080.0,43.72,42.14,45.30
1100.0,43.90,42.31,45.49
1120.0,43.56,42.00,45.12
1140.0,44.10,42.33,45.87
1160.0,47.10,45.43,48.77
1180.0,46.22,44.70,47.74
1200.0,46.58,44.68,48.48
1220.0,47.20,45.76,48.64
1240.0,47.18,45.73,48.63
1260.0,48.14,46.76,49.52
1280.0,49.02,47.51,50.53
1300.0,48.06,46.41,49.71
1320.0,48.62,47.19,50.05
1340.0,50.22,49.13,51.31
1360.0,50.26,48.80,51.72
1380.0,49.44,47.70,51.18
1400.0,50.60,49.02,52.18
1420.0,51.46,49.91,53.01
1440.0,50.26,48.62,51.90
1460.0,50.18,48.66,51.70
1480.0,51.66,50.05,53.27
1500.0,50.64,49.22,52.06
1520.0,51.86,50.22,53.50
1540.0,51.34,49.88,52.80
1560.0,52.76,51.22,54.30
1580.0,52.08,50.50,53.66
1600.0,52.44,50.61,54.27
1620.0,51.54,49.91,53.17
1640.0,53.98,52.49,55.47
1660.0,53.88,52.11,55.65
1680.0,55.18,53.68,56.68
1700.0,55.54,54.16,56.92
1720.0,55.46,54.03,56.89
1740.0,55.76,54.11,57.41
1760.0,53.84,51.87,55.81
1780.0,55.64,53.82,57.46
1800.0,55.90,54.25,57.55
1820.0,55.58,53.70,57.46
1840.0,55.62,53.86,57.38
1860.0,55.74,54.09,57.39
1880.0,56.20,54.71,57.69
1900.0,55.78,54.42,57.14
1920.0,55.38,53.97,56.79
1940.0,56.22,54.85,57.59
1960.0,56.28,54.71,57.85
1980.0,55.48,53.84,57.12
2000.0,57.10,55.70,58.50
2020.0,55.54,54.23,56.85
2040.0,56.50,55.01,57.99
2060.0,57.18,55.73,58.63
2080.0,57.48,55.94,59.02
2100.0,57.06,55.75,58.37
2120.0,56.46,54.79,58.13
2140.0,56.54,54.76,58.32
2160.0,56.96,55.31,58.61
2180.0,58.24,56.92,59.56
2200.0,57.30,55.87,58.73
2220.0,59.94,58.32,61.56
2240.0,57.40,55.91,58.89
2260.0,58.14,56.92,59.36
2280.0,60.18,58.52,61.84
2300.0,59.80,58.00,61.60
2320.0,59.82,58.24,61.40
2340.0,59.10,57.47,60.73
2360.0,58.80,57.01,60.59
2380.0,59.88,58.47,61.29
2400.0,60.72,59.22,62.22
2420.0,60.40,58.74,62.06
2440.0,60.12,58.43,61.81
2460.0,61.98,60.35,63.61
2480.0,60.22,58.85,61.59
2500.0,63.20,61.55,64.85
2520.0,61.54,59.91,63.17
2540.0,60.52,58.85,62.19
2560.0,61.20,60.07,62.33
2580.0,60.84,59.38,62.30
2600.0,60.38,59.03,61.73
2620.0,60.58,59.00,62.16
2640.0,61.34,59.84,62.84
2660.0,61.68,60.15,63.21
2680.0,61.26,60.15,62.37
2700.0,61.00,59.61,62.39
2720.0,61.90,60.61,63.19
2740.0,62.58,61.32,63.84
2760.0,61.92,60.55,63.29
2780.0,62.40,60.86,63.94
2800.0,62.96,61.38,64.54
2820.0,61.94,60.77,63.11
2840.0,61.84,60.49,63.19
2860.0,62.12,60.80,63.44
2880.0,64.24,62.65,65.83
2900.0,62.96,61.24,64.68
2920.0,62.68,61.07,64.29
2940.0,62.54,61.14,63.94
2960.0,63.12,61.62,64.62
2980.0,62.30,60.83,63.77
3000.0,63.48,61.67,65.29
3020.0,63.52,61.64,65.40
3040.0,63.20,61.52,64.88
3060.0,63.12,61.15,65.09
3080.0,64.80,63.13,66.47
3100.0,63.82,62.55,65.09
3120.0,63.60,61.87,65.33
3140.0,64.02,62.46,65.58
3160.0,62.12,60.68,63.56
3180.0,62.98,61.56,64.40
3200.0,64.32,63.01,65.63
3220.0,63.30,61.70,64.90
3240.0,64.02,62.35,65.69
3260.0,63.76,61.78,65.74
3280.0,64.92,63.35,66.49
3300.0,64.24,62.79,65.69
3320.0,64.90,63.12,66.68
3340.0,63.02,61.24,64.80
3360.0,64.86,63.14,66.58
3380.0,64.90,63.37,66.43
3400.0,65.00,63.29,66.71
3420.0,63.88,62.40,65.36
3440.0,65.28,63.60,66.96
3460.0,65.64,64.05,67.23
3480.0,67.20,65.73,68.67
3500.0,65.56,63.88,67.24
3520.0,65.54,64.00,67.08
3540.0,64.22,62.73,65.71
3560.0,65.30,63.84,66.76
3580.0,65.00,63.43,66.57
3600.0,65.18,63.53,66.83
3620.0,66.48,64.83,68.13
3640.0,67.86,66.54,69.18
3660.0,65.54,63.96,67.12
3680.0,65.66,64.17,67.15
3700.0,66.56,65.10,68.02
3720.0,65.98,64.37,67.59
3740.0,66.44,64.97,67.91
3760.0,66.16,64.64,67.68
3780.0,66.18,64.31,68.05
3800.0,66.72,64.89,68.55
3820.0,66.66,65.14,68.18
3840.0,65.30,63.79,66.81
3860.0,67.30,65.86,68.74
3880.0,66.84,65.32,68.36
3900.0,65.34,63.85,66.83
3920.0,67.22,65.62,68.82
3940.0,67.28,65.77,68.79
3960.0,65.54,63.84,67.24
3980.0,67.26,65.76,68.76
4000.0,65.72,64.04,67.40
4020.0,67.08,65.64,68.52
4040.0,66.90,65.32,68.48
4060.0,67.46,65.81,69.11
4080.0,66.34,64.59,68.09
4100.0,66.68,64.90,68.46
4120.0,67.40,65.99,68.81
4140.0,66.42,64.56,68.28
4160.0,66.68,65.15,68.21
4180.0,67.00,65.33,68.67
4200.0,66.76,65.04,68.48
4220.0,66.24,64.58,67.90
4240.0,66.54,64.80,68.28
4260.0,67.12,65.49,68.75
4280.0,67.00,65.22,68.78
4300.0,66.72,64.94,68.50
4320.0,65.66,64.01,67.31
4340.0,66.78,64.76,68.80
4360.0,65.58,63.85,67.31
4380.0,67.22,65.47,68.97
4400.0,66.48,64.69,68.27
4420.0,67.18,65.42,68.94
4440.0,66.94,65.41,68.47
4460.0,65.74,64.10,67.38
4480.0,66.34,64.69,67.99
4500.0,66.96,65.32,68.60
4520.0,66.70,64.77,68.63
4540.0,67.40,65.77,69.03
4560.0,66.86,65.14,68.58
4580.0,68.34,66.57,70.11
4600.0,67.08,65.61,68.55
4620.0,67.72,66.11,69.33
4640.0,67.98,66.15,69.81
4660.0,68.56,66.96,70.16
4680.0,66.32,64.83,67.81
4700.0,66.48,65.08,67.88
4720.0,67.16,65.73,68.59
4740.0,67.68,66.11,69.25
4760.0,66.16,64.62,67.70
4780.0,68.10,66.38,69.82
4800.0,66.70,65.04,68.36
4820.0,67.02,65.28,68.76
4840.0,66.98,65.15,68.81
4860.0,66.98,65.07,68.89
4880.0,68.44,67.02,69.86
4900.0,68.48,66.72,70.24
4920.0,68.46,66.87,70.05
4940.0,69.48,67.78,71.18
4960.0,68.62,67.06,70.18
4980.0,68.82,67.11,70.53
5000.0,68.12,66.49,69.75
