trial,mean,ci_down,ci_up
0.0,37.94,35.60,40.29
20.0,78.05,73.06,83.04
40.0,126.80,119.75,133.84
60.0,186.32,178.95,193.69
80.0,248.59,240.41,256.78
100.0,320.16,310.86,329.47
120.0,395.93,386.44,405.42
140.0,473.28,463.26,483.31
160.0,555.62,545.03,566.21
180.0,641.20,630.55,651.84
200.0,728.00,716.61,739.40
220.0,817.16,806.14,828.19
240.0,909.09,897.59,920.60
260.0,1000.46,988.65,1012.28
280.0,1093.16,1081.26,1105.06
300.0,1188.19,1176.27,1200.11
320.0,1283.02,1271.30,1294.74
340.0,1378.28,1366.11,1390.45
360.0,1474.00,1461.76,1486.24
380.0,1571.36,1558.91,1583.82
400.0,1669.77,1657.03,1682.51
420.0,1768.20,1755.44,1780.96
440.0,1867.00,1854.24,1879.76
460.0,1964.76,1951.89,1977.63
480.0,2063.16,2050.15,2076.17
500.0,2163.51,2150.18,2176.84
520.0,2265.21,2251.83,2278.58
540.0,2364.03,2350.67,2377.39
560.0,2463.79,2450.13,2477.45
580.0,2563.99,2550.02,2577.96
600.0,2665.36,2651.17,2679.54
620.0,2767.15,2752.72,2781.58
640.0,2868.88,2854.32,2883.44
660.0,2970.42,2955.57,2985.27
680.0,3071.52,3056.56,3086.49
700.0,3174.20,3159.29,3189.12
720.0,3276.43,3261.40,3291.47
740.0,3377.75,3362.77,3392.74
760.0,3480.12,3464.88,3495.36
780.0,3582.75,3567.26,3598.25
800.0,3685.83,3669.80,3701.87
820.0,3787.84,3771.60,3804.08
840.0,3891.17,3875.04,3907.30
860.0,3994.88,3978.43,4011.32
880.0,4097.10,4080.57,4113.62
900.0,4199.85,4182.92,4216.78
920.0,4302.78,4285.55,4320.01
940.0,4405.60,4388.21,4423.00
960.0,4508.40,4490.54,4526.27
980.0,4611.96,4593.85,4630.07
1000.0,4714.43,4696.11,4732.76
1020.0,4817.31,4798.89,4835.73
1040.0,4920.19,4901.73,4938.65
1060.0,5022.98,5004.00,5041.96
1080.0,5126.30,5107.22,5145.38
1100.0,5229.79,5210.35,5249.23
1120.0,5332.57,5312.93,5352.22
1140.0,5436.52,5416.62,5456.42
1160.0,5540.53,5520.17,5560.88
1180.0,5643.80,5623.18,5664.43
1200.0,5746.95,5726.07,5767.84
1220.0,5850.14,5828.63,5871.64
1240.0,5953.17,5931.33,5975.00
1260.0,6056.77,6034.71,6078.83
1280.0,6160.17,6137.84,6182.51
1300.0,6263.69,6241.05,6286.34
1320.0,6367.65,6344.89,6390.42
1340.0,6470.80,6447.75,6493.85
1360.0,6573.81,6550.65,6596.97
1380.0,6677.53,6653.87,6701.18
1400.0,6780.84,6756.91,6804.76
1420.0,6884.35,6860.30,6908.40
1440.0,6988.26,6963.74,7012.77
1460.0,7091.87,7067.22,7116.53
1480.0,7195.11,7170.23,7219.99
1500.0,7298.18,7273.04,7323.31
1520.0,7400.98,7375.67,7426.28
1540.0,7504.83,7479.24,7530.41
1560.0,7609.03,7583.21,7634.85
1580.0,7711.89,7685.67,7738.10
1600.0,7814.92,7788.37,7841.46
1620.0,7918.10,7891.14,7945.05
1640.0,8021.50,7994.48,8048.51
1660.0,8125.03,8097.62,8152.43
1680.0,8228.85,8201.23,8256.47
1700.0,8333.54,8305.60,8361.48
1720.0,8436.81,8408.65,8464.97
1740.0,8540.41,8511.84,8568.98
1760.0,8644.45,8615.50,8673.41
1780.0,8748.67,8719.49,8777.86
1800.0,8852.29,8822.69,8881.89
1820.0,8956.65,8926.68,8986.62
1840.0,9060.06,9029.84,9090.29
1860.0,9162.95,9132.45,9193.44
1880.0,9266.97,9236.17,9297.77
1900.0,9370.79,9339.54,9402.03
1920.0,9473.96,9442.37,9505.55
1940.0,9576.55,9544.72,9608.38
1960.0,9679.71,9647.60,9711.83
1980.0,9783.18,9750.86,9815.50
2000.0,9886.20,9853.74,9918.66
2020.0,9989.38,9956.59,10022.17
2040.0,10092.27,10059.27,10125.26
2060.0,10195.19,10161.78,10228.59
2080.0,10297.95,10264.19,10331.71
2100.0,10400.37,10366.17,10434.57
2120.0,10504.25,10469.55,10538.95
2140.0,10607.67,10572.65,10642.69
2160.0,10711.17,10675.80,10746.53
2180.0,10814.26,10778.49,10850.04
2200.0,10917.19,10880.89,10953.50
2220.0,11020.59,10983.80,11057.39
2240.0,11123.69,11086.45,11160.93
2260.0,11226.86,11189.33,11264.40
2280.0,11330.17,11292.16,11368.18
2300.0,11432.89,11394.45,11471.33
2320.0,11535.99,11497.06,11574.91
2340.0,11639.76,11600.41,11679.11
2360.0,11742.90,11703.01,11782.79
2380.0,11845.89,11805.53,11886.26
2400.0,11949.20,11908.38,11990.02
2420.0,12052.27,12011.07,12093.48
2440.0,12155.52,12114.01,12197.03
2460.0,12259.27,12217.31,12301.23
2480.0,12361.79,12319.42,12404.16
2500.0,12465.60,12422.78,12508.42
2520.0,12568.29,12525.01,12611.57
2540.0,12671.17,12627.47,12714.86
2560.0,12773.60,12729.48,12817.72
2580.0,12876.72,12832.23,12921.20
2600.0,12979.12,12934.30,13023.93
2620.0,13082.29,13037.10,13127.48
2640.0,13185.60,13140.05,13231.15
2660.0,13288.19,13242.26,13334.12
2680.0,13391.46,13345.19,13437.73
2700.0,13494.41,13447.63,13541.20
2720.0,13597.58,13550.36,13644.81
2740.0,13700.43,13652.81,13748.04
2760.0,13803.14,13755.16,13851.12
2780.0,13906.26,13858.04,13954.49
2800.0,14009.21,13960.48,14057.94
2820.0,14112.08,14063.03,14161.14
2840.0,14214.82,14165.43,14264.21
2860.0,14317.76,14267.92,14367.59
2880.0,14420.30,14370.07,14470.53
2900.0,14522.90,14472.47,14573.33
2920.0,14626.06,14575.29,14676.83
2940.0,14728.78,14677.78,14779.78
2960.0,14831.11,14779.78,14882.44
2980.0,14933.59,14881.84,14985.33
3000.0,15036.00,14983.96,15088.04
3020.0,15138.29,15085.97,15190.62
3040.0,15240.82,15188.17,15293.46
3060.0,15343.11,15289.97,15396.25
3080.0,15445.30,15391.67,15498.92
3100.0,15548.95,15494.83,15603.07
3120.0,15651.39,15596.84,15705.95
3140.0,15753.99,15699.13,15808.84
3160.0,15856.45,15801.17,15911.74
3180.0,15959.48,15903.95,16015.01
3200.0,16061.57,16005.65,16117.49
3220.0,16164.22,16107.90,16220.55
3240.0,16266.30,16209.54,16323.05
3260.0,16368.14,16310.97,16425.30
3280.0,16469.32,16411.69,16526.96
3300.0,16570.95,16512.80,16629.10
3320.0,16672.72,16614.07,16731.36
3340.0,16774.26,16715.32,16833.20
3360.0,16876.95,16817.55,16936.36
3380.0,16979.55,16919.65,17039.45
3400.0,17081.59,17021.21,17141.97
3420.0,17183.89,17123.17,17244.61
3440.0,17285.01,17223.96,17346.06
3460.0,17386.90,17325.35,17448.45
3480.0,17489.47,17427.64,17551.29
3500.0,17591.90,17529.63,17654.17
3520.0,17694.14,17631.74,17756.55
3540.0,17796.34,17733.47,17859.22
3560.0,17898.80,17835.43,17962.18
3580.0,18000.68,17936.81,18064.56
3600.0,18102.81,18038.50,18167.12
3620.0,18204.67,18140.04,18269.31
3640.0,18306.23,18241.16,18371.30
3660.0,18408.19,18342.71,18473.68
3680.0,18509.96,18444.14,18575.79
3700.0,18611.76,18545.30,18678.22
3720.0,18713.81,18647.01,18780.62
3740.0,18816.58,18749.38,18883.78
3760.0,18918.35,18850.87,18985.83
3780.0,19020.79,18952.97,19088.61
3800.0,19123.12,19054.84,19191.40
3820.0,19224.96,19156.23,19293.69
3840.0,19327.32,19258.30,19396.34
3860.0,19428.99,19359.59,19498.39
3880.0,19530.87,19460.99,19600.75
3900.0,19632.63,19562.42,19702.85
3920.0,19734.14,19663.54,19804.73
3940.0,19836.85,19765.77,19907.92
3960.0,19939.70,19868.15,20011.24
3980.0,20042.71,19970.93,20114.50
4000.0,20144.54,20072.36,20216.71
4020.0,20246.77,20174.10,20319.44
4040.0,20348.64,20275.39,20421.89
4060.0,20450.86,20377.24,20524.49
4080.0,20553.07,20478.84,20627.30
4100.0,20655.35,20580.76,20729.95
4120.0,20756.71,20681.79,20831.63
4140.0,20858.59,20783.26,20933.93
4160.0,20960.41,20884.90,21035.92
4180.0,21062.31,20986.45,21138.17
4200.0,21164.32,21088.05,21240.58
4220.0,21265.88,21189.18,21342.59
4240.0,21367.08,21289.96,21444.21
4260.0,21468.05,21390.70,21545.41
4280.0,21569.52,21491.69,21647.35
4300.0,21670.88,21592.52,21749.24
4320.0,21772.73,21694.02,21851.45
4340.0,21874.77,21795.57,21953.97
4360.0,21976.28,21896.82,22055.75
4380.0,22077.72,21997.90,22157.54
4400.0,22178.76,22098.51,22259.01
4420.0,22279.93,22199.48,22360.38
4440.0,22380.92,22300.15,22461.69
4460.0,22481.69,22400.54,22562.84
4480.0,22582.87,22501.27,22664.48
4500.0,22683.65,22601.58,22765.72
4520.0,22784.19,22701.71,22866.66
4540.0,22885.21,22802.42,22968.01
4560.0,22986.49,22903.41,23069.57
4580.0,23087.30,23003.64,23170.96
4600.0,23187.87,23104.00,23271.74
4620.0,23287.94,23203.77,23372.12
4640.0,23388.71,23304.22,23473.19
4660.0,23490.14,23405.31,23574.96
4680.0,23591.10,23505.89,23676.31
4700.0,23691.19,23605.72,23776.67
4720.0,23791.42,23705.68,23877.16
4740.0,23892.55,23806.52,23978.57
4760.0,23992.64,23906.20,24079.08
4780.0,24093.77,24007.02,24180.52
4800.0,24194.90,24107.66,24282.13
4820.0,24295.67,24208.12,24383.21
4840.0,24396.47,24308.56,24484.38
4860.0,24497.85,24409.65,24586.05
4880.0,24598.43,24509.94,24686.93
4900.0,24698.84,24609.75,24787.92
4920.0,24799.07,24709.65,24888.49
4940.0,24899.79,24810.01,24989.57
4960.0,25000.83,24910.70,25090.96
4980.0,25100.81,25010.43,25191.19
5000.0,25201.09,25110.47,25291.70
