trial,mean,ci_down,ci_up
0.0,0.00,0.00,0.00
20.0,438.12,374.86,501.38
40.0,1233.68,1126.39,1340.97
60.0,2159.16,2025.47,2292.85
80.0,3140.24,3000.45,3280.03
100.0,4137.92,3996.72,4279.12
120.0,5137.92,4996.72,5279.12
140.0,6137.92,5996.72,6279.12
160.0,7137.92,6996.72,7279.12
180.0,8137.92,7996.72,8279.12
200.0,9137.92,8996.72,9279.12
220.0,10137.92,9996.72,10279.12
240.0,11137.92,10996.72,11279.12
260.0,12137.92,11996.72,12279.12
280.0,13137.92,12996.72,13279.12
300.0,14137.92,13996.72,14279.12
320.0,15137.92,14996.72,15279.12
340.0,16137.92,15996.72,16279.12
360.0,17137.92,16996.72,17279.12
380.0,18137.92,17996.72,18279.12
400.0,19137.92,18996.72,19279.12
420.0,20137.92,19996.72,20279.12
440.0,21137.92,20996.72,21279.12
460.0,22137.92,21996.72,22279.12
480.0,23137.92,22996.72,23279.12
500.0,24137.92,23996.72,24279.12
520.0,25137.92,24996.72,25279.12
540.0,26137.92,25996.72,26279.12
560.0,27137.92,26996.72,27279.12
580.0,28137.92,27996.72,28279.12
600.0,29137.92,28996.72,29279.12
620.0,30137.92,29996.72,30279.12
640.0,31137.92,30996.72,31279.12
660.0,32137.92,31996.72,32279.12
680.0,33137.92,32996.72,33279.12
700.0,34137.92,33996.72,34279.12
720.0,35137.92,34996.72,35279.12
740.0,36137.92,35996.72,36279.12
760.0,37137.92,36996.72,37279.12
780.0,38137.92,37996.72,38279.12
800.0,39137.92,38996.72,39279.12
820.0,40137.92,39996.72,40279.12
840.0,41137.92,40996.72,41279.12
860.0,42137.92,41996.72,42279.12
880.0,43137.92,42996.72,43279.12
900.0,44137.92,43996.72,44279.12
920.0,45137.92,44996.72,45279.12
940.0,46137.92,45996.72,46279.12
960.0,47137.92,46996.72,47279.12
980.0,48137.92,47996.72,48279.12
1000.0,49137.92,48996.72,49279.12
1020.0,50137.92,49996.72,50279.12
1040.0,51137.92,50996.72,51279.12
1060.0,52137.92,51996.72,52279.12
1080.0,53137.92,52996.72,53279.12
1100.0,54137.92,53996.72,54279.12
1120.0,55137.92,54996.72,55279.12
1140.0,56137.92,55996.72,56279.12
1160.0,57137.92,56996.72,57279.12
1180.0,58137.92,57996.72,58279.12
1200.0,59137.92,58996.72,59279.12
1220.0,60137.92,59996.72,60279.12
1240.0,61137.92,60996.72,61279.12
1260.0,62137.92,61996.72,62279.12
1280.0,63137.92,62996.72,63279.12
1300.0,64137.92,63996.72,64279.12
1320.0,65137.92,64996.72,65279.12
1340.0,66137.92,65996.72,66279.12
1360.0,67137.92,66996.72,67279.12
1380.0,68137.92,67996.72,68279.12
1400.0,69137.92,68996.72,69279.12
1420.0,70137.92,69996.72,70279.12
1440.0,71137.92,70996.72,71279.12
1460.0,72137.92,71996.72,72279.12
1480.0,73137.92,72996.72,73279.12
1500.0,74137.92,73996.72,74279.12
1520.0,75137.92,74996.72,75279.12
1540.0,76137.92,75996.72,76279.12
1560.0,77137.92,76996.72,77279.12
1580.0,78137.92,77996.72,78279.12
1600.0,79137.92,78996.72,79279.12
1620.0,80137.92,79996.72,80279.12
1640.0,81137.92,80996.72,81279.12
1660.0,82137.92,81996.72,82279.12
1680.0,83137.92,82996.72,83279.12
1700.0,84137.92,83996.72,84279.12
1720.0,85137.92,84996.72,85279.12
1740.0,86137.92,85996.72,86279.12
1760.0,87137.92,86996.72,87279.12
1780.0,88137.92,87996.72,88279.12
1800.0,89137.92,88996.72,89279.12
1820.0,90137.92,89996.72,90279.12
1840.0,91137.92,90996.72,91279.12
1860.0,92137.92,91996.72,92279.12
1880.0,93137.92,92996.72,93279.12
1900.0,94137.92,93996.72,94279.12
1920.0,95137.92,94996.72,95279.12
1940.0,96137.92,95996.72,96279.12
1960.0,97137.92,96996.72,97279.12
1980.0,98137.92,97996.72,98279.12
2000.0,99137.92,98996.72,99279.12
2020.0,100137.92,99996.72,100279.12
2040.0,101137.92,100996.72,101279.12
2060.0,102137.92,101996.72,102279.12
2080.0,103137.92,102996.72,103279.12
2100.0,104137.92,103996.72,104279.12
2120.0,105137.92,104996.72,105279.12
2140.0,106137.92,105996.72,106279.12
2160.0,107137.92,106996.72,107279.12
2180.0,108137.92,107996.72,108279.12
2200.0,109137.92,108996.72,109279.12
2220.0,110137.92,109996.72,110279.12
2240.0,111137.92,110996.72,111279.12
2260.0,112137.92,111996.72,112279.12
2280.0,113137.92,112996.72,113279.12
2300.0,114137.92,113996.72,114279.12
2320.0,115137.92,114996.72,115279.12
2340.0,116137.92,115996.72,116279.12
2360.0,117137.92,116996.72,117279.12
2380.0,118137.92,117996.72,118279.12
2400.0,119137.92,118996.72,119279.12
2420.0,120137.92,119996.72,120279.12
2440.0,121137.92,120996.72,121279.12
2460.0,122137.92,121996.72,122279.12
2480.0,123137.92,122996.72,123279.12
2500.0,124137.92,123996.72,124279.12
2520.0,125137.92,124996.72,125279.12
2540.0,126137.92,125996.72,126279.12
2560.0,127137.92,126996.72,127279.12
2580.0,128137.92,127996.72,128279.12
2600.0,129137.92,128996.72,129279.12
2620.0,130137.92,129996.72,130279.12
2640.0,131137.92,130996.72,131279.12
2660.0,132137.92,131996.72,132279.12
2680.0,133137.92,132996.72,133279.12
2700.0,134137.92,133996.72,134279.12
2720.0,135137.92,134996.72,135279.12
2740.0,136137.92,135996.72,136279.12
2760.0,137137.92,136996.72,137279.12
2780.0,138137.92,137996.72,138279.12
2800.0,139137.92,138996.72,139279.12
2820.0,140137.92,139996.72,140279.12
2840.0,141137.92,140996.72,141279.12
2860.0,142137.92,141996.72,142279.12
2880.0,143137.92,142996.72,143279.12
2900.0,144137.92,143996.72,144279.12
2920.0,145137.92,144996.72,145279.12
2940.0,146137.92,145996.72,146279.12
2960.0,147137.92,146996.72,147279.12
2980.0,148137.92,147996.72,148279.12
3000.0,149137.92,148996.72,149279.12
3020.0,150137.92,149996.72,150279.12
3040.0,151137.92,150996.72,151279.12
3060.0,152137.92,151996.72,152279.12
3080.0,153137.92,152996.72,153279.12
3100.0,154137.92,153996.72,154279.12
3120.0,155137.92,154996.72,155279.12
3140.0,156137.92,155996.72,156279.12
3160.0,157137.92,156996.72,157279.12
3180.0,158137.92,157996.72,158279.12
3200.0,159137.92,158996.72,159279.12
3220.0,160137.92,159996.72,160279.12
3240.0,161137.92,160996.72,161279.12
3260.0,162137.92,161996.72,162279.12
3280.0,163137.92,162996.72,163279.12
3300.0,164137.92,163996.72,164279.12
3320.0,165137.92,164996.72,165279.12
3340.0,166137.92,165996.72,166279.12
3360.0,167137.92,166996.72,167279.12
3380.0,168137.92,167996.72,168279.12
3400.0,169137.92,168996.72,169279.12
3420.0,170137.92,169996.72,170279.12
3440.0,171137.92,170996.72,171279.12
3460.0,172137.92,171996.72,172279.12
3480.0,173137.92,172996.72,173279.12
3500.0,174137.92,173996.72,174279.12
3520.0,175137.92,174996.72,175279.12
3540.0,176137.92,175996.72,176279.12
3560.0,177137.92,176996.72,177279.12
3580.0,178137.92,177996.72,178279.12
3600.0,179137.92,178996.72,179279.12
3620.0,180137.92,179996.72,180279.12
3640.0,181137.92,180996.72,181279.12
3660.0,182137.92,181996.72,182279.12
3680.0,183137.92,182996.72,183279.12
3700.0,184137.92,183996.72,184279.12
3720.0,185137.92,184996.72,185279.12
3740.0,186137.92,185996.72,186279.12
3760.0,187137.92,186996.72,187279.12
3780.0,188137.92,187996.72,188279.12
3800.0,189137.92,188996.72,189279.12
3820.0,190137.92,189996.72,190279.12
3840.0,191137.92,190996.72,191279.12
3860.0,192137.92,191996.72,192279.12
3880.0,193137.92,192996.72,193279.12
3900.0,194137.92,193996.72,194279.12
3920.0,195137.92,194996.72,195279.12
3940.0,196137.92,195996.72,196279.12
3960.0,197137.92,196996.72,197279.12
3980.0,198137.92,197996.72,198279.12
4000.0,199137.92,198996.72,199279.12
4020.0,200137.92,199996.72,200279.12
4040.0,201137.92,200996.72,201279.12
4060.0,202137.92,201996.72,202279.12
4080.0,203137.92,202996.72,203279.12
4100.0,204137.92,203996.72,204279.12
4120.0,205137.92,204996.72,205279.12
4140.0,206137.92,205996.72,206279.12
4160.0,207137.92,206996.72,207279.12
4180.0,208137.92,207996.72,208279.12
4200.0,209137.92,208996.72,209279.12
4220.0,210137.92,209996.72,210279.12
4240.0,211137.92,210996.72,211279.12
4260.0,212137.92,211996.72,212279.12
4280.0,213137.92,212996.72,213279.12
4300.0,214137.92,213996.72,214279.12
4320.0,215137.92,214996.72,215279.12
4340.0,216137.92,215996.72,216279.12
4360.0,217137.92,216996.72,217279.12
4380.0,218137.92,217996.72,218279.12
4400.0,219137.92,218996.72,219279.12
4420.0,220137.92,219996.72,220279.12
4440.0,221137.92,220996.72,221279.12
4460.0,222137.92,221996.72,222279.12
4480.0,223137.92,222996.72,223279.12
4500.0,224137.92,223996.72,224279.12
4520.0,225137.92,224996.72,225279.12
4540.0,226137.92,225996.72,226279.12
4560.0,227137.92,226996.72,227279.12
4580.0,228137.92,227996.72,228279.12
4600.0,229137.92,228996.72,229279.12
4620.0,230137.92,229996.72,230279.12
4640.0,231137.92,230996.72,231279.12
4660.0,232137.92,231996.72,232279.12
4680.0,233137.92,232996.72,233279.12
4700.0,234137.92,233996.72,234279.12
4720.0,235137.92,234996.72,235279.12
4740.0,236137.92,235996.72,236279.12
4760.0,237137.92,236996.72,237279.12
4780.0,238137.92,237996.72,238279.12
4800.0,239137.92,238996.72,239279.12
4820.0,240137.92,239996.72,240279.12
4840.0,241137.92,240996.72,241279.12
4860.0,242137.92,241996.72,242279.12
4880.0,243137.92,242996.72,243279.12
4900.0,244137.92,243996.72,244279.12
4920.0,245137.92,244996.72,245279.12
4940.0,246137.92,245996.72,246279.12
4960.0,247137.92,246996.72,247279.12
4980.0,248137.92,247996.72,248279.12
5000.0,249137.92,248996.72,249279.12
