trial,mean,ci_down,ci_up
0.0,3.28,2.91,3.65
20.0,6.04,5.44,6.64
40.0,8.90,8.17,9.63
60.0,12.98,12.09,13.87
80.0,18.00,16.85,19.15
100.0,23.50,22.18,24.82
120.0,29.88,28.41,31.35
140.0,38.28,36.58,39.98
160.0,47.54,45.53,49.55
180.0,57.90,55.64,60.16
200.0,69.32,66.72,71.92
220.0,81.62,78.38,84.86
240.0,96.04,92.36,99.72
260.0,112.10,107.94,116.26
280.0,128.50,123.94,133.06
300.0,146.68,141.79,151.57
320.0,165.32,160.11,170.53
340.0,184.26,178.48,190.04
360.0,204.24,198.09,210.39
380.0,225.70,219.16,232.24
400.0,248.04,241.31,254.77
420.0,270.96,263.81,278.11
440.0,295.64,287.91,303.37
460.0,322.08,313.78,330.38
480.0,349.22,340.38,358.06
500.0,377.28,367.98,386.58
520.0,407.76,397.65,417.87
540.0,438.98,428.05,449.91
560.0,470.26,458.70,481.82
580.0,500.72,488.99,512.45
600.0,534.66,522.38,546.94
620.0,568.06,555.42,580.70
640.0,604.28,591.30,617.26
660.0,639.70,626.02,653.38
680.0,675.34,660.77,689.91
700.0,712.20,697.04,727.36
720.0,748.70,732.58,764.82
740.0,785.72,768.54,802.90
760.0,824.74,806.68,842.80
780.0,862.26,843.30,881.22
800.0,901.44,881.48,921.40
820.0,942.08,921.37,962.79
840.0,982.48,960.64,1004.32
860.0,1022.92,1000.45,1045.39
880.0,1063.96,1040.54,1087.38
900.0,1104.48,1080.33,1128.63
920.0,1146.34,1121.67,1171.01
940.0,1187.10,1161.92,1212.28
960.0,1227.50,1201.51,1253.49
980.0,1271.72,1244.82,1298.62
1000.0,1313.68,1285.91,1341.45
1020.0,1356.10,1327.66,1384.54
1040.0,1400.40,1371.16,1429.64
1060.0,1444.50,1414.51,1474.49
1080.0,1487.76,1456.95,1518.57
1100.0,1531.84,1499.93,1563.75
1120.0,1575.76,1543.26,1608.26
1140.0,1619.62,1586.28,1652.96
1160.0,1665.60,1631.62,1699.58
1180.0,1711.58,1677.10,1746.06
1200.0,1757.14,1722.27,1792.01
1220.0,1804.10,1768.30,1839.90
1240.0,1852.48,1815.69,1889.27
1260.0,1898.70,1860.93,1936.47
1280.0,1947.16,1908.95,1985.37
1300.0,1995.92,1957.01,2034.83
1320.0,2044.40,2004.87,2083.93
1340.0,2092.14,2051.70,2132.58
1360.0,2141.42,2100.66,2182.18
1380.0,2189.04,2147.84,2230.24
1400.0,2237.86,2196.19,2279.53
1420.0,2289.26,2247.02,2331.50
1440.0,2340.22,2297.32,2383.12
1460.0,2390.78,2347.26,2434.30
1480.0,2441.62,2397.19,2486.05
1500.0,2490.62,2445.48,2535.76
1520.0,2541.82,2495.91,2587.73
1540.0,2594.04,2547.10,2640.98
1560.0,2647.34,2599.91,2694.77
1580.0,2700.14,2652.08,2748.20
1600.0,2753.06,2704.52,2801.60
1620.0,2806.56,2757.46,2855.66
1640.0,2858.98,2809.17,2908.79
1660.0,2912.18,2861.42,2962.94
1680.0,2965.24,2914.15,3016.33
1700.0,3019.58,2967.96,3071.20
1720.0,3072.60,3020.76,3124.44
1740.0,3127.12,3074.37,3179.87
1760.0,3181.46,3128.18,3234.74
1780.0,3235.58,3181.60,3289.56
1800.0,3291.00,3236.44,3345.56
1820.0,3346.16,3291.22,3401.10
1840.0,3401.82,3346.37,3457.27
1860.0,3458.54,3402.72,3514.36
1880.0,3513.02,3456.65,3569.39
1900.0,3568.68,3511.48,3625.88
1920.0,3625.16,3567.30,3683.02
1940.0,3680.54,3622.43,3738.65
1960.0,3735.22,3676.69,3793.75
1980.0,3791.26,3732.34,3850.18
2000.0,3848.22,3788.69,3907.75
2020.0,3905.90,3846.07,3965.73
2040.0,3962.94,3902.66,4023.22
2060.0,4021.30,3960.46,4082.14
2080.0,4079.78,4018.50,4141.06
2100.0,4136.24,4074.46,4198.02
2120.0,4193.78,4131.73,4255.83
2140.0,4253.72,4191.35,4316.09
2160.0,4312.60,4249.97,4375.23
2180.0,4370.64,4307.60,4433.68
2200.0,4428.52,4365.12,4491.92
2220.0,4487.00,4423.57,4550.43
2240.0,4545.64,4481.89,4609.39
2260.0,4604.44,4540.40,4668.48
2280.0,4663.40,4598.91,4727.89
2300.0,4721.58,4656.76,4786.40
2320.0,4781.30,4716.12,4846.48
2340.0,4841.66,4776.09,4907.23
2360.0,4901.46,4835.60,4967.32
2380.0,4962.50,4896.47,5028.53
2400.0,5022.40,4956.14,5088.66
2420.0,5082.94,5016.43,5149.45
2440.0,5142.82,5076.18,5209.46
2460.0,5203.72,5136.77,5270.67
2480.0,5263.72,5196.43,5331.01
2500.0,5325.46,5257.64,5393.28
2520.0,5386.28,5318.34,5454.22
2540.0,5445.24,5376.93,5513.55
2560.0,5504.20,5435.62,5572.78
2580.0,5565.02,5496.09,5633.95
2600.0,5625.54,5556.57,5694.51
2620.0,5687.02,5617.87,5756.17
2640.0,5748.08,5678.86,5817.30
2660.0,5809.56,5739.98,5879.14
2680.0,5871.84,5802.15,5941.53
2700.0,5932.86,5862.53,6003.19
2720.0,5994.88,5923.81,6065.95
2740.0,6056.48,5985.33,6127.63
2760.0,6118.32,6047.28,6189.36
2780.0,6180.36,6109.15,6251.57
2800.0,6241.58,6169.88,6313.28
2820.0,6303.68,6231.64,6375.72
2840.0,6365.74,6293.28,6438.20
2860.0,6428.40,6355.80,6501.00
2880.0,6489.30,6416.21,6562.39
2900.0,6551.36,6478.08,6624.64
2920.0,6613.26,6539.39,6687.13
2940.0,6676.06,6601.90,6750.22
2960.0,6739.34,6664.94,6813.74
2980.0,6803.02,6728.71,6877.33
3000.0,6866.20,6791.90,6940.50
3020.0,6929.12,6854.57,7003.67
3040.0,6992.04,6917.11,7066.97
3060.0,7055.84,6980.69,7130.99
3080.0,7119.98,7044.98,7194.98
3100.0,7183.84,7108.47,7259.21
3120.0,7247.86,7172.31,7323.41
3140.0,7312.06,7236.18,7387.94
3160.0,7374.76,7298.40,7451.12
3180.0,7437.68,7360.70,7514.66
3200.0,7502.26,7424.87,7579.65
3220.0,7566.60,7488.72,7644.48
3240.0,7631.48,7553.14,7709.82
3260.0,7694.56,7615.86,7773.26
3280.0,7758.76,7679.79,7837.73
3300.0,7822.60,7743.05,7902.15
3320.0,7886.12,7805.95,7966.29
3340.0,7949.56,7868.70,8030.42
3360.0,8014.88,7933.53,8096.23
3380.0,8080.74,7999.07,8162.41
3400.0,8145.38,8063.20,8227.56
3420.0,8209.78,8127.26,8292.30
3440.0,8274.78,8191.74,8357.82
3460.0,8339.78,8256.64,8422.92
3480.0,8402.64,8319.16,8486.12
3500.0,8466.92,8383.11,8550.73
3520.0,8532.40,8447.94,8616.86
3540.0,8597.86,8513.16,8682.56
3560.0,8662.82,8577.27,8748.37
3580.0,8726.46,8640.42,8812.50
3600.0,8790.96,8704.28,8877.64
3620.0,8854.76,8767.50,8942.02
3640.0,8918.28,8830.57,9005.99
3660.0,8983.94,8895.70,9072.18
3680.0,9048.74,8960.53,9136.95
3700.0,9114.38,9025.82,9202.94
3720.0,9179.84,9090.57,9269.11
3740.0,9245.66,9156.01,9335.31
3760.0,9310.32,9220.38,9400.26
3780.0,9377.24,9286.78,9467.70
3800.0,9441.60,9350.61,9532.59
3820.0,9507.32,9415.96,9598.68
3840.0,9573.90,9481.85,9665.95
3860.0,9640.18,9547.72,9732.64
3880.0,9705.90,9612.86,9798.94
3900.0,9772.18,9678.60,9865.76
3920.0,9837.82,9743.77,9931.87
3940.0,9903.78,9809.11,9998.45
3960.0,9969.38,9874.28,10064.48
3980.0,10034.32,9938.54,10130.10
4000.0,10101.76,10005.89,10197.63
4020.0,10167.64,10070.96,10264.32
4040.0,10234.24,10137.13,10331.35
4060.0,10300.90,10203.39,10398.41
4080.0,10367.28,10269.46,10465.10
4100.0,10435.66,10337.08,10534.24
4120.0,10502.34,10403.29,10601.39
4140.0,10569.48,10470.05,10668.91
4160.0,10635.82,10535.97,10735.67
4180.0,10701.72,10601.07,10802.37
4200.0,10768.94,10667.98,10869.90
4220.0,10836.70,10734.99,10938.41
4240.0,10903.10,10800.92,11005.28
4260.0,10971.08,10868.51,11073.65
4280.0,11038.36,10935.62,11141.10
4300.0,11106.92,11003.66,11210.18
4320.0,11173.96,11070.15,11277.77
4340.0,11241.12,11136.91,11345.33
4360.0,11308.16,11203.60,11412.72
4380.0,11375.74,11270.81,11480.67
4400.0,11444.12,11338.80,11549.44
4420.0,11511.76,11406.21,11617.31
4440.0,11579.96,11473.94,11685.98
4460.0,11648.82,11542.22,11755.42
4480.0,11717.60,11610.85,11824.35
4500.0,11785.10,11677.89,11892.31
4520.0,11853.24,11745.69,11960.79
4540.0,11922.00,11814.04,12029.96
4560.0,11989.78,11881.64,12097.92
4580.0,12058.52,11950.42,12166.62
4600.0,12127.44,12018.94,12235.94
4620.0,12195.56,12086.64,12304.48
4640.0,12263.28,12153.91,12372.65
4660.0,12329.70,12219.91,12439.49
4680.0,12398.72,12288.43,12509.01
4700.0,12466.00,12355.34,12576.66
4720.0,12533.34,12422.16,12644.52
4740.0,12601.24,12489.38,12713.10
4760.0,12669.32,12556.82,12781.82
4780.0,12737.30,12624.66,12849.94
4800.0,12805.66,12692.79,12918.53
4820.0,12872.70,12759.49,12985.91
4840.0,12940.80,12827.21,13054.39
4860.0,13008.00,12893.80,13122.20
4880.0,13075.32,12960.90,13189.74
4900.0,13143.26,13028.58,13257.94
4920.0,13211.94,13097.36,13326.52
4940.0,13281.10,13165.98,13396.22
4960.0,13348.80,13233.11,13464.49
4980.0,13417.26,13301.08,13533.44
5000.0,13485.74,13369.03,13602.45
