trial,mean,ci_down,ci_up
0.0,37.94,35.60,40.29
20.0,40.10,36.29,43.92
40.0,48.75,44.51,52.99
60.0,59.53,55.72,63.34
80.0,62.27,59.42,65.12
100.0,71.57,67.31,75.82
120.0,75.77,72.19,79.35
140.0,77.35,74.52,80.18
160.0,82.34,79.90,84.77
180.0,85.58,83.21,87.94
200.0,86.81,84.50,89.12
220.0,89.16,87.43,90.88
240.0,91.93,90.00,93.86
260.0,91.37,89.96,92.78
280.0,92.70,90.88,94.52
300.0,95.03,93.64,96.41
320.0,94.83,93.10,96.57
340.0,95.26,93.72,96.80
360.0,95.72,94.18,97.25
380.0,97.37,95.99,98.74
400.0,98.41,96.99,99.82
420.0,98.43,96.90,99.96
440.0,98.80,97.74,99.86
460.0,97.76,96.57,98.95
480.0,98.40,97.11,99.69
500.0,100.35,98.77,101.92
520.0,101.69,100.42,102.97
540.0,98.83,97.85,99.80
560.0,99.76,98.77,100.74
580.0,100.20,99.10,101.30
600.0,101.37,100.19,102.55
620.0,101.79,100.63,102.95
640.0,101.73,100.69,102.77
660.0,101.54,100.48,102.61
680.0,101.10,100.07,102.13
700.0,102.68,101.71,103.65
720.0,102.23,101.10,103.35
740.0,101.32,100.34,102.30
760.0,102.37,101.21,103.53
780.0,102.63,101.39,103.88
800.0,103.08,101.89,104.27
820.0,102.00,101.08,102.93
840.0,103.33,102.51,104.15
860.0,103.71,102.56,104.86
880.0,102.22,101.24,103.19
900.0,102.75,101.64,103.85
920.0,102.93,101.94,103.93
940.0,102.83,101.66,103.99
960.0,102.80,101.63,103.97
980.0,103.56,102.68,104.43
1000.0,102.48,101.47,103.48
1020.0,102.88,101.89,103.86
1040.0,102.88,101.97,103.79
1060.0,102.79,101.68,103.91
1080.0,103.32,102.41,104.23
1100.0,103.49,102.48,104.49
1120.0,102.78,101.81,103.75
1140.0,103.95,102.94,104.95
1160.0,104.01,103.08,104.94
1180.0,103.28,102.16,104.40
1200.0,103.15,102.15,104.15
1220.0,103.18,102.08,104.29
1240.0,103.03,102.04,104.02
1260.0,103.60,102.71,104.50
1280.0,103.40,102.39,104.42
1300.0,103.52,102.62,104.42
1320.0,103.96,103.13,104.80
1340.0,103.15,102.20,104.09
1360.0,103.00,102.18,103.83
1380.0,103.72,102.79,104.65
1400.0,103.31,102.39,104.24
1420.0,103.51,102.53,104.50
1440.0,103.91,103.03,104.78
1460.0,103.62,102.72,104.51
1480.0,103.24,102.40,104.08
1500.0,103.07,102.26,103.88
1520.0,102.80,101.92,103.67
1540.0,103.85,103.00,104.71
1560.0,104.20,103.37,105.03
1580.0,102.86,101.86,103.85
1600.0,103.03,102.00,104.06
1620.0,103.18,102.31,104.05
1640.0,103.40,102.53,104.27
1660.0,103.53,102.55,104.51
1680.0,103.83,102.94,104.72
1700.0,104.69,103.85,105.53
1720.0,103.27,102.37,104.16
1740.0,103.60,102.64,104.56
1760.0,104.05,103.18,104.92
1780.0,104.22,103.43,105.01
1800.0,103.62,102.63,104.60
1820.0,104.36,103.34,105.38
1840.0,103.41,102.40,104.42
1860.0,102.88,101.85,103.92
1880.0,104.02,103.13,104.91
1900.0,103.82,102.90,104.73
1920.0,103.17,102.22,104.13
1940.0,102.59,101.82,103.37
1960.0,103.16,102.25,104.07
1980.0,103.47,102.58,104.35
2000.0,103.02,102.12,103.92
2020.0,103.18,102.28,104.08
2040.0,102.89,101.92,103.85
2060.0,102.92,101.88,103.95
2080.0,102.76,101.85,103.67
2100.0,102.42,101.46,103.38
2120.0,103.88,102.94,104.82
2140.0,103.41,102.54,104.29
2160.0,103.50,102.65,104.35
2180.0,103.10,102.20,103.99
2200.0,102.93,102.01,103.85
2220.0,103.40,102.45,104.35
2240.0,103.10,102.18,104.01
2260.0,103.17,102.21,104.14
2280.0,103.30,102.25,104.36
2300.0,102.72,101.72,103.72
2320.0,103.10,102.16,104.04
2340.0,103.78,102.82,104.73
2360.0,103.14,102.10,104.18
2380.0,102.99,102.07,103.92
2400.0,103.31,102.55,104.07
2420.0,103.08,102.09,104.06
2440.0,103.24,102.29,104.20
2460.0,103.75,102.81,104.69
2480.0,102.52,101.65,103.39
2500.0,103.81,102.89,104.73
2520.0,102.69,101.72,103.66
2540.0,102.88,101.93,103.83
2560.0,102.44,101.53,103.35
2580.0,103.11,102.22,104.00
2600.0,102.40,101.46,103.34
2620.0,103.17,102.21,104.13
2640.0,103.31,102.47,104.15
2660.0,102.59,101.87,103.32
2680.0,103.27,102.48,104.06
2700.0,102.96,102.02,103.89
2720.0,103.17,102.21,104.13
2740.0,102.84,101.87,103.82
2760.0,102.71,101.92,103.50
2780.0,103.13,102.23,104.02
2800.0,102.94,102.06,103.83
2820.0,102.88,102.06,103.70
2840.0,102.74,101.87,103.61
2860.0,102.94,102.04,103.83
2880.0,102.54,101.64,103.44
2900.0,102.60,101.66,103.54
2920.0,103.17,102.21,104.12
2940.0,102.72,101.86,103.57
2960.0,102.33,101.49,103.18
2980.0,102.47,101.52,103.43
3000.0,102.41,101.66,103.16
3020.0,102.30,101.49,103.11
3040.0,102.52,101.62,103.43
3060.0,102.29,101.39,103.19
3080.0,102.19,101.21,103.17
3100.0,103.65,102.75,104.55
3120.0,102.44,101.63,103.26
3140.0,102.59,101.60,103.58
3160.0,102.47,101.53,103.41
3180.0,103.03,102.13,103.92
3200.0,102.09,101.24,102.93
3220.0,102.65,101.84,103.47
3240.0,102.07,101.10,103.04
3260.0,101.84,100.91,102.77
3280.0,101.19,100.39,101.99
3300.0,101.63,100.61,102.64
3320.0,101.77,100.63,102.90
3340.0,101.54,100.73,102.35
3360.0,102.69,101.69,103.70
3380.0,102.59,101.68,103.50
3400.0,102.04,101.06,103.02
3420.0,102.30,101.39,103.21
3440.0,101.12,100.12,102.12
3460.0,101.89,100.96,102.82
3480.0,102.57,101.67,103.47
3500.0,102.43,101.64,103.22
3520.0,102.25,101.30,103.19
3540.0,102.20,101.32,103.08
3560.0,102.46,101.53,103.39
3580.0,101.88,100.97,102.78
3600.0,102.13,101.21,103.05
3620.0,101.86,100.89,102.84
3640.0,101.56,100.63,102.48
3660.0,101.96,101.04,102.89
3680.0,101.77,100.76,102.78
3700.0,101.80,100.73,102.86
3720.0,102.06,101.13,102.98
3740.0,102.76,101.95,103.58
3760.0,101.78,100.92,102.63
3780.0,102.43,101.57,103.30
3800.0,102.33,101.48,103.18
3820.0,101.84,101.00,102.68
3840.0,102.37,101.67,103.06
3860.0,101.67,100.84,102.50
3880.0,101.88,100.97,102.78
3900.0,101.77,100.92,102.61
3920.0,101.50,100.66,102.35
3940.0,102.71,101.77,103.65
3960.0,102.85,101.90,103.79
3980.0,103.02,102.05,103.99
4000.0,101.82,100.96,102.68
4020.0,102.24,101.29,103.18
4040.0,101.87,100.88,102.85
4060.0,102.22,101.39,103.06
4080.0,102.21,101.17,103.25
4100.0,102.28,101.53,103.04
4120.0,101.35,100.51,102.20
4140.0,101.88,100.93,102.84
4160.0,101.81,101.02,102.61
4180.0,101.91,101.00,102.81
4200.0,102.01,101.30,102.71
4220.0,101.57,100.75,102.39
4240.0,101.20,100.32,102.08
4260.0,100.97,100.15,101.79
4280.0,101.47,100.63,102.31
4300.0,101.36,100.39,102.32
4320.0,101.85,100.99,102.72
4340.0,102.04,101.11,102.96
4360.0,101.52,100.91,102.13
4380.0,101.43,100.71,102.16
4400.0,101.04,100.16,101.92
4420.0,101.17,100.29,102.05
4440.0,100.99,100.10,101.89
4460.0,100.77,99.87,101.66
4480.0,101.18,100.29,102.07
4500.0,100.78,99.89,101.67
4520.0,100.54,99.58,101.49
4540.0,101.03,100.15,101.90
4560.0,101.27,100.45,102.10
4580.0,100.81,99.87,101.75
4600.0,100.57,99.75,101.39
4620.0,100.07,99.23,100.92
4640.0,100.76,99.93,101.60
4660.0,101.43,100.51,102.35
4680.0,100.97,100.10,101.84
4700.0,100.09,99.29,100.89
4720.0,100.23,99.30,101.16
4740.0,101.13,100.17,102.08
4760.0,100.09,99.12,101.06
4780.0,101.13,100.24,102.03
4800.0,101.12,100.23,102.02
4820.0,100.77,99.77,101.76
4840.0,100.80,99.91,101.70
4860.0,101.38,100.43,102.34
4880.0,100.58,99.73,101.43
4900.0,100.40,99.46,101.34
4920.0,100.24,99.39,101.08
4940.0,100.72,99.95,101.49
4960.0,101.04,100.13,101.95
4980.0,99.98,99.04,100.91
5000.0,100.28,99.45,101.11
