trial,mean,ci_down,ci_up
0.0,3.28,2.91,3.65
20.0,2.76,2.33,3.19
40.0,2.86,2.41,3.31
60.0,4.08,3.70,4.46
80.0,5.02,4.48,5.56
100.0,5.50,4.90,6.10
120.0,6.38,5.75,7.01
140.0,8.40,7.69,9.11
160.0,9.26,8.45,10.07
180.0,10.36,9.42,11.30
200.0,11.42,10.45,12.39
220.0,12.30,11.27,13.33
240.0,14.42,13.46,15.38
260.0,16.06,14.87,17.25
280.0,16.40,15.33,17.47
300.0,18.18,16.99,19.37
320.0,18.64,17.54,19.74
340.0,18.94,17.61,20.27
360.0,19.98,18.81,21.15
380.0,21.46,20.21,22.71
400.0,22.34,21.03,23.65
420.0,22.92,21.55,24.29
440.0,24.68,23.17,26.19
460.0,26.44,24.92,27.96
480.0,27.14,25.56,28.72
500.0,28.06,26.61,29.51
520.0,30.48,28.88,32.08
540.0,31.22,29.66,32.78
560.0,31.28,29.63,32.93
580.0,30.46,29.32,31.60
600.0,33.94,32.34,35.54
620.0,33.40,31.86,34.94
640.0,36.22,34.95,37.49
660.0,35.42,33.77,37.07
680.0,35.64,34.21,37.07
700.0,36.86,35.43,38.29
720.0,36.50,34.79,38.21
740.0,37.02,35.41,38.63
760.0,39.02,37.40,40.64
780.0,37.52,35.98,39.06
800.0,39.18,37.56,40.80
820.0,40.64,39.16,42.12
840.0,40.40,38.62,42.18
860.0,40.44,38.75,42.13
880.0,41.04,39.41,42.67
900.0,40.52,38.94,42.10
920.0,41.86,40.44,43.28
940.0,40.76,39.14,42.38
960.0,40.40,38.51,42.29
980.0,44.22,42.56,45.88
1000.0,41.96,40.45,43.47
1020.0,42.42,40.95,43.89
1040.0,44.30,42.68,45.92
1060.0,44.10,42.22,45.98
1080.0,43.26,41.56,44.96
1100.0,44.08,42.23,45.93
1120.0,43.92,42.26,45.58
1140.0,43.86,42.05,45.67
1160.0,45.98,44.33,47.63
1180.0,45.98,44.59,47.37
1200.0,45.56,44.07,47.05
1220.0,46.96,45.25,48.67
1240.0,48.38,46.61,50.15
1260.0,46.22,44.40,48.04
1280.0,48.46,47.06,49.86
1300.0,48.76,47.34,50.18
1320.0,48.48,47.14,49.82
1340.0,47.74,46.11,49.37
1360.0,49.28,47.90,50.66
1380.0,47.62,45.83,49.41
1400.0,48.82,47.09,50.55
1420.0,51.40,50.04,52.76
1440.0,50.96,49.24,52.68
1460.0,50.56,48.84,52.28
1480.0,50.84,49.12,52.56
1500.0,49.00,47.22,50.78
1520.0,51.20,49.46,52.94
1540.0,52.22,50.40,54.04
1560.0,53.30,51.79,54.81
1580.0,52.80,51.28,54.32
1600.0,52.92,51.59,54.25
1620.0,53.50,52.12,54.88
1640.0,52.42,50.80,54.04
1660.0,53.20,51.66,54.74
1680.0,53.06,51.61,54.51
1700.0,54.34,52.75,55.93
1720.0,53.02,51.52,54.52
1740.0,54.52,52.73,56.31
1760.0,54.34,52.77,55.91
1780.0,54.12,52.58,55.66
1800.0,55.42,53.56,57.28
1820.0,55.16,53.54,56.78
1840.0,55.66,54.29,57.03
1860.0,56.72,55.12,58.32
1880.0,54.48,53.02,55.94
1900.0,55.66,53.89,57.43
1920.0,56.48,55.05,57.91
1940.0,55.38,53.98,56.78
1960.0,54.68,53.07,56.29
1980.0,56.04,54.65,57.43
2000.0,56.96,55.30,58.62
2020.0,57.68,56.10,59.26
2040.0,57.04,55.48,58.60
2060.0,58.36,56.65,60.07
2080.0,58.48,57.06,59.90
2100.0,56.46,55.16,57.76
2120.0,57.54,56.10,58.98
2140.0,59.94,58.60,61.28
2160.0,58.88,57.30,60.46
2180.0,58.04,56.65,59.43
2200.0,57.88,56.33,59.43
2220.0,58.48,57.26,59.70
2240.0,58.64,57.30,59.98
2260.0,58.80,57.17,60.43
2280.0,58.96,57.50,60.42
2300.0,58.18,56.57,59.79
2320.0,59.72,58.41,61.03
2340.0,60.36,58.80,61.92
2360.0,59.80,58.19,61.41
2380.0,61.04,59.71,62.37
2400.0,59.90,58.36,61.44
2420.0,60.54,59.05,62.03
2440.0,59.88,58.59,61.17
2460.0,60.90,59.53,62.27
2480.0,60.00,58.46,61.54
2500.0,61.74,60.33,63.15
2520.0,60.82,59.22,62.42
2540.0,58.96,57.41,60.51
2560.0,58.96,57.49,60.43
2580.0,60.82,59.56,62.08
2600.0,60.52,59.40,61.64
2620.0,61.48,60.11,62.85
2640.0,61.06,59.59,62.53
2660.0,61.48,60.16,62.80
2680.0,62.28,60.62,63.94
2700.0,61.02,59.51,62.53
2720.0,62.02,60.23,63.81
2740.0,61.60,60.27,62.93
2760.0,61.84,60.59,63.09
2780.0,62.04,60.59,63.49
2800.0,61.22,59.79,62.65
2820.0,62.10,60.49,63.71
2840.0,62.06,60.27,63.85
2860.0,62.66,61.27,64.05
2880.0,60.90,59.38,62.42
2900.0,62.06,60.66,63.46
2920.0,61.90,60.28,63.52
2940.0,62.80,61.23,64.37
2960.0,63.28,61.71,64.85
2980.0,63.68,61.90,65.46
3000.0,63.18,61.70,64.66
3020.0,62.92,61.54,64.30
3040.0,62.92,61.36,64.48
3060.0,63.80,62.23,65.37
3080.0,64.14,62.52,65.76
3100.0,63.86,62.41,65.31
3120.0,64.02,62.60,65.44
3140.0,64.20,62.79,65.61
3160.0,62.70,60.94,64.46
3180.0,62.92,61.26,64.58
3200.0,64.58,62.77,66.39
3220.0,64.34,62.82,65.86
3240.0,64.88,63.52,66.24
3260.0,63.08,61.45,64.71
3280.0,64.20,62.72,65.68
3300.0,63.84,62.27,65.41
3320.0,63.52,61.92,65.12
3340.0,63.44,61.94,64.94
3360.0,65.32,63.95,66.69
3380.0,65.86,64.47,67.25
3400.0,64.64,63.15,66.13
3420.0,64.40,62.81,65.99
3440.0,65.00,63.32,66.68
3460.0,65.00,63.51,66.49
3480.0,62.86,61.36,64.36
3500.0,64.28,62.79,65.77
3520.0,65.48,63.57,67.39
3540.0,65.46,63.94,66.98
3560.0,64.96,63.15,66.77
3580.0,63.64,62.03,65.25
3600.0,64.50,62.93,66.07
3620.0,63.80,61.96,65.64
3640.0,63.52,61.65,65.39
3660.0,65.66,64.18,67.14
3680.0,64.80,63.39,66.21
3700.0,65.64,64.24,67.04
3720.0,65.46,63.71,67.21
3740.0,65.82,64.30,67.34
3760.0,64.66,63.19,66.13
3780.0,66.92,65.37,68.47
3800.0,64.36,62.73,65.99
3820.0,65.72,64.13,67.31
3840.0,66.58,65.04,68.12
3860.0,66.28,64.60,67.96
3880.0,65.72,64.11,67.33
3900.0,66.28,64.79,67.77
3920.0,65.64,64.07,67.21
3940.0,65.96,64.39,67.53
3960.0,65.60,63.93,67.27
3980.0,64.94,63.14,66.74
4000.0,67.44,66.13,68.75
4020.0,65.88,64.38,67.38
4040.0,66.60,65.03,68.17
4060.0,66.66,65.28,68.04
4080.0,66.38,64.83,67.93
4100.0,68.38,66.65,70.11
4120.0,66.68,65.37,67.99
4140.0,67.14,65.96,68.32
4160.0,66.34,64.92,67.76
4180.0,65.90,64.35,67.45
4200.0,67.22,65.95,68.49
4220.0,67.76,66.40,69.12
4240.0,66.40,64.89,67.91
4260.0,67.98,66.70,69.26
4280.0,67.28,65.98,68.58
4300.0,68.56,67.28,69.84
4320.0,67.04,65.55,68.53
4340.0,67.16,65.57,68.75
4360.0,67.04,65.55,68.53
4380.0,67.58,65.95,69.21
4400.0,68.38,66.83,69.93
4420.0,67.64,66.18,69.10
4440.0,68.20,66.52,69.88
4460.0,68.86,67.44,70.28
4480.0,68.78,67.08,70.48
4500.0,67.50,65.99,69.01
4520.0,68.14,66.69,69.59
4540.0,68.76,66.90,70.62
4560.0,67.78,66.56,69.00
4580.0,68.74,67.22,70.26
4600.0,68.92,67.23,70.61
4620.0,68.12,66.56,69.68
4640.0,67.72,66.37,69.07
4660.0,66.42,64.90,67.94
4680.0,69.02,67.40,70.64
4700.0,67.28,65.55,69.01
4720.0,67.34,65.71,68.97
4740.0,67.90,66.18,69.62
4760.0,68.08,66.49,69.67
4780.0,67.98,66.59,69.37
4800.0,68.36,67.00,69.72
4820.0,67.04,65.32,68.76
4840.0,68.10,66.53,69.67
4860.0,67.20,65.44,68.96
4880.0,67.32,65.83,68.81
4900.0,67.94,66.14,69.74
4920.0,68.68,67.18,70.18
4940.0,69.16,67.58,70.74
4960.0,67.70,65.97,69.43
4980.0,68.46,66.74,70.18
5000.0,68.48,66.90,70.06
