cycle theoreticalDist theoreticalMaxDist average standardDeviation
firstSpeed 0.1
1 0.1 0.105 0.1 0.00204149
2 0.194 0.208635 0.193999 0.00439777
3 0.28236 0.310923 0.282357 0.00709094
4 0.365418 0.411881 0.365414 0.010006
5 0.443493 0.511526 0.443489 0.013061
6 0.516884 0.609876 0.516882 0.0161981
7 0.585871 0.706948 0.585873 0.0193705
8 0.650718 0.802758 0.650723 0.0225507
9 0.711675 0.897322 0.711682 0.0257113
10 0.768975 0.990657 0.768985 0.0288342
11 0.822836 1.08278 0.822849 0.031904
12 0.873466 1.1737 0.873481 0.0349106
13 0.921058 1.26344 0.921075 0.0378439
14 0.965795 1.35202 0.965812 0.0406965
15 1.00785 1.43944 1.00787 0.0434634
16 1.04738 1.52573 1.0474 0.0461423
17 1.08453 1.6109 1.08456 0.0487305
18 1.11946 1.69495 1.11949 0.0512253
19 1.15229 1.77792 1.15232 0.053627
20 1.18316 1.85981 1.18318 0.0559349
21 1.21217 1.94063 1.2122 0.0581506
22 1.23944 2.0204 1.23947 0.0602748
23 1.26507 2.09914 1.26511 0.0623081
24 1.28917 2.17685 1.2892 0.0642541
25 1.31182 2.25355 1.31186 0.0661145
26 1.33311 2.32925 1.33315 0.0678912
27 1.35312 2.40397 1.35317 0.0695866
28 1.37193 2.47772 1.37198 0.0712039
29 1.38962 2.55051 1.38967 0.0727451
30 1.40624 2.62235 1.40629 0.0742129
31 1.42187 2.69326 1.42192 0.07561
32 1.43655 2.76325 1.43661 0.0769389
33 1.45036 2.83233 1.45042 0.0782017
34 1.46334 2.90051 1.4634 0.0794013
35 1.47554 2.9678 1.4756 0.0805405
36 1.48701 3.03422 1.48707 0.0816221
37 1.49779 3.09977 1.49785 0.0826488
38 1.50792 3.16448 1.50798 0.0836228
39 1.51744 3.22834 1.5175 0.0845464
40 1.5264 3.29137 1.52646 0.085422
41 1.53481 3.35358 1.53487 0.0862516
42 1.54272 3.41499 1.54279 0.0870374
43 1.55016 3.47559 1.55022 0.0877816
44 1.55715 3.53541 1.55721 0.0884859
45 1.56372 3.59445 1.56378 0.0891522
46 1.5699 3.65272 1.56996 0.0897824
47 1.57571 3.71024 1.57577 0.0903785
48 1.58116 3.767 1.58122 0.090942
49 1.58629 3.82303 1.58636 0.0914747
50 1.59112 3.87833 1.59118 0.0919782
firstSpeed 0.2
1 0.2 0.21 0.200005 0.00408273
2 0.388 0.41727 0.388013 0.00879965
3 0.56472 0.621845 0.564741 0.0141894
4 0.730837 0.823761 0.730872 0.0200144
5 0.886987 1.02305 0.887035 0.0261188
6 1.03377 1.21975 1.03383 0.0323879
7 1.17174 1.4139 1.17182 0.0387327
8 1.30144 1.60552 1.30153 0.0450916
9 1.42335 1.79464 1.42346 0.0514122
10 1.53795 1.98131 1.53807 0.0576538
11 1.64567 2.16556 1.64581 0.0637876
12 1.74693 2.3474 1.74709 0.0697916
13 1.84212 2.52689 1.84229 0.0756495
14 1.93159 2.70404 1.93177 0.0813481
15 2.01569 2.87889 2.01589 0.0868764
16 2.09475 3.05146 2.09497 0.0922264
17 2.16907 3.22179 2.1693 0.0973927
18 2.23892 3.38991 2.23916 0.102372
19 2.30459 3.55584 2.30484 0.107163
20 2.36631 3.71961 2.36657 0.111768
21 2.42433 3.88126 2.42461 0.11619
22 2.47887 4.0408 2.47915 0.12043
23 2.53014 4.19827 2.53043 0.124492
24 2.57833 4.35369 2.57863 0.128378
25 2.62363 4.5071 2.62394 0.132092
26 2.66621 4.6585 2.66652 0.13564
27 2.70624 4.80794 2.70656 0.139027
28 2.74387 4.95544 2.74419 0.142257
29 2.77924 5.10102 2.77956 0.145335
30 2.81248 5.24471 2.81282 0.148268
31 2.84373 5.38652 2.84407 0.151058
32 2.87311 5.5265 2.87345 0.153714
33 2.90072 5.66466 2.90107 0.156237
34 2.92668 5.80101 2.92703 0.158635
35 2.95108 5.9356 2.95144 0.160912
36 2.97401 6.06844 2.97438 0.163075
37 2.99557 6.19955 2.99594 0.165128
38 3.01584 6.32896 3.01621 0.167074
39 3.03489 6.45668 3.03527 0.168919
40 3.05279 6.58274 3.05318 0.170668
41 3.06963 6.70717 3.07001 0.172326
42 3.08545 6.82997 3.08584 0.173895
43 3.10032 6.95118 3.10072 0.175381
44 3.1143 7.07082 3.1147 0.176788
45 3.12744 7.1889 3.12784 0.178118
46 3.1398 7.30544 3.1402 0.179378
47 3.15141 7.42047 3.15181 0.180568
48 3.16233 7.534 3.16273 0.181694
49 3.17259 7.64606 3.17299 0.182758
50 3.18223 7.75666 3.18263 0.183763
firstSpeed 0.3
1 0.3 0.315 0.300007 0.00612034
2 0.582 0.625905 0.581999 0.0131982
3 0.84708 0.932768 0.847069 0.0212776
4 1.09626 1.23564 1.09623 0.0300115
5 1.33048 1.53458 1.33045 0.0391589
6 1.55065 1.82963 1.55061 0.0485563
7 1.75761 2.12084 1.75756 0.0580775
8 1.95216 2.40827 1.9521 0.0676175
9 2.13503 2.69197 2.13496 0.0771006
10 2.30692 2.97197 2.30686 0.0864609
11 2.46851 3.24833 2.46844 0.0956638
12 2.6204 3.52111 2.62033 0.104673
13 2.76317 3.79033 2.7631 0.113462
14 2.89738 4.05606 2.89732 0.122011
15 3.02354 4.31833 3.02349 0.130302
16 3.14213 4.57719 3.14209 0.138326
17 3.2536 4.83269 3.25358 0.146079
18 3.35838 5.08486 3.35837 0.153557
19 3.45688 5.33376 3.45689 0.160752
20 3.54947 5.57942 3.54949 0.167664
21 3.6365 5.82189 3.63653 0.174302
22 3.71831 6.0612 3.71835 0.180666
23 3.79521 6.29741 3.79526 0.186761
24 3.8675 6.53054 3.86755 0.192592
25 3.93545 6.76064 3.93551 0.198165
26 3.99932 6.98776 3.99939 0.203488
27 4.05936 7.21191 4.05943 0.208567
28 4.1158 7.43316 4.11587 0.213411
29 4.16885 7.65153 4.16893 0.218029
30 4.21872 7.86706 4.2188 0.222427
31 4.2656 8.07979 4.26568 0.226615
32 4.30966 8.28975 4.30974 0.230597
33 4.35108 8.49698 4.35117 0.234385
34 4.39002 8.70152 4.39011 0.237983
35 4.42662 8.9034 4.42671 0.2414
36 4.46102 9.10266 4.46112 0.244644
37 4.49336 9.29932 4.49346 0.247723
38 4.52376 9.49343 4.52386 0.250644
39 4.55233 9.68502 4.55243 0.253412
40 4.57919 9.87411 4.57929 0.256037
41 4.60444 10.0607 4.60454 0.258523
42 4.62817 10.245 4.62827 0.260877
43 4.65048 10.4268 4.65058 0.263107
44 4.67145 10.6062 4.67155 0.265218
45 4.69117 10.7833 4.69127 0.267216
46 4.7097 10.9582 4.7098 0.269105
47 4.72712 11.1307 4.72722 0.270892
48 4.74349 11.301 4.74359 0.272583
49 4.75888 11.4691 4.75898 0.27418
50 4.77335 11.635 4.77345 0.275689
firstSpeed 0.4
1 0.4 0.42 0.399998 0.0081577
2 0.776 0.83454 0.775996 0.0175858
3 1.12944 1.24369 1.12943 0.0283588
4 1.46167 1.64752 1.46166 0.0400018
5 1.77397 2.04611 1.77396 0.0521925
6 2.06753 2.43951 2.06751 0.0647229
7 2.34348 2.82779 2.34344 0.0774096
8 2.60287 3.21103 2.60283 0.0901187
9 2.8467 3.58929 2.84665 0.102756
10 3.0759 3.96263 3.07584 0.115241
11 3.29135 4.33111 3.29127 0.127521
12 3.49386 4.69481 3.49377 0.13954
13 3.68423 5.05378 3.68413 0.151264
14 3.86318 5.40808 3.86306 0.162669
15 4.03139 5.75777 4.03125 0.173728
16 4.1895 6.10292 4.18936 0.184432
17 4.33813 6.44358 4.33798 0.194779
18 4.47785 6.77982 4.47769 0.204757
19 4.60918 7.11168 4.60902 0.214362
20 4.73263 7.43923 4.73246 0.223595
21 4.84867 7.76252 4.8485 0.232459
22 4.95775 8.0816 4.95758 0.24096
23 5.06028 8.39654 5.06012 0.2491
24 5.15667 8.70739 5.15651 0.256889
25 5.24727 9.01419 5.24711 0.264336
26 5.33243 9.31701 5.33228 0.271445
27 5.41248 9.61589 5.41234 0.278231
28 5.48773 9.91088 5.4876 0.284702
29 5.55847 10.202 5.55834 0.290868
30 5.62496 10.4894 5.62483 0.296742
31 5.68746 10.773 5.68734 0.302331
32 5.74622 11.053 5.74609 0.307647
33 5.80144 11.3293 5.80132 0.3127
34 5.85336 11.602 5.85324 0.317501
35 5.90216 11.8712 5.90203 0.32206
36 5.94803 12.1369 5.94791 0.326388
37 5.99114 12.3991 5.99102 0.330496
38 6.03168 12.6579 6.03155 0.334392
39 6.06978 12.9134 6.06965 0.338084
40 6.10559 13.1655 6.10547 0.341584
41 6.13925 13.4143 6.13913 0.3449
42 6.1709 13.6599 6.17077 0.348042
43 6.20064 13.9024 6.20052 0.351018
44 6.22861 14.1416 6.22848 0.353835
45 6.25489 14.3778 6.25476 0.3565
46 6.2796 14.6109 6.27946 0.359021
47 6.30282 14.8409 6.30269 0.361407
48 6.32465 15.068 6.32451 0.363664
49 6.34517 15.2921 6.34503 0.365797
50 6.36446 15.5133 6.36432 0.367814
firstSpeed 0.5
1 0.5 0.525 0.500005 0.0102074
2 0.97 1.04318 0.970006 0.0220207
3 1.4118 1.55461 1.41181 0.0355104
4 1.82709 2.0594 1.82712 0.0500715
5 2.21747 2.55763 2.21749 0.0653207
6 2.58442 3.04938 2.58445 0.0809773
7 2.92935 3.53474 2.92939 0.0968277
8 3.25359 4.01379 3.25362 0.1127
9 3.55838 4.48661 3.5584 0.128478
10 3.84487 4.95328 3.84489 0.144073
11 4.11418 5.41389 4.11419 0.159401
12 4.36733 5.86851 4.36734 0.174409
13 4.60529 6.31722 4.60529 0.189055
14 4.82897 6.7601 4.82897 0.2033
15 5.03924 7.19721 5.03923 0.21712
16 5.23688 7.62865 5.23688 0.23049
17 5.42267 8.05448 5.42266 0.243406
18 5.59731 8.47477 5.5973 0.255856
19 5.76147 8.8896 5.76145 0.267838
20 5.91578 9.29903 5.91576 0.279359
21 6.06083 9.70315 6.06081 0.29042
22 6.19718 10.102 6.19717 0.301025
23 6.32535 10.4957 6.32534 0.311182
24 6.44583 10.8842 6.44581 0.320905
25 6.55908 11.2677 6.55906 0.330199
26 6.66554 11.6463 6.66551 0.339074
27 6.76561 12.0199 6.76557 0.347545
28 6.85967 12.3886 6.85963 0.355621
29 6.94809 12.7525 6.94804 0.363319
30 7.0312 13.1118 7.03115 0.370653
31 7.10933 13.4663 7.10926 0.377634
32 7.18277 13.8162 7.18269 0.384271
33 7.2518 14.1616 7.25172 0.390581
34 7.3167 14.5025 7.3166 0.396576
35 7.37769 14.839 7.37759 0.40227
36 7.43503 15.1711 7.43493 0.407675
37 7.48893 15.4989 7.48882 0.412803
38 7.5396 15.8224 7.53948 0.417664
39 7.58722 16.1417 7.58709 0.422275
40 7.63199 16.4569 7.63186 0.426647
41 7.67407 16.7679 7.67394 0.430788
42 7.71362 17.0749 7.71349 0.434712
43 7.75081 17.378 7.75067 0.438427
44 7.78576 17.677 7.78562 0.441945
45 7.81861 17.9722 7.81847 0.445274
46 7.8495 18.2636 7.84935 0.448424
47 7.87853 18.5512 7.87838 0.451404
48 7.90581 18.835 7.90567 0.454222
49 7.93147 19.1152 7.93131 0.456885
50 7.95558 19.3917 7.95542 0.459402
firstSpeed 0.6
1 0.6 0.63 0.600008 0.0122472
2 1.164 1.25181 1.16402 0.0263915
3 1.69416 1.86554 1.6942 0.0425555
4 2.19251 2.47128 2.19258 0.0600313
5 2.66096 3.06916 2.66105 0.0783358
6 3.1013 3.65926 3.10143 0.0971347
7 3.51522 4.24169 3.51538 0.116167
8 3.90431 4.81655 3.90448 0.135232
9 4.27005 5.38393 4.27023 0.154184
10 4.61385 5.94394 4.61404 0.172909
11 4.93702 6.49667 4.93723 0.191302
12 5.2408 7.04221 5.24102 0.209314
13 5.52635 7.58066 5.52659 0.226889
14 5.79477 8.11211 5.79502 0.24399
15 6.04708 8.63666 6.04736 0.260586
16 6.28426 9.15438 6.28455 0.276653
17 6.5072 9.66537 6.5075 0.292173
18 6.71677 10.1697 6.71707 0.30713
19 6.91376 10.6675 6.91407 0.321527
20 7.09894 11.1588 7.09925 0.335368
21 7.273 11.6438 7.27333 0.348651
22 7.43662 12.1224 7.43695 0.361386
23 7.59042 12.5948 7.59077 0.373578
24 7.735 13.0611 7.73536 0.385243
25 7.8709 13.5213 7.87127 0.396391
26 7.99864 13.9755 7.99902 0.407037
27 8.11873 14.4238 8.11912 0.417195
28 8.2316 14.8663 8.23201 0.426882
29 8.33771 15.3031 8.33813 0.436109
30 8.43744 15.7341 8.43788 0.444895
31 8.5312 16.1596 8.53164 0.453258
32 8.61933 16.5795 8.61978 0.461215
33 8.70217 16.994 8.70263 0.468778
34 8.78004 17.403 8.78051 0.475964
35 8.85323 17.8068 8.85371 0.482791
36 8.92204 18.2053 8.92252 0.489272
37 8.98672 18.5986 8.98721 0.495421
38 9.04751 18.9869 9.04801 0.501257
39 9.10466 19.37 9.10517 0.50679
40 9.15838 19.7482 9.15889 0.512035
41 9.20888 20.1215 9.2094 0.517006
42 9.25635 20.4899 9.25687 0.521713
43 9.30097 20.8536 9.30149 0.52617
44 9.34291 21.2125 9.34344 0.530388
45 9.38233 21.5667 9.38287 0.534381
46 9.41939 21.9163 9.41994 0.538159
47 9.45423 22.2614 9.45478 0.541734
48 9.48698 22.602 9.48753 0.545115
49 9.51776 22.9382 9.51832 0.54831
50 9.54669 23.27 9.54726 0.55133
firstSpeed 0.7
1 0.7 0.735 0.700014 0.0142919
2 1.358 1.46045 1.35803 0.0308138
3 1.97652 2.17646 1.97657 0.0496804
4 2.55793 2.88317 2.558 0.0700756
5 3.10445 3.58068 3.10455 0.0914222
6 3.61819 4.26914 3.61832 0.113353
7 4.10109 4.94864 4.10127 0.135559
8 4.55503 5.6193 4.55524 0.157809
9 4.98173 6.28125 4.98198 0.179916
10 5.38282 6.9346 5.38311 0.201761
11 5.75985 7.57945 5.76017 0.223234
12 6.11426 8.21591 6.11461 0.244251
13 6.44741 8.84411 6.44779 0.264762
14 6.76056 9.46413 6.76098 0.284704
15 7.05493 10.0761 7.05538 0.304053
16 7.33163 10.6801 7.33212 0.32278
17 7.59174 11.2763 7.59225 0.340861
18 7.83623 11.8647 7.83677 0.358283
19 8.06606 12.4454 8.06661 0.375039
20 8.28209 13.0186 8.28265 0.391147
21 8.48517 13.5844 8.48573 0.406615
22 8.67606 14.1428 8.67663 0.421449
23 8.85549 14.694 8.85607 0.435654
24 9.02416 15.2379 9.02474 0.449251
25 9.18272 15.7748 9.18329 0.462253
26 9.33175 16.3048 9.33233 0.474668
27 9.47185 16.8278 9.47242 0.486519
28 9.60354 17.344 9.60411 0.497812
29 9.72732 17.8536 9.72789 0.508579
30 9.84368 18.3565 9.84425 0.518833
31 9.95306 18.8528 9.95362 0.528595
32 10.0559 19.3427 10.0564 0.537883
33 10.1525 19.8263 10.1531 0.546708
34 10.2434 20.3036 10.2439 0.555092
35 10.3288 20.7746 10.3293 0.563057
36 10.409 21.2395 10.4096 0.570621
37 10.4845 21.6984 10.485 0.577797
38 10.5554 22.1513 10.5559 0.584606
39 10.6221 22.5984 10.6226 0.591061
40 10.6848 23.0396 10.6853 0.597179
41 10.7437 23.4751 10.7442 0.602976
42 10.7991 23.9049 10.7996 0.608465
43 10.8511 24.3291 10.8516 0.613662
44 10.9001 24.7479 10.9005 0.618582
45 10.9461 25.1611 10.9465 0.623237
46 10.9893 25.569 10.9898 0.627642
47 11.0299 25.9716 11.0304 0.631806
48 11.0681 26.369 11.0686 0.635744
49 11.1041 26.7612 11.1045 0.639466
50 11.1378 27.1483 11.1383 0.642985
firstSpeed 0.8
1 0.8 0.84 0.799997 0.0163202
2 1.552 1.66908 1.55198 0.0351797
3 2.25888 2.48738 2.25887 0.0567339
4 2.92335 3.29505 2.92335 0.080022
5 3.54795 4.09221 3.54795 0.104418
6 4.13507 4.87901 4.13507 0.129479
7 4.68697 5.65558 4.68696 0.154864
8 5.20575 6.42206 5.20573 0.180301
9 5.6934 7.17858 5.69338 0.2056
10 6.1518 7.92525 6.15177 0.230612
11 6.58269 8.66223 6.58264 0.255194
12 6.98773 9.38962 6.98765 0.279253
13 7.36847 10.1076 7.36836 0.302713
14 7.72636 10.8162 7.72622 0.325538
15 8.06278 11.5155 8.06261 0.347679
16 8.37901 12.2058 8.37882 0.369094
17 8.67627 12.8872 8.67604 0.389771
18 8.95569 13.5596 8.95543 0.409711
19 9.21835 14.2234 9.21806 0.428907
20 9.46525 14.8785 9.46492 0.447347
21 9.69734 15.525 9.69699 0.465052
22 9.9155 16.1632 9.91512 0.482024
23 10.1206 16.7931 10.1202 0.498276
24 10.3133 17.4148 10.3129 0.513828
25 10.4945 18.0284 10.4941 0.528697
26 10.6649 18.634 10.6644 0.542898
27 10.825 19.2318 10.8245 0.556445
28 10.9755 19.8218 10.975 0.569364
29 11.1169 20.4041 11.1164 0.581674
30 11.2499 20.9788 11.2494 0.593397
31 11.3749 21.5461 11.3744 0.604557
32 11.4924 22.106 11.4918 0.615176
33 11.6029 22.6586 11.6023 0.625271
34 11.7067 23.2041 11.7061 0.634863
35 11.8043 23.7424 11.8037 0.643979
36 11.8961 24.2738 11.8954 0.652631
37 11.9823 24.7982 11.9816 0.66084
38 12.0634 25.3158 12.0626 0.668629
39 12.1396 25.8267 12.1388 0.676017
40 12.2112 26.331 12.2104 0.683016
41 12.2785 26.8287 12.2778 0.689649
42 12.3418 27.3199 12.341 0.695931
43 12.4013 27.8047 12.4005 0.70188
44 12.4572 28.2833 12.4564 0.707512
45 12.5098 28.7556 12.509 0.712841
46 12.5592 29.2218 12.5584 0.717884
47 12.6056 29.6819 12.6048 0.722654
48 12.6493 30.136 12.6485 0.727164
49 12.6903 30.5843 12.6895 0.731427
50 12.7289 31.0267 12.7281 0.735456
firstSpeed 0.9
1 0.9 0.945 0.899983 0.01838
2 1.746 1.87772 1.74597 0.039612
3 2.54124 2.7983 2.54123 0.06386
4 3.28877 3.70693 3.28877 0.0900766
5 3.99144 4.60374 3.99144 0.11751
6 4.65195 5.48889 4.65197 0.145679
7 5.27284 6.36253 5.27285 0.174205
8 5.85647 7.22482 5.85646 0.202754
9 6.40508 8.0759 6.40506 0.231133
10 6.92077 8.91591 6.92075 0.259178
11 7.40553 9.745 7.4055 0.28674
12 7.8612 10.5633 7.86118 0.31372
13 8.28952 11.371 8.28952 0.340048
14 8.69215 12.1682 8.69215 0.365655
15 9.07062 12.955 9.07063 0.390505
16 9.42639 13.7316 9.4264 0.414564
17 9.7608 14.4981 9.76082 0.43782
18 10.0752 15.2546 10.0752 0.460235
19 10.3706 16.0013 10.3707 0.481817
20 10.6484 16.7383 10.6484 0.502562
21 10.9095 17.4657 10.9095 0.522474
22 11.1549 18.1836 11.1549 0.541572
23 11.3856 18.8922 11.3856 0.559859
24 11.6025 19.5916 11.6025 0.577353
25 11.8063 20.2819 11.8064 0.59408
26 11.998 20.9633 11.998 0.610054
27 12.1781 21.6357 12.1781 0.625304
28 12.3474 22.2995 12.3474 0.639844
29 12.5066 22.9546 12.5066 0.653699
30 12.6562 23.6012 12.6562 0.666897
31 12.7968 24.2394 12.7968 0.67946
32 12.929 24.8692 12.929 0.691405
33 13.0532 25.4909 13.0533 0.702763
34 13.1701 26.1046 13.1701 0.71355
35 13.2799 26.7102 13.2799 0.723791
36 13.3831 27.308 13.3831 0.733514
37 13.4801 27.898 13.4801 0.742741
38 13.5713 28.4803 13.5713 0.751496
39 13.657 29.0551 13.6571 0.759798
40 13.7376 29.6223 13.7377 0.767671
41 13.8133 30.1822 13.8134 0.775129
42 13.8845 30.7349 13.8846 0.782195
43 13.9515 31.2803 13.9515 0.788888
44 14.0144 31.8187 14.0145 0.795225
45 14.0735 32.35 14.0736 0.801221
46 14.1291 32.8745 14.1292 0.806896
47 14.1813 33.3921 14.1814 0.812263
48 14.2305 33.903 14.2306 0.817339
49 14.2766 34.4073 14.2767 0.822137
50 14.32 34.905 14.3201 0.826671
firstSpeed 1
1 1 1.05 0.999986 0.0204175
2 1.94 2.08635 1.93995 0.0440209
3 2.8236 3.10923 2.8235 0.0710193
4 3.65418 4.11881 3.65406 0.100197
5 4.43493 5.11526 4.43479 0.130714
6 5.16884 6.09876 5.16867 0.162031
7 5.85871 7.06948 5.85853 0.193721
8 6.50718 8.02758 6.50696 0.225494
9 7.11675 8.97322 7.11651 0.257094
10 7.68975 9.90657 7.68949 0.28831
11 8.22836 10.8278 8.2281 0.318978
12 8.73466 11.737 8.73439 0.348974
13 9.21058 12.6344 9.21032 0.378234
14 9.65795 13.5202 9.6577 0.406672
15 10.0785 14.3944 10.0782 0.434258
16 10.4738 15.2573 10.4735 0.460959
17 10.8453 16.109 10.8451 0.486746
18 11.1946 16.9495 11.1944 0.511601
19 11.5229 17.7792 11.5227 0.535532
20 11.8316 18.5981 11.8313 0.558533
21 12.1217 19.4063 12.1214 0.580613
22 12.3944 20.204 12.3941 0.601774
23 12.6507 20.9914 12.6505 0.62204
24 12.8917 21.7685 12.8914 0.641429
25 13.1182 22.5355 13.1179 0.659961
26 13.3311 23.2925 13.3308 0.677665
27 13.5312 24.0397 13.531 0.694562
28 13.7193 24.7772 13.7191 0.710674
29 13.8962 25.5051 13.8959 0.726031
30 14.0624 26.2235 14.0621 0.740659
31 14.2187 26.9326 14.2184 0.754583
32 14.3655 27.6325 14.3653 0.76783
33 14.5036 28.3233 14.5033 0.780427
34 14.6334 29.0051 14.6331 0.792395
35 14.7554 29.678 14.7551 0.803766
36 14.8701 30.3422 14.8698 0.814565
37 14.9779 30.9977 14.9776 0.824807
38 15.0792 31.6448 15.0789 0.834525
39 15.1744 32.2834 15.1742 0.843736
40 15.264 32.9137 15.2637 0.852466
41 15.3481 33.5358 15.3479 0.860738
42 15.4272 34.1499 15.427 0.868571
43 15.5016 34.7559 15.5014 0.875984
44 15.5715 35.3541 15.5713 0.883003
45 15.6372 35.9445 15.637 0.889646
46 15.699 36.5272 15.6988 0.895928
47 15.7571 37.1024 15.7568 0.901871
48 15.8116 37.67 15.8114 0.907489
49 15.8629 38.2303 15.8627 0.912799
50 15.9112 38.7833 15.9109 0.917818
firstSpeed 1.1
1 1.1 1.155 1.09998 0.0224554
2 2.134 2.29499 2.13398 0.0484345
3 3.10596 3.42015 3.10593 0.0780733
4 4.0196 4.53069 4.01962 0.110079
5 4.87843 5.62679 4.8785 0.143602
6 5.68572 6.70864 5.68588 0.178033
7 6.44458 7.77643 6.44482 0.212891
8 7.1579 8.83034 7.15823 0.247838
9 7.82843 9.87054 7.82885 0.28259
10 8.45872 10.8972 8.45923 0.31695
11 9.0512 11.9106 9.05179 0.350723
12 9.60813 12.9107 9.6088 0.383781
13 10.1316 13.8979 10.1324 0.416013
14 10.6237 14.8722 10.6246 0.447349
15 11.0863 15.8339 11.0872 0.477766
16 11.5211 16.783 11.5221 0.50721
17 11.9299 17.7199 11.931 0.535654
18 12.3141 18.6445 12.3153 0.563074
19 12.6752 19.5571 12.6765 0.589466
20 13.0147 20.4579 13.0161 0.614837
21 13.3338 21.3469 13.3352 0.639196
22 13.6338 22.2244 13.6353 0.662554
23 13.9158 23.0905 13.9173 0.684918
24 14.1808 23.9453 14.1824 0.706314
25 14.43 24.789 14.4317 0.72677
26 14.6642 25.6218 14.6659 0.746304
27 14.8843 26.4437 14.8861 0.764951
28 15.0913 27.2549 15.0931 0.782735
29 15.2858 28.0556 15.2877 0.799689
30 15.4686 28.8459 15.4706 0.815836
31 15.6405 29.6259 15.6426 0.831209
32 15.8021 30.3957 15.8042 0.845825
33 15.954 31.1556 15.9561 0.859722
34 16.0967 31.9056 16.0989 0.872924
35 16.2309 32.6458 16.2331 0.885465
36 16.3571 33.3764 16.3593 0.89737
37 16.4756 34.0975 16.4779 0.908668
38 16.5871 34.8093 16.5894 0.919385
39 16.6919 35.5117 16.6942 0.929547
40 16.7904 36.2051 16.7927 0.939181
41 16.8829 36.8894 16.8853 0.94831
42 16.97 37.5649 16.9724 0.956957
43 17.0518 38.2315 17.0542 0.965147
44 17.1287 38.8895 17.1311 0.9729
45 17.2009 39.5389 17.2035 0.98024
46 17.2689 40.1799 17.2714 0.987184
47 17.3328 40.8126 17.3353 0.993754
48 17.3928 41.437 17.3954 0.999964
49 17.4492 42.0533 17.4518 1.00583
50 17.5023 42.6617 17.5049 1.01138
firstSpeed 1.2
1 1.2 1.26 1.20005 0.0244709
2 2.328 2.50362 2.32807 0.0528022
3 3.38832 3.73107 3.38842 0.0851407
4 4.38502 4.94257 4.38516 0.12009
5 5.32192 6.13832 5.32207 0.156699
6 6.2026 7.31852 6.2028 0.194311
7 7.03045 8.48338 7.03067 0.232365
8 7.80862 9.63309 7.80888 0.270507
9 8.5401 10.7679 8.54039 0.308425
10 9.2277 11.8879 9.22801 0.345872
11 9.87404 12.9933 9.8744 0.382693
12 10.4816 14.0844 10.482 0.418723
13 11.0527 15.1613 11.0531 0.45387
14 11.5895 16.2242 11.59 0.488046
15 12.0942 17.2733 12.0947 0.521176
16 12.5685 18.3088 12.5691 0.553247
17 13.0144 19.3307 13.015 0.584224
18 13.4335 20.3394 13.4342 0.614093
19 13.8275 21.335 13.8283 0.64283
20 14.1979 22.3177 14.1986 0.670444
21 14.546 23.2876 14.5468 0.696951
22 14.8732 24.2448 14.8741 0.722363
23 15.1808 25.1896 15.1817 0.746703
24 15.47 26.1222 15.4709 0.769993
25 15.7418 27.0426 15.7427 0.792257
26 15.9973 27.951 15.9982 0.813527
27 16.2375 28.8477 16.2384 0.83382
28 16.4632 29.7326 16.4641 0.853172
29 16.6754 30.6061 16.6763 0.871617
30 16.8749 31.4682 16.8758 0.889185
31 17.0624 32.3191 17.0633 0.905905
32 17.2387 33.159 17.2395 0.921811
33 17.4043 33.9879 17.4052 0.936933
34 17.5601 34.8061 17.561 0.95131
35 17.7065 35.6136 17.7074 0.964964
36 17.8441 36.4106 17.845 0.977933
37 17.9734 37.1973 17.9743 0.99024
38 18.095 37.9737 18.096 1.00192
39 18.2093 38.7401 18.2103 1.01299
40 18.3168 39.4965 18.3177 1.02349
41 18.4178 40.243 18.4187 1.03343
42 18.5127 40.9798 18.5137 1.04285
43 18.6019 41.7071 18.6029 1.05177
44 18.6858 42.4249 18.6868 1.06022
45 18.7647 43.1334 18.7657 1.06821
46 18.8388 43.8327 18.8398 1.07577
47 18.9085 44.5228 18.9095 1.08293
48 18.974 45.204 18.975 1.08969
49 19.0355 45.8764 19.0366 1.09609
50 19.0934 46.54 19.0945 1.10213
firstSpeed 1.3
1 1.3 1.365 1.30003 0.0265229
2 2.522 2.71226 2.52206 0.0572027
3 3.67068 4.042 3.67077 0.0922169
4 4.75044 5.35445 4.75057 0.130087
5 5.76541 6.64984 5.76558 0.169766
6 6.71949 7.92839 6.71967 0.210459
7 7.61632 9.19032 7.61653 0.251705
8 8.45934 10.4359 8.4596 0.293014
9 9.25178 11.6652 9.2521 0.334074
10 9.99667 12.8785 9.99705 0.374648
11 10.6969 14.0761 10.6973 0.414506
12 11.3551 15.2581 11.3556 0.453515
13 11.9738 16.4248 11.9743 0.491546
14 12.5553 17.5762 12.5559 0.528519
15 13.102 18.7128 13.1027 0.564388
16 13.6159 19.8345 13.6166 0.599113
17 14.0989 20.9416 14.0997 0.632654
18 14.553 22.0344 14.5538 0.664989
19 14.9798 23.113 14.9806 0.696112
20 15.381 24.1775 15.3818 0.726027
21 15.7582 25.2282 15.759 0.754732
22 16.1127 26.2652 16.1135 0.782249
23 16.4459 27.2888 16.4468 0.808587
24 16.7592 28.299 16.7601 0.833791
25 17.0536 29.2961 17.0546 0.857883
26 17.3304 30.2803 17.3314 0.880908
27 17.5906 31.2516 17.5916 0.902876
28 17.8351 32.2104 17.8362 0.923836
29 18.065 33.1566 18.0661 0.943815
30 18.2811 34.0906 18.2822 0.962842
31 18.4843 35.0124 18.4853 0.98096
32 18.6752 35.9222 18.6763 0.998195
33 18.8547 36.8203 18.8558 1.01458
34 19.0234 37.7066 19.0245 1.03015
35 19.182 38.5814 19.1831 1.04494
36 19.3311 39.4449 19.3322 1.05898
37 19.4712 40.2971 19.4724 1.0723
38 19.6029 41.1382 19.6041 1.08494
39 19.7268 41.9684 19.728 1.09693
40 19.8432 42.7878 19.8444 1.10829
41 19.9526 43.5966 19.9538 1.11906
42 20.0554 44.3948 20.0567 1.12925
43 20.1521 45.1827 20.1534 1.1389
44 20.243 45.9603 20.2443 1.14804
45 20.3284 46.7278 20.3297 1.15668
46 20.4087 47.4854 20.41 1.16487
47 20.4842 48.2331 20.4855 1.17261
48 20.5551 48.971 20.5565 1.17993
49 20.6218 49.6994 20.6232 1.18685
50 20.6845 50.4183 20.6859 1.19339
firstSpeed 1.4
1 1.4 1.47 1.4 0.0285653
2 2.716 2.92089 2.71601 0.0615799
3 3.95304 4.35292 3.95305 0.0993461
4 5.11586 5.76633 5.11585 0.140183
5 6.20891 7.16137 6.20883 0.182954
6 7.23637 8.53827 7.23622 0.226873
7 8.20219 9.89727 8.20196 0.27134
8 9.11006 11.2386 9.10974 0.315887
9 9.96345 12.5625 9.96303 0.360147
10 10.7656 13.8692 10.7651 0.403876
11 11.5197 15.1589 11.5191 0.446866
12 12.2285 16.4318 12.2279 0.488936
13 12.8948 17.6882 12.8941 0.529974
14 13.5211 18.9283 13.5203 0.569876
15 14.1099 20.1522 14.109 0.608571
16 14.6633 21.3602 14.6624 0.646026
17 15.1835 22.5525 15.1825 0.682188
18 15.6725 23.7294 15.6715 0.71707
19 16.1321 24.8909 16.1311 0.750641
20 16.5642 26.0373 16.5632 0.782907
21 16.9703 27.1688 16.9693 0.813891
22 17.3521 28.2856 17.3511 0.843594
23 17.711 29.3879 17.71 0.87204
24 18.0483 30.4759 18.0473 0.899254
25 18.3654 31.5497 18.3644 0.925284
26 18.6635 32.6095 18.6624 0.950142
27 18.9437 33.6556 18.9426 0.973866
28 19.2071 34.6881 19.206 0.996501
29 19.4546 35.7071 19.4536 1.01807
30 19.6874 36.7129 19.6863 1.03861
31 19.9061 37.7057 19.9051 1.05815
32 20.1118 38.6855 20.1107 1.07675
33 20.3051 39.6526 20.304 1.09442
34 20.4868 40.6071 20.4857 1.11122
35 20.6575 41.5492 20.6564 1.12718
36 20.8181 42.4791 20.817 1.14233
37 20.969 43.3968 20.9679 1.1567
38 21.1109 44.3027 21.1097 1.17033
39 21.2442 45.1968 21.2431 1.18326
40 21.3696 46.0792 21.3684 1.19551
41 21.4874 46.9502 21.4862 1.20711
42 21.5981 47.8098 21.597 1.21811
43 21.7023 48.6583 21.7011 1.22852
44 21.8001 49.4957 21.7989 1.23838
45 21.8921 50.3223 21.8909 1.2477
46 21.9786 51.1381 21.9774 1.25653
47 22.0599 51.9433 22.0587 1.26489
48 22.1363 52.738 22.1351 1.27278
49 22.2081 53.5224 22.2069 1.28024
50 22.2756 54.2966 22.2744 1.2873
firstSpeed 1.5
1 1.5 1.575 1.50001 0.0306274
2 2.91 3.12953 2.90997 0.0660074
3 4.2354 4.66384 4.23533 0.106412
4 5.48128 6.17821 5.4812 0.150096
5 6.6524 7.67289 6.65235 0.19588
6 7.75326 9.14815 7.75323 0.242902
7 8.78806 10.6042 8.78807 0.29051
8 9.76078 12.0414 9.76082 0.338198
9 10.6751 13.4598 10.6752 0.385599
10 11.5346 14.8599 11.5347 0.432443
11 12.3425 16.2417 12.3426 0.478467
12 13.102 17.6055 13.1021 0.523541
13 13.8159 18.9517 13.816 0.567512
14 14.4869 20.2803 14.487 0.610281
15 15.1177 21.5916 15.1178 0.651757
16 15.7106 22.886 15.7107 0.691885
17 16.268 24.1634 16.268 0.73064
18 16.7919 25.4243 16.792 0.768006
19 17.2844 26.6688 17.2844 0.803967
20 17.7473 27.8971 17.7473 0.838533
21 18.1825 29.1094 18.1825 0.871732
22 18.5916 30.306 18.5915 0.903572
23 18.9761 31.487 18.976 0.934074
24 19.3375 32.6527 19.3374 0.963264
25 19.6772 33.8032 19.6771 0.991162
26 19.9966 34.9388 19.9965 1.0178
27 20.2968 36.0596 20.2967 1.04324
28 20.579 37.1658 20.5788 1.06748
29 20.8443 38.2576 20.8441 1.09058
30 21.0936 39.3353 21.0934 1.11257
31 21.328 40.3989 21.3278 1.1335
32 21.5483 41.4487 21.5481 1.15341
33 21.7554 42.4849 21.7552 1.17232
34 21.9501 43.5076 21.9499 1.1903
35 22.1331 44.517 22.1328 1.20737
36 22.3051 45.5133 22.3048 1.22358
37 22.4668 46.4966 22.4665 1.23896
38 22.6188 47.4672 22.6185 1.25355
39 22.7617 48.4251 22.7614 1.26739
40 22.896 49.3706 22.8957 1.28049
41 23.0222 50.3037 23.0219 1.29291
42 23.1409 51.2248 23.1405 1.30467
43 23.2524 52.1339 23.2521 1.31582
44 23.3573 53.0311 23.3569 1.32637
45 23.4558 53.9167 23.4555 1.33635
46 23.5485 54.7908 23.5481 1.3458
47 23.6356 55.6535 23.6352 1.35473
48 23.7174 56.505 23.7171 1.36319
49 23.7944 57.3455 23.794 1.37118
50 23.8667 58.175 23.8663 1.37873
firstSpeed 1.6
1 1.6 1.68 1.59999 0.0326268
2 3.104 3.33816 3.10401 0.0703681
3 4.51776 4.97476 4.51777 0.113573
4 5.84669 6.59009 5.84671 0.16026
5 7.09589 8.18442 7.09587 0.209137
6 8.27014 9.75802 8.27006 0.259331
7 9.37393 11.3112 9.37378 0.310145
8 10.4115 12.8441 10.4113 0.361064
9 11.3868 14.3572 11.3864 0.411663
10 12.3036 15.8505 12.3031 0.461644
11 13.1654 17.3245 13.1648 0.510774
12 13.9755 18.7792 13.9748 0.558862
13 14.7369 20.2151 14.7362 0.605763
14 15.4527 21.6323 15.4519 0.651383
15 16.1256 23.0311 16.1247 0.695643
16 16.758 24.4117 16.7571 0.73847
17 17.3525 25.7743 17.3516 0.779818
18 17.9114 27.1193 17.9104 0.819655
19 18.4367 28.4467 18.4357 0.858004
20 18.9305 29.7569 18.9294 0.894872
21 19.3947 31.0501 19.3936 0.930268
22 19.831 32.3264 19.8299 0.96421
23 20.2411 33.5862 20.2399 0.996703
24 20.6267 34.8296 20.6254 1.02778
25 20.9891 36.0568 20.9878 1.05747
26 21.3297 37.268 21.3284 1.08583
27 21.6499 38.4635 21.6485 1.11289
28 21.9509 39.6435 21.9495 1.1387
29 22.2339 40.8082 22.2323 1.1633
30 22.4999 41.9576 22.4983 1.18674
31 22.7499 43.0922 22.7482 1.20904
32 22.9849 44.212 22.9832 1.23027
33 23.2058 45.3172 23.2041 1.25045
34 23.4134 46.4081 23.4117 1.26962
35 23.6086 47.4848 23.6068 1.28782
36 23.7921 48.5475 23.7903 1.3051
37 23.9646 49.5964 23.9627 1.3215
38 24.1267 50.6316 24.1248 1.33705
39 24.2791 51.6534 24.2772 1.35181
40 24.4224 52.6619 24.4205 1.36579
41 24.557 53.6573 24.5551 1.37904
42 24.6836 54.6398 24.6817 1.39159
43 24.8026 55.6095 24.8006 1.40348
44 24.9144 56.5665 24.9125 1.41473
45 25.0196 57.5112 25.0176 1.42538
46 25.1184 58.4435 25.1164 1.43545
47 25.2113 59.3638 25.2093 1.44498
48 25.2986 60.272 25.2966 1.454
49 25.3807 61.1685 25.3787 1.46252
50 25.4578 62.0533 25.4559 1.47057
firstSpeed 1.7
1 1.7 1.785 1.70002 0.0346962
2 3.298 3.5468 3.29802 0.0747846
3 4.80012 5.28569 4.80016 0.12055
4 6.21211 7.00197 6.21216 0.170049
5 7.53939 8.69595 7.53949 0.221915
6 8.78702 10.3679 8.78716 0.275132
7 9.9598 12.0181 9.95999 0.328995
8 11.0622 13.6469 11.0624 0.382948
9 12.0985 15.2545 12.0987 0.436589
10 13.0726 16.8412 13.0729 0.48962
11 13.9882 18.4072 13.9886 0.541778
12 14.8489 19.9529 14.8493 0.592872
13 15.658 21.4785 15.6585 0.642696
14 16.4185 22.9843 16.419 0.691149
15 17.1334 24.4705 17.1339 0.738124
16 17.8054 25.9374 17.806 0.783598
17 18.4371 27.3852 18.4377 0.827511
18 19.0308 28.8142 19.0315 0.869874
19 19.589 30.2246 19.5896 0.910662
20 20.1137 31.6167 20.1143 0.949866
21 20.6068 32.9907 20.6075 0.987507
22 21.0704 34.3468 21.0711 1.0236
23 21.5062 35.6853 21.5069 1.05817
24 21.9158 37.0064 21.9165 1.09124
25 22.3009 38.3103 22.3015 1.12287
26 22.6628 39.5973 22.6635 1.15308
27 23.0031 40.8675 23.0037 1.18191
28 23.3229 42.1212 23.3235 1.20941
29 23.6235 43.3587 23.6242 1.23562
30 23.9061 44.58 23.9068 1.26058
31 24.1717 45.7855 24.1724 1.28433
32 24.4214 46.9752 24.4221 1.30691
33 24.6561 48.1496 24.6569 1.32838
34 24.8768 49.3086 24.8775 1.34878
35 25.0842 50.4526 25.0849 1.36816
36 25.2791 51.5817 25.2799 1.38655
37 25.4624 52.6962 25.4631 1.40401
38 25.6346 53.7961 25.6354 1.42057
39 25.7965 54.8818 25.7974 1.43627
40 25.9488 55.9533 25.9496 1.45115
41 26.0918 57.0109 26.0927 1.46525
42 26.2263 58.0548 26.2272 1.47861
43 26.3527 59.0851 26.3536 1.49125
44 26.4716 60.102 26.4724 1.50323
45 26.5833 61.1056 26.5842 1.51456
46 26.6883 62.0963 26.6892 1.52527
47 26.787 63.074 26.7879 1.53541
48 26.8798 64.039 26.8807 1.54499
49 26.967 64.9915 26.9679 1.55404
50 27.049 65.9316 27.0499 1.5626
firstSpeed 1.8
1 1.8 1.89 1.8 0.0367554
2 3.492 3.75543 3.492 0.0793024
3 5.08248 5.59661 5.08246 0.127894
4 6.57753 7.41385 6.57752 0.180444
5 7.98288 9.20747 7.98287 0.235493
6 9.30391 10.9778 9.30388 0.292017
7 10.5457 12.7251 10.5456 0.349261
8 11.7129 14.4496 11.7129 0.406604
9 12.8102 16.1518 12.8102 0.463592
10 13.8415 17.8318 13.8416 0.519866
11 14.8111 19.49 14.8111 0.575174
12 15.7224 21.1266 15.7225 0.629322
13 16.579 22.742 16.5791 0.682149
14 17.3843 24.3363 17.3844 0.733517
15 18.1412 25.91 18.1414 0.783349
16 18.8528 27.4631 18.8529 0.831569
17 19.5216 28.9961 19.5218 0.878135
18 20.1503 30.5092 20.1505 0.923026
19 20.7413 32.0026 20.7415 0.966236
20 21.2968 33.4765 21.297 1.00777
21 21.819 34.9313 21.8192 1.04765
22 22.3099 36.3672 22.3101 1.08589
23 22.7713 37.7844 22.7715 1.12249
24 23.205 39.1832 23.2052 1.15752
25 23.6127 40.5639 23.6129 1.191
26 23.9959 41.9265 23.9961 1.22296
27 24.3562 43.2715 24.3564 1.25344
28 24.6948 44.599 24.695 1.28249
29 25.0131 45.9092 25.0133 1.31018
30 25.3123 47.2024 25.3126 1.33655
31 25.5936 48.4787 25.5938 1.36165
32 25.858 49.7385 25.8582 1.38552
33 26.1065 50.9819 26.1067 1.40821
34 26.3401 52.2091 26.3403 1.42977
35 26.5597 53.4204 26.5599 1.45025
36 26.7661 54.616 26.7663 1.4697
37 26.9602 55.7959 26.9604 1.48816
38 27.1425 56.9606 27.1428 1.50567
39 27.314 58.1101 27.3142 1.52228
40 27.4752 59.2447 27.4754 1.53801
41 27.6266 60.3645 27.6269 1.55292
42 27.769 61.4698 27.7693 1.56704
43 27.9029 62.5607 27.9031 1.5804
44 28.0287 63.6374 28.029 1.59305
45 28.147 64.7001 28.1473 1.60502
46 28.2582 65.749 28.2584 1.61634
47 28.3627 66.7842 28.363 1.62705
48 28.4609 67.806 28.4612 1.63718
49 28.5533 68.8146 28.5536 1.64676
50 28.6401 69.81 28.6404 1.65581
firstSpeed 1.9
1 1.9 1.995 1.89999 0.0387782
2 3.686 3.96407 3.68602 0.0836621
3 5.36484 5.90753 5.36489 0.134835
4 6.94295 7.82573 6.94302 0.190128
5 8.42637 9.719 8.42648 0.24808
6 9.82079 11.5877 9.82096 0.307582
7 11.1315 13.432 11.1318 0.367847
8 12.3637 15.2524 12.364 0.428241
9 13.5218 17.0491 13.5222 0.488277
10 14.6105 18.8225 14.6109 0.547593
11 15.6339 20.5728 15.6343 0.605879
12 16.5959 22.3003 16.5964 0.662892
13 17.5001 24.0054 17.5006 0.718494
14 18.3501 25.6884 18.3507 0.772582
15 19.1491 27.3494 19.1497 0.825045
16 19.9001 28.9889 19.9008 0.875812
17 20.6061 30.607 20.6068 0.92485
18 21.2698 32.2041 21.2704 0.972156
19 21.8936 33.7805 21.8943 1.01768
20 22.48 35.3363 22.4807 1.06144
21 23.0312 36.872 23.0319 1.10346
22 23.5493 38.3876 23.55 1.14376
23 24.0363 39.8836 24.0371 1.18235
24 24.4942 41.3601 24.4949 1.21928
25 24.9245 42.8174 24.9253 1.25459
26 25.329 44.2558 25.3299 1.28831
27 25.7093 45.6755 25.7102 1.32049
28 26.0667 47.0767 26.0677 1.35119
29 26.4027 48.4597 26.4038 1.38044
30 26.7186 49.8247 26.7196 1.4083
31 27.0155 51.172 27.0166 1.43481
32 27.2945 52.5017 27.2957 1.46003
33 27.5569 53.8142 27.558 1.48401
34 27.8034 55.1096 27.8046 1.50679
35 28.0352 56.3882 28.0365 1.52843
36 28.2531 57.6502 28.2544 1.54897
37 28.4579 58.8957 28.4592 1.56846
38 28.6505 60.1251 28.6518 1.58694
39 28.8314 61.3384 28.8328 1.60446
40 29.0015 62.536 29.0029 1.62106
41 29.1615 63.7181 29.1628 1.63678
42 29.3118 64.8847 29.3132 1.65168
43 29.4531 66.0362 29.4545 1.66579
44 29.5859 67.1728 29.5873 1.67914
45 29.7107 68.2945 29.7122 1.69178
46 29.8281 69.4017 29.8296 1.70374
47 29.9384 70.4945 29.9399 1.71506
48 30.0421 71.573 30.0436 1.72576
49 30.1396 72.6376 30.1411 1.73588
50 30.2312 73.6883 30.2328 1.74543
firstSpeed 2
1 2 2.1 1.99999 0.0408313
2 3.88 4.1727 3.88 0.0880028
3 5.6472 6.21845 5.64725 0.141874
4 7.30837 8.23761 7.30849 0.200108
5 8.86987 10.2305 8.87004 0.261053
6 10.3377 12.1975 10.3379 0.323624
7 11.7174 14.139 11.7177 0.386984
8 13.0144 16.0552 13.0148 0.450499
9 14.2335 17.9464 14.234 0.513635
10 15.3795 19.8131 15.38 0.576016
11 16.4567 21.6556 16.4573 0.637409
12 17.4693 23.474 17.47 0.697501
13 18.4212 25.2689 18.4219 0.756103
14 19.3159 27.0404 19.3167 0.813094
15 20.1569 28.7889 20.1578 0.868356
16 20.9475 30.5146 20.9485 0.921844
17 21.6907 32.2179 21.6917 0.973509
18 22.3892 33.8991 22.3903 1.02333
19 23.0459 35.5584 23.047 1.07128
20 23.6631 37.1961 23.6642 1.11734
21 24.2433 38.8126 24.2445 1.16155
22 24.7887 40.408 24.7899 1.20396
23 25.3014 41.9827 25.3025 1.24457
24 25.7833 43.5369 25.7845 1.28342
25 26.2363 45.071 26.2375 1.32056
26 26.6621 46.585 26.6633 1.35604
27 27.0624 48.0794 27.0636 1.38989
28 27.4387 49.5544 27.4399 1.42219
29 27.7924 51.0102 27.7936 1.45298
30 28.1248 52.4471 28.1261 1.4823
31 28.4373 53.8652 28.4386 1.51021
32 28.7311 55.265 28.7324 1.53676
33 29.0072 56.6466 29.0086 1.562
34 29.2668 58.0101 29.2682 1.58598
35 29.5108 59.356 29.5122 1.60877
36 29.7401 60.6844 29.7416 1.63041
37 29.9557 61.9955 29.9572 1.65094
38 30.1584 63.2896 30.1599 1.67042
39 30.3489 64.5668 30.3504 1.68887
40 30.5279 65.8274 30.5295 1.70637
41 30.6963 67.0717 30.6979 1.72295
42 30.8545 68.2997 30.8561 1.73865
43 31.0032 69.5118 31.0049 1.75351
44 31.143 70.7082 31.1447 1.76759
45 31.2744 71.889 31.2762 1.78092
46 31.398 73.0544 31.3997 1.79352
47 31.5141 74.2047 31.5158 1.80544
48 31.6233 75.34 31.625 1.81671
49 31.7259 76.4606 31.7276 1.82737
50 31.8223 77.5666 31.8241 1.83745
firstSpeed 2.1
1 2.1 2.205 2.09999 0.0428575
2 4.074 4.38133 4.07398 0.0924713
3 5.92956 6.52938 5.92948 0.149098
4 7.67379 8.6495 7.67364 0.210265
5 9.31336 10.7421 9.31313 0.274312
6 10.8546 12.8074 10.8543 0.340057
7 12.3033 14.8459 12.3031 0.406634
8 13.6651 16.8579 13.6649 0.473385
9 14.9452 18.8438 14.945 0.539733
10 16.1485 20.8038 16.1484 0.60529
11 17.2796 22.7383 17.2795 0.669741
12 18.3428 24.6477 18.3427 0.732829
13 19.3422 26.5323 19.3422 0.79436
14 20.2817 28.3924 20.2817 0.854209
15 21.1648 30.2283 21.1648 0.912237
16 21.9949 32.0403 21.9949 0.968402
17 22.7752 33.8288 22.7752 1.02266
18 23.5087 35.594 23.5087 1.07496
19 24.1982 37.3363 24.1982 1.1253
20 24.8463 39.0559 24.8463 1.17369
21 25.4555 40.7532 25.4555 1.22015
22 26.0282 42.4284 26.0281 1.26467
23 26.5665 44.0819 26.5664 1.30732
24 27.0725 45.7138 27.0725 1.34813
25 27.5481 47.3245 27.5481 1.38714
26 27.9953 48.9143 27.9952 1.4244
27 28.4155 50.4834 28.4155 1.45996
28 28.8106 52.0321 28.8106 1.49386
29 29.182 53.5607 29.182 1.52617
30 29.5311 55.0694 29.5311 1.55694
31 29.8592 56.5585 29.8592 1.58622
32 30.1676 58.0282 30.1677 1.61408
33 30.4576 59.4789 30.4576 1.64056
34 30.7301 60.9107 30.7302 1.66573
35 30.9863 62.3238 30.9863 1.68963
36 31.2271 63.7186 31.2272 1.71233
37 31.4535 65.0953 31.4535 1.73387
38 31.6663 66.454 31.6663 1.75431
39 31.8663 67.7951 31.8664 1.77369
40 32.0543 69.1188 32.0544 1.79206
41 32.2311 70.4252 32.2311 1.80946
42 32.3972 71.7147 32.3972 1.82594
43 32.5534 72.9874 32.5534 1.84155
44 32.7002 74.2436 32.7002 1.85632
45 32.8382 75.4834 32.8382 1.8703
46 32.9679 76.7071 32.9679 1.88353
47 33.0898 77.9149 33.0898 1.89605
48 33.2044 79.1071 33.2044 1.90789
49 33.3122 80.2837 33.3121 1.91908
50 33.4134 81.445 33.4134 1.92965
firstSpeed 2.2
1 2.2 2.31 2.19994 0.0448819
2 4.268 4.58997 4.26785 0.096745
3 6.21192 6.8403 6.21167 0.155959
4 8.0392 9.06138 8.03883 0.219994
5 9.75685 11.2536 9.75638 0.287072
6 11.3714 13.4173 11.3708 0.355929
7 12.8892 15.5529 12.8885 0.425676
8 14.3158 17.6607 14.3151 0.495639
9 15.6569 19.7411 15.6561 0.565215
10 16.9174 21.7944 16.9166 0.633959
11 18.1024 23.8211 18.1015 0.701548
12 19.2163 25.8214 19.2153 0.767681
13 20.2633 27.7958 20.2623 0.832191
14 21.2475 29.7444 21.2465 0.89493
15 22.1726 31.6677 22.1716 0.9558
16 23.0423 33.5661 23.0412 1.01472
17 23.8597 35.4397 23.8587 1.07159
18 24.6282 37.289 24.627 1.12645
19 25.3505 39.1142 25.3493 1.17926
20 26.0294 40.9157 26.0283 1.23003
21 26.6677 42.6938 26.6666 1.27874
22 27.2676 44.4488 27.2665 1.32544
23 27.8316 46.181 27.8305 1.37015
24 28.3617 47.8906 28.3606 1.41293
25 28.86 49.5781 28.8589 1.45382
26 29.3284 51.2435 29.3274 1.49285
27 29.7687 52.8874 29.7677 1.53011
28 30.1825 54.5098 30.1816 1.56565
29 30.5716 56.1112 30.5706 1.59949
30 30.9373 57.6918 30.9363 1.63173
31 31.2811 59.2518 31.2801 1.66244
32 31.6042 60.7915 31.6032 1.69164
33 31.9079 62.3112 31.9069 1.71941
34 32.1935 63.8112 32.1924 1.74579
35 32.4619 65.2916 32.4608 1.77084
36 32.7141 66.7528 32.7131 1.79462
37 32.9513 68.195 32.9503 1.81718
38 33.1742 69.6185 33.1732 1.83859
39 33.3838 71.0235 33.3827 1.85889
40 33.5807 72.4102 33.5797 1.87812
41 33.7659 73.7788 33.7649 1.89635
42 33.9399 75.1297 33.9389 1.91362
43 34.1035 76.463 34.1025 1.92998
44 34.2573 77.779 34.2563 1.94547
45 34.4019 79.0779 34.4009 1.96012
46 34.5378 80.3599 34.5368 1.97399
47 34.6655 81.6252 34.6645 1.98711
48 34.7856 82.8741 34.7846 1.99951
49 34.8984 84.1067 34.8975 2.01124
50 35.0045 85.3233 35.0036 2.02232
firstSpeed 2.3
1 2.3 2.415 2.30006 0.0469363
2 4.462 4.79861 4.46216 0.10123
3 6.49428 7.15122 6.49456 0.16332
4 8.40462 9.47326 8.40505 0.230444
5 10.2003 11.7651 10.2009 0.300727
6 11.8883 14.0272 11.8891 0.372853
7 13.475 16.2598 13.476 0.445881
8 14.9665 18.4634 14.9677 0.519048
9 16.3685 20.6384 16.3699 0.591809
10 17.6864 22.7851 17.688 0.663704
11 18.9252 24.9039 18.927 0.734354
12 20.0897 26.9951 20.0917 0.803518
13 21.1843 29.0592 21.1866 0.870929
14 22.2133 31.0964 22.2157 0.936495
15 23.1805 33.1072 23.1831 1.00008
16 24.0897 35.0918 24.0925 1.06161
17 24.9443 37.0506 24.9472 1.12104
18 25.7476 38.9839 25.7507 1.17834
19 26.5028 40.8922 26.506 1.23346
20 27.2126 42.7756 27.216 1.28646
21 27.8798 44.6345 27.8833 1.33732
22 28.507 46.4692 28.5107 1.38609
23 29.0966 48.2801 29.1004 1.43281
24 29.6508 50.0675 29.6547 1.47751
25 30.1718 51.8316 30.1757 1.52024
26 30.6615 53.5728 30.6655 1.56106
27 31.1218 55.2913 31.1259 1.60002
28 31.5545 56.9876 31.5587 1.63717
29 31.9612 58.6617 31.9655 1.67255
30 32.3435 60.3141 32.3479 1.70625
31 32.7029 61.945 32.7073 1.73831
32 33.0407 63.5547 33.0452 1.76882
33 33.3583 65.1435 33.3628 1.79783
34 33.6568 66.7117 33.6614 1.82541
35 33.9374 68.2594 33.942 1.85159
36 34.2012 69.787 34.2058 1.87644
37 34.4491 71.2948 34.4538 1.90002
38 34.6821 72.783 34.6869 1.92239
39 34.9012 74.2518 34.906 1.9436
40 35.1071 75.7015 35.1119 1.9637
41 35.3007 77.1324 35.3055 1.98275
42 35.4827 78.5447 35.4875 2.0008
43 35.6537 79.9386 35.6586 2.01789
44 35.8145 81.3144 35.8194 2.03407
45 35.9656 82.6723 35.9705 2.04937
46 36.1077 84.0126 36.1126 2.06385
47 36.2412 85.3354 36.2462 2.07754
48 36.3667 86.6411 36.3717 2.09049
49 36.4847 87.9297 36.4897 2.10273
50 36.5957 89.2016 36.6006 2.1143
firstSpeed 2.4
1 2.4 2.52 2.39994 0.0489286
2 4.656 5.00724 4.65593 0.105515
3 6.77664 7.46215 6.77661 0.170195
4 8.77004 9.88514 8.77005 0.24009
5 10.6438 12.2766 10.6439 0.313227
6 12.4052 14.637 12.4052 0.388374
7 14.0609 16.9668 14.0608 0.464446
8 15.6172 19.2662 15.6171 0.540615
9 17.0802 21.5357 17.08 0.616431
10 18.4554 23.7758 18.4551 0.69131
11 19.7481 25.9867 19.7476 0.764923
12 20.9632 28.1688 20.9626 0.836985
13 22.1054 30.3227 22.1047 0.907267
14 23.1791 32.4485 23.1782 0.975651
15 24.1883 34.5466 24.1874 1.042
16 25.137 36.6175 25.136 1.1062
17 26.0288 38.6615 26.0277 1.1682
18 26.8671 40.6789 26.8659 1.22795
19 27.6551 42.6701 27.6538 1.28546
20 28.3958 44.6354 28.3945 1.34073
21 29.092 46.5751 29.0907 1.39377
22 29.7465 48.4896 29.7452 1.44462
23 30.3617 50.3793 30.3603 1.49329
24 30.94 52.2443 30.9386 1.53987
25 31.4836 54.0852 31.4822 1.5844
26 31.9946 55.902 31.9931 1.62692
27 32.4749 57.6953 32.4734 1.66751
28 32.9264 59.4653 32.9249 1.70621
29 33.3508 61.2122 33.3493 1.74311
30 33.7498 62.9365 33.7482 1.77826
31 34.1248 64.6383 34.1232 1.81172
32 34.4773 66.318 34.4757 1.84356
33 34.8087 67.9759 34.8071 1.87384
34 35.1201 69.6122 35.1186 1.9026
35 35.4129 71.2272 35.4114 1.92994
36 35.6882 72.8213 35.6866 1.95589
37 35.9469 74.3946 35.9453 1.98052
38 36.1901 75.9475 36.1885 2.00388
39 36.4187 77.4801 36.4171 2.02603
40 36.6335 78.9929 36.632 2.04702
41 36.8355 80.486 36.834 2.06692
42 37.0254 81.9597 37.0238 2.08577
43 37.2039 83.4142 37.2023 2.10363
44 37.3716 84.8498 37.3701 2.12052
45 37.5293 86.2668 37.5278 2.13651
46 37.6776 87.6653 37.676 2.15164
47 37.8169 89.0457 37.8154 2.16594
48 37.9479 90.4081 37.9464 2.17947
49 38.071 91.7528 38.0695 2.19225
50 38.1868 93.08 38.1852 2.20434
firstSpeed 2.5
1 2.5 2.625 2.49996 0.0510121
2 4.85 5.21588 4.84995 0.110048
3 7.059 7.77307 7.05894 0.17746
4 9.13546 10.297 9.13531 0.250289
5 11.0873 12.7882 11.087 0.326617
6 12.9221 15.2469 12.9217 0.404937
7 14.6468 17.6737 14.6462 0.484202
8 16.268 20.0689 16.2673 0.563664
9 17.7919 22.433 17.7911 0.642672
10 19.2244 24.7664 19.2235 0.720708
11 20.5709 27.0695 20.5699 0.797404
12 21.8367 29.3426 21.8355 0.872495
13 23.0265 31.5861 23.0252 0.945696
14 24.1449 33.8005 24.1434 1.01686
15 25.1962 35.9861 25.1946 1.08591
16 26.1844 38.1433 26.1826 1.15268
17 27.1133 40.2724 27.1114 1.21718
18 27.9865 42.3739 27.9844 1.27937
19 28.8073 44.448 28.8051 1.33922
20 29.5789 46.4952 29.5765 1.39674
21 30.3042 48.5157 30.3016 1.45197
22 30.9859 50.51 30.9832 1.50491
23 31.6268 52.4784 31.6239 1.5556
24 32.2292 54.4212 32.2262 1.60411
25 32.7954 56.3387 32.7923 1.65048
26 33.3277 58.2313 33.3244 1.69476
27 33.828 60.0993 33.8246 1.73702
28 34.2983 61.943 34.2948 1.77732
29 34.7404 63.7627 34.7368 1.81573
30 35.156 65.5588 35.1523 1.85229
31 35.5467 67.3316 35.5428 1.88708
32 35.9139 69.0812 35.9099 1.92018
33 36.259 70.8082 36.255 1.95166
34 36.5835 72.5127 36.5794 1.98157
35 36.8885 74.195 36.8843 2.00999
36 37.1752 75.8555 37.1709 2.03696
37 37.4447 77.4944 37.4403 2.06255
38 37.698 79.1119 37.6936 2.08683
39 37.9361 80.7085 37.9316 2.10985
40 38.1599 82.2843 38.1554 2.13166
41 38.3703 83.8396 38.3657 2.15233
42 38.5681 85.3747 38.5635 2.17191
43 38.754 86.8898 38.7493 2.19045
44 38.9288 88.3852 38.924 2.208
45 39.0931 89.8612 39.0883 2.22461
46 39.2475 91.318 39.2426 2.24034
47 39.3926 92.7559 39.3878 2.25521
48 39.5291 94.1751 39.5242 2.26927
49 39.6573 95.5758 39.6524 2.28256
50 39.7779 96.9583 39.7729 2.29512
firstSpeed 2.6
1 2.6 2.73 2.60001 0.0530457
2 5.044 5.42451 5.04397 0.114364
3 7.34136 8.08399 7.34126 0.184372
4 9.50088 10.7089 9.50073 0.260005
5 11.5308 13.2997 11.5306 0.339272
6 13.439 15.8568 13.4387 0.420626
7 15.2326 18.3806 15.2324 0.503014
8 16.9187 20.8717 16.9184 0.585583
9 18.5036 23.3304 18.5033 0.667692
10 19.9933 25.7571 19.9932 0.748813
11 21.3937 28.1522 21.3936 0.828539
12 22.7101 30.5163 22.71 0.906566
13 23.9475 32.8495 23.9474 0.982659
14 25.1107 35.1525 25.1105 1.05669
15 26.204 37.4255 26.2039 1.12849
16 27.2318 39.669 27.2316 1.19796
17 28.1979 41.8833 28.1977 1.26505
18 29.106 44.0688 29.1058 1.32974
19 29.9596 46.2259 29.9594 1.39201
20 30.7621 48.355 30.7618 1.45188
21 31.5163 50.4564 31.516 1.50935
22 32.2254 52.5304 32.225 1.56444
23 32.8918 54.5775 32.8915 1.61723
24 33.5183 56.598 33.5179 1.66772
25 34.1072 58.5922 34.1068 1.716
26 34.6608 60.5605 34.6603 1.76213
27 35.1811 62.5033 35.1807 1.80615
28 35.6703 64.4207 35.6698 1.84812
29 36.1301 66.3132 36.1296 1.88812
30 36.5623 68.1812 36.5617 1.92622
31 36.9685 70.0248 36.968 1.96247
32 37.3504 71.8445 37.3499 1.99697
33 37.7094 73.6405 37.7088 2.02978
34 38.0468 75.4132 38.0463 2.06096
35 38.364 77.1628 38.3635 2.09057
36 38.6622 78.8897 38.6616 2.11868
37 38.9424 80.5941 38.9419 2.14534
38 39.2059 82.2764 39.2054 2.17064
39 39.4535 83.9368 39.453 2.19463
40 39.6863 85.5756 39.6858 2.21736
41 39.9051 87.1932 39.9046 2.23891
42 40.1108 88.7896 40.1103 2.25933
43 40.3042 90.3654 40.3036 2.27866
44 40.4859 91.9206 40.4854 2.29695
45 40.6568 93.4557 40.6562 2.31427
46 40.8174 94.9707 40.8168 2.33066
47 40.9683 96.4661 40.9678 2.34616
48 41.1102 97.9421 41.1097 2.36081
49 41.2436 99.3988 41.2431 2.37465
50 41.369 100.837 41.3685 2.38774
firstSpeed 2.7
1 2.7 2.835 2.69999 0.0550907
2 5.238 5.63315 5.23803 0.1188
3 7.62372 8.39491 7.62373 0.191477
4 9.8663 11.1208 9.86628 0.270077
5 11.9743 13.8112 11.9744 0.352474
6 13.9559 16.4667 13.956 0.437032
7 15.8185 19.0876 15.8187 0.522577
8 17.5694 21.6745 17.5698 0.608354
9 19.2152 24.2277 19.2158 0.693578
10 20.7623 26.7477 20.7629 0.777729
11 22.2166 29.235 22.2174 0.860457
12 23.5836 31.69 23.5846 0.941451
13 24.8686 34.113 24.8698 1.02045
14 26.0765 36.5045 26.0778 1.09727
15 27.2119 38.865 27.2134 1.17174
16 28.2792 41.1947 28.2808 1.24382
17 29.2824 43.4942 29.2842 1.31344
18 30.2255 45.7638 30.2273 1.38053
19 31.1119 48.0038 31.1139 1.44512
20 31.9452 50.2148 31.9473 1.50719
21 32.7285 52.397 32.7307 1.56676
22 33.4648 54.5508 33.4671 1.62387
23 34.1569 56.6767 34.1593 1.67857
24 34.8075 58.7749 34.8099 1.73091
25 35.419 60.8458 35.4215 1.78093
26 35.9939 62.8898 35.9964 1.82872
27 36.5343 64.9072 36.5368 1.87433
28 37.0422 66.8984 37.0447 1.91783
29 37.5197 68.8638 37.5222 1.95928
30 37.9685 70.8035 37.9711 1.99876
31 38.3904 72.7181 38.393 2.03634
32 38.787 74.6077 38.7897 2.0721
33 39.1597 76.4728 39.1625 2.10611
34 39.5102 78.3137 39.513 2.13842
35 39.8396 80.1306 39.8424 2.16911
36 40.1492 81.9239 40.1521 2.19826
37 40.4402 83.6939 40.4432 2.22592
38 40.7138 85.4409 40.7168 2.25215
39 40.971 87.1652 40.974 2.27703
40 41.2127 88.867 41.2158 2.30062
41 41.44 90.5467 41.4431 2.32297
42 41.6536 92.2046 41.6567 2.34415
43 41.8544 93.841 41.8575 2.36421
44 42.0431 95.456 42.0463 2.3832
45 42.2205 97.0501 42.2238 2.40117
46 42.3873 98.6235 42.3906 2.41816
47 42.544 100.176 42.5474 2.43422
48 42.6914 101.709 42.6947 2.44941
49 42.8299 103.222 42.8333 2.46378
50 42.9601 104.715 42.9635 2.47736
firstSpeed 2.8
1 2.8 2.94 2.80001 0.0571531
2 5.432 5.84178 5.43206 0.123216
3 7.90608 8.70584 7.90623 0.198655
4 10.2317 11.5327 10.2319 0.280127
5 12.4178 14.3227 12.4182 0.36545
6 14.4727 17.0765 14.4733 0.453034
7 16.4044 19.7945 16.4051 0.541771
8 18.2201 22.4772 18.221 0.630714
9 19.9269 25.125 19.9279 0.719199
10 21.5313 27.7384 21.5323 0.80657
11 23.0394 30.3178 23.0404 0.892463
12 24.4571 32.8637 24.4581 0.976539
13 25.7896 35.3764 25.7908 1.05859
14 27.0423 37.8565 27.0436 1.1384
15 28.2197 40.3044 28.2211 1.21583
16 29.3265 42.7204 29.3281 1.29077
17 30.3669 45.1051 30.3686 1.36314
18 31.3449 47.4587 31.3466 1.43292
19 32.2642 49.7817 32.266 1.50012
20 33.1284 52.0746 33.1302 1.5647
21 33.9407 54.3376 33.9426 1.62668
22 34.7042 56.5712 34.7063 1.68613
23 35.422 58.7758 35.4241 1.74306
24 36.0967 60.9517 36.0989 1.79752
25 36.7309 63.0993 36.7332 1.84957
26 37.327 65.2191 37.3295 1.8993
27 37.8874 67.3112 37.8899 1.94675
28 38.4141 69.3762 38.4168 1.99202
29 38.9093 71.4143 38.912 2.03516
30 39.3747 73.4259 39.3775 2.07624
31 39.8123 75.4113 39.815 2.11534
32 40.2235 77.371 40.2263 2.15252
33 40.6101 79.3052 40.6129 2.18787
34 40.9735 81.2142 40.9763 2.22146
35 41.3151 83.0984 41.3179 2.25337
36 41.6362 84.9581 41.639 2.28366
37 41.938 86.7937 41.9409 2.31241
38 42.2217 88.6054 42.2246 2.33968
39 42.4884 90.3935 42.4913 2.36554
40 42.7391 92.1584 42.742 2.39005
41 42.9748 93.9003 42.9777 2.41326
42 43.1963 95.6196 43.1992 2.43525
43 43.4045 97.3166 43.4074 2.45605
44 43.6002 98.9915 43.6032 2.47574
45 43.7842 100.645 43.7871 2.49437
46 43.9572 102.276 43.9601 2.512
47 44.1197 103.887 44.1227 2.52868
48 44.2726 105.476 44.2755 2.54445
49 44.4162 107.045 44.4191 2.55936
50 44.5512 108.593 44.5542 2.57346
firstSpeed 2.9
1 2.9 3.045 2.89995 0.0592173
2 5.626 6.05042 5.62586 0.127717
3 8.18844 9.01676 8.18811 0.205997
4 10.5971 11.9445 10.5966 0.290658
5 12.8613 14.8343 12.8606 0.379284
6 14.9896 17.6864 14.9888 0.470312
7 16.9902 20.5015 16.9893 0.562406
8 18.8708 23.28 18.8698 0.654739
9 20.6386 26.0223 20.6374 0.746455
10 22.3003 28.729 22.2989 0.837038
11 23.8623 31.4006 23.8608 0.926035
12 25.3305 34.0374 25.329 1.01317
13 26.7107 36.6399 26.7091 1.09818
14 28.008 39.2086 28.0064 1.18086
15 29.2276 41.7438 29.2258 1.26102
16 30.3739 44.2462 30.3721 1.33856
17 31.4515 46.716 31.4496 1.41348
18 32.4644 49.1537 32.4625 1.48569
19 33.4165 51.5597 33.4146 1.55519
20 34.3115 53.9344 34.3095 1.62202
21 35.1528 56.2782 35.1508 1.68617
22 35.9437 58.5916 35.9416 1.74769
23 36.687 60.8749 36.685 1.80658
24 37.3858 63.1286 37.3837 1.86294
25 38.0427 65.3529 38.0406 1.91682
26 38.6601 67.5483 38.658 1.9683
27 39.2405 69.7152 39.2384 2.01744
28 39.7861 71.8539 39.7839 2.06431
29 40.2989 73.9648 40.2968 2.10898
30 40.781 76.0482 40.7788 2.15152
31 41.2341 78.1046 41.232 2.19199
32 41.6601 80.1342 41.6579 2.23049
33 42.0605 82.1375 42.0583 2.26709
34 42.4368 84.1147 42.4347 2.30186
35 42.7906 86.0662 42.7884 2.33489
36 43.1232 87.9924 43.121 2.36624
37 43.4358 89.8935 43.4336 2.39599
38 43.7297 91.7698 43.7274 2.42422
39 44.0059 93.6218 44.0037 2.45099
40 44.2655 95.4498 44.2633 2.47636
41 44.5096 97.2539 44.5074 2.50039
42 44.739 99.0346 44.7368 2.52317
43 44.9547 100.792 44.9524 2.54473
44 45.1574 102.527 45.1551 2.56514
45 45.3479 104.239 45.3457 2.58444
46 45.5271 105.929 45.5248 2.60271
47 45.6954 107.597 45.6931 2.61999
48 45.8537 109.243 45.8514 2.63633
49 46.0025 110.868 46.0002 2.65179
50 46.1423 112.472 46.14 2.6664
firstSpeed 3
1 3 3.15 2.99995 0.0612137
2 5.82 6.25905 5.81999 0.131968
3 8.4708 9.32768 8.47083 0.212789
4 10.9626 12.3564 10.9626 0.30002
5 13.3048 15.3458 13.3048 0.391394
6 15.5065 18.2963 15.5065 0.485259
7 17.5761 21.2084 17.5761 0.580263
8 19.5216 24.0827 19.5215 0.675466
9 21.3503 26.9197 21.3502 0.770146
10 23.0692 29.7197 23.0691 0.863743
11 24.6851 32.4833 24.685 0.955795
12 26.204 35.2111 26.2038 1.0459
13 27.6317 37.9033 27.6315 1.13383
14 28.9738 40.5606 28.9735 1.21935
15 30.2354 43.1833 30.235 1.3023
16 31.4213 45.7719 31.4208 1.38256
17 32.536 48.3269 32.5354 1.46007
18 33.5838 50.8486 33.5832 1.53483
19 34.5688 53.3376 34.5681 1.60677
20 35.4947 55.7942 35.4939 1.67589
21 36.365 58.2189 36.3642 1.74228
22 37.1831 60.612 37.1822 1.80596
23 37.9521 62.9741 37.9512 1.86694
24 38.675 65.3054 38.674 1.92525
25 39.3545 67.6064 39.3535 1.98101
26 39.9932 69.8776 39.9921 2.03428
27 40.5936 72.1191 40.5925 2.08511
28 41.158 74.3316 41.1568 2.13357
29 41.6885 76.5153 41.6873 2.17974
30 42.1872 78.6706 42.1859 2.2237
31 42.656 80.7979 42.6546 2.26553
32 43.0966 82.8975 43.0952 2.30532
33 43.5108 84.9698 43.5094 2.34316
34 43.9002 87.0152 43.8987 2.37911
35 44.2662 89.034 44.2647 2.41326
36 44.6102 91.0266 44.6088 2.44568
37 44.9336 92.9932 44.9321 2.47645
38 45.2376 94.9343 45.2361 2.50564
39 45.5233 96.8502 45.5218 2.53331
40 45.7919 98.7411 45.7904 2.55955
41 46.0444 100.607 46.0429 2.5844
42 46.2817 102.45 46.2803 2.60796
43 46.5048 104.268 46.5034 2.63026
44 46.7145 106.062 46.7131 2.65138
45 46.9117 107.833 46.9102 2.67135
46 47.097 109.582 47.0955 2.69026
47 47.2712 111.307 47.2697 2.70814
48 47.4349 113.01 47.4334 2.72505
49 47.5888 114.691 47.5873 2.74103
50 47.7335 116.35 47.732 2.75614
