trial,mean,ci_down,ci_up
0.0,0.00,0.00,0.00
20.0,3.31,3.03,3.58
40.0,14.19,13.51,14.86
60.0,33.90,32.69,35.11
80.0,62.79,60.97,64.62
100.0,101.74,99.24,104.24
120.0,150.34,147.12,153.56
140.0,210.33,206.15,214.52
160.0,282.13,276.84,287.42
180.0,365.00,358.39,371.61
200.0,459.41,451.29,467.52
220.0,565.21,555.54,574.89
240.0,680.87,669.59,692.14
260.0,805.41,792.44,818.39
280.0,939.76,925.16,954.36
300.0,1083.69,1067.44,1099.93
320.0,1237.08,1219.29,1254.87
340.0,1399.86,1380.36,1419.36
360.0,1572.60,1551.18,1594.02
380.0,1755.09,1731.62,1778.56
400.0,1947.39,1921.95,1972.84
420.0,2148.56,2121.21,2175.91
440.0,2357.61,2328.26,2386.97
460.0,2574.58,2543.07,2606.09
480.0,2800.07,2766.32,2833.83
500.0,3034.19,2998.13,3070.25
520.0,3275.91,3237.50,3314.31
540.0,3525.19,3484.51,3565.88
560.0,3781.95,3739.03,3824.88
580.0,4046.21,4000.96,4091.46
600.0,4318.14,4270.40,4365.88
620.0,4597.79,4547.39,4648.19
640.0,4884.93,4831.95,4937.92
660.0,5179.33,5123.72,5234.94
680.0,5480.14,5421.78,5538.50
700.0,5787.75,5726.66,5848.84
720.0,6101.99,6038.17,6165.82
740.0,6422.79,6356.21,6489.36
760.0,6750.14,6680.80,6819.49
780.0,7084.51,7012.31,7156.72
800.0,7425.79,7350.71,7500.88
820.0,7773.28,7695.27,7851.30
840.0,8126.59,8045.58,8207.59
860.0,8485.16,8401.20,8569.12
880.0,8849.59,8762.61,8936.58
900.0,9220.00,9130.00,9310.00
920.0,9595.75,9502.73,9688.77
940.0,9977.35,9881.26,10073.44
960.0,10364.66,10265.42,10463.90
980.0,10757.91,10655.41,10860.40
1000.0,11157.08,11051.36,11262.80
1020.0,11561.51,11452.66,11670.36
1040.0,11971.19,11859.20,12083.18
1060.0,12386.07,12270.84,12501.31
1080.0,12806.24,12687.80,12924.68
1100.0,13232.21,13110.44,13353.98
1120.0,13663.47,13538.30,13788.63
1140.0,14101.03,13972.52,14229.54
1160.0,14544.10,14412.20,14676.00
1180.0,14992.90,14857.51,15128.30
1200.0,15446.50,15307.63,15585.36
1220.0,15904.63,15762.29,16046.97
1240.0,16367.29,16221.48,16513.10
1260.0,16834.25,16684.92,16983.58
1280.0,17305.41,17152.58,17458.23
1300.0,17780.15,17623.83,17936.46
1320.0,18258.75,18098.98,18418.53
1340.0,18740.89,18577.56,18904.22
1360.0,19227.23,19060.22,19394.25
1380.0,19717.94,19547.11,19888.77
1400.0,20212.93,20038.25,20387.62
1420.0,20711.80,20533.24,20890.36
1440.0,21214.54,21032.08,21397.00
1460.0,21721.03,21534.74,21907.33
1480.0,22231.43,22041.22,22421.64
1500.0,22746.06,22551.91,22940.21
1520.0,23264.96,23066.84,23463.08
1540.0,23787.96,23585.80,23990.12
1560.0,24315.13,24108.88,24521.37
1580.0,24846.57,24636.21,25056.94
1600.0,25382.14,25167.58,25596.69
1620.0,25921.53,25702.75,26140.30
1640.0,26464.77,26241.69,26687.84
1660.0,27011.48,26784.01,27238.95
1680.0,27562.03,27330.08,27793.97
1700.0,28116.33,27879.85,28352.82
1720.0,28674.60,28433.50,28915.71
1740.0,29236.66,28990.79,29482.53
1760.0,29802.24,29551.61,30052.88
1780.0,30371.86,30116.28,30627.43
1800.0,30945.51,30684.86,31206.16
1820.0,31523.25,31257.44,31789.06
1840.0,32104.87,31833.81,32375.93
1860.0,32690.65,32414.25,32967.04
1880.0,33280.23,32998.43,33562.03
1900.0,33873.45,33586.27,34160.62
1920.0,34470.00,34177.43,34762.56
1940.0,35069.69,34771.76,35367.61
1960.0,35672.79,35369.55,35976.02
1980.0,36278.99,35970.43,36587.54
2000.0,36888.55,36574.61,37202.48
2020.0,37501.11,37181.77,37820.45
2040.0,38117.05,37792.32,38441.78
2060.0,38735.93,38405.78,39066.09
2080.0,39357.88,39022.29,39693.47
2100.0,39982.91,39641.80,40324.03
2120.0,40611.24,40264.57,40957.91
2140.0,41242.33,40890.06,41594.59
2160.0,41876.51,41518.62,42234.39
2180.0,42513.59,42150.07,42877.11
2200.0,43153.65,42784.49,43522.81
2220.0,43796.93,43422.18,44171.69
2240.0,44442.94,44062.56,44823.31
2260.0,45091.78,44705.74,45477.81
2280.0,45743.38,45351.63,46135.12
2300.0,46397.72,46000.22,46795.22
2320.0,47054.49,46651.16,47457.82
2340.0,47714.06,47304.90,48123.22
2360.0,48376.23,47961.24,48791.22
2380.0,49041.13,48620.27,49461.99
2400.0,49708.67,49281.95,50135.39
2420.0,50378.97,49946.36,50811.58
2440.0,51052.11,50613.60,51490.62
2460.0,51727.95,51283.53,52172.37
2480.0,52406.37,51956.06,52856.69
2500.0,53087.60,52631.45,53543.76
2520.0,53771.66,53309.64,54233.68
2540.0,54458.24,53990.39,54926.10
2560.0,55147.52,54673.81,55621.24
2580.0,55839.38,55359.77,56319.00
2600.0,56534.13,56048.59,57019.67
2620.0,57231.16,56739.64,57722.69
2640.0,57930.82,57433.26,58428.38
2660.0,58633.09,58129.49,59136.69
2680.0,59337.71,58828.01,59847.41
2700.0,60045.05,59529.24,60560.87
2720.0,60754.97,60233.04,61276.91
2740.0,61467.16,60939.10,61995.22
2760.0,62181.74,61647.57,62715.91
2780.0,62898.38,62358.07,63438.69
2800.0,63617.66,63071.12,64164.20
2820.0,64339.17,63786.41,64891.93
2840.0,65063.36,64504.39,65622.34
2860.0,65790.00,65224.76,66355.23
2880.0,66519.10,65947.57,67090.62
2900.0,67250.40,66672.63,67828.18
2920.0,67984.01,67399.96,68568.06
2940.0,68720.16,68129.78,69310.55
2960.0,69458.88,68862.18,70055.58
2980.0,70200.02,69597.04,70803.00
3000.0,70943.35,70334.06,71552.64
3020.0,71689.35,71073.71,72305.00
3040.0,72437.82,71815.82,73059.82
3060.0,73188.91,72560.40,73817.41
3080.0,73942.79,73307.74,74577.84
3100.0,74699.12,74057.52,75340.72
3120.0,75457.81,74809.64,76105.97
3140.0,76218.76,75564.04,76873.48
3160.0,76981.75,76320.47,77643.04
3180.0,77747.19,77079.32,78415.06
3200.0,78514.67,77840.24,79189.09
3220.0,79284.53,78603.55,79965.52
3240.0,80056.79,79369.24,80744.34
3260.0,80831.69,80137.56,81525.81
3280.0,81608.82,80908.09,82309.55
3300.0,82388.27,81680.94,83095.60
3320.0,83170.07,82456.20,83883.94
3340.0,83954.15,83233.73,84674.56
3360.0,84740.37,84013.36,85467.37
3380.0,85528.71,84795.10,86262.31
3400.0,86319.44,85579.29,87059.59
3420.0,87112.31,86365.56,87859.07
3440.0,87907.55,87154.15,88660.96
3460.0,88705.25,87945.14,89465.37
3480.0,89504.93,88738.10,90271.76
3500.0,90306.88,89533.36,91080.40
3520.0,91110.90,90330.70,91891.10
3540.0,91917.13,91130.23,92704.04
3560.0,92725.17,91931.57,93518.76
3580.0,93535.23,92734.93,94335.53
3600.0,94347.07,93540.06,95154.08
3620.0,95161.03,94347.30,95974.77
3640.0,95977.19,95156.74,96797.64
3660.0,96795.09,95967.88,97622.31
3680.0,97615.22,96781.32,98449.13
3700.0,98437.41,97596.76,99278.07
3720.0,99261.45,98414.02,100108.88
3740.0,100087.60,99233.40,100941.80
3760.0,100915.97,100054.97,101776.98
3780.0,101746.41,100878.55,102614.26
3800.0,102578.67,101703.99,103453.35
3820.0,103412.97,102531.48,104294.47
3840.0,104249.34,103361.03,105137.65
3860.0,105087.51,104192.39,105982.63
3880.0,105927.73,105025.82,106829.65
3900.0,106770.11,105861.41,107678.81
3920.0,107614.11,106698.63,108529.59
3940.0,108459.97,107537.73,109382.22
3960.0,109307.42,108378.38,110236.46
3980.0,110156.69,109220.85,111092.54
4000.0,111007.52,110064.87,111950.17
4020.0,111860.32,110910.90,112809.74
4040.0,112714.68,111758.54,113670.82
4060.0,113570.70,112607.78,114533.62
4080.0,114428.63,113458.99,115398.27
4100.0,115288.16,114311.76,116264.56
4120.0,116149.59,115166.43,117132.74
4140.0,117012.53,116022.64,118002.42
4160.0,117877.21,116880.62,118873.81
4180.0,118743.61,117740.33,119746.90
4200.0,119611.78,118601.94,120621.61
4220.0,120481.78,119465.47,121498.10
4240.0,121353.37,120330.57,122376.18
4260.0,122226.57,121197.29,123255.85
4280.0,123101.46,122065.73,124137.19
4300.0,123978.01,122935.90,125020.11
4320.0,124856.45,123808.07,125904.83
4340.0,125736.67,124682.06,126791.29
4360.0,126618.81,125557.97,127679.65
4380.0,127502.71,126435.75,128569.68
4400.0,128388.36,127315.29,129461.43
4420.0,129275.40,128196.28,130354.52
4440.0,130164.27,129079.10,131249.43
4460.0,131054.91,129963.71,132146.10
4480.0,131947.11,130849.86,133044.35
4500.0,132841.08,131737.84,133944.31
4520.0,133736.93,132627.78,134846.09
4540.0,134634.61,133519.52,135749.71
4560.0,135533.90,134412.90,136654.89
4580.0,136434.97,135308.10,137561.85
4600.0,137337.60,136204.89,138470.30
4620.0,138241.71,137103.14,139380.28
4640.0,139147.49,138003.05,140291.92
4660.0,140054.85,138904.59,141205.12
4680.0,140963.73,139807.68,142119.78
4700.0,141874.20,140712.43,143035.97
4720.0,142786.05,141618.62,143953.49
4740.0,143699.44,142526.40,144872.48
4760.0,144614.19,143435.55,145792.83
4780.0,145530.41,144346.23,146714.58
4800.0,146448.30,145258.68,147637.92
4820.0,147367.55,146172.53,148562.57
4840.0,148288.24,147087.92,149488.56
4860.0,149210.41,148004.86,150415.95
4880.0,150133.95,148923.22,151344.68
4900.0,151058.99,149843.17,152274.81
4920.0,151985.43,150764.57,153206.28
4940.0,152913.09,151687.26,154138.93
4960.0,153842.35,152611.60,155073.11
4980.0,154772.83,153537.21,156008.44
5000.0,155704.40,154463.97,156944.83
