trial,mean,ci_down,ci_up
0.0,3.02,2.61,3.43
20.0,5.80,5.23,6.37
40.0,8.90,8.20,9.60
60.0,12.82,11.97,13.67
80.0,16.66,15.58,17.74
100.0,22.14,20.81,23.47
120.0,28.92,27.31,30.53
140.0,35.12,33.33,36.91
160.0,42.42,40.39,44.45
180.0,53.28,50.83,55.73
200.0,63.34,60.58,66.10
220.0,75.18,72.17,78.19
240.0,89.14,85.95,92.33
260.0,104.42,101.10,107.74
280.0,120.48,116.73,124.23
300.0,137.60,133.52,141.68
320.0,155.52,150.98,160.06
340.0,174.92,169.77,180.07
360.0,195.54,189.87,201.21
380.0,216.26,210.20,222.32
400.0,238.46,231.73,245.19
420.0,260.34,252.92,267.76
440.0,284.00,275.91,292.09
460.0,307.98,299.32,316.64
480.0,333.32,323.84,342.80
500.0,358.24,348.12,368.36
520.0,385.66,374.94,396.38
540.0,413.54,402.37,424.71
560.0,443.58,431.78,455.38
580.0,471.98,459.64,484.32
600.0,503.08,490.05,516.11
620.0,533.82,519.99,547.65
640.0,566.92,552.15,581.69
660.0,601.74,586.61,616.87
680.0,636.74,620.93,652.55
700.0,671.66,655.36,687.96
720.0,708.38,691.43,725.33
740.0,745.88,728.49,763.27
760.0,783.68,765.73,801.63
780.0,821.24,802.72,839.76
800.0,860.54,841.75,879.33
820.0,899.84,880.42,919.26
840.0,941.32,921.21,961.43
860.0,981.14,960.21,1002.07
880.0,1022.62,1000.88,1044.36
900.0,1064.46,1041.66,1087.26
920.0,1106.58,1083.22,1129.94
940.0,1149.52,1125.63,1173.41
960.0,1193.30,1168.69,1217.91
980.0,1236.92,1211.47,1262.37
1000.0,1281.40,1255.30,1307.50
1020.0,1325.52,1299.19,1351.85
1040.0,1371.04,1344.01,1398.07
1060.0,1416.12,1388.38,1443.86
1080.0,1460.90,1432.47,1489.33
1100.0,1506.76,1477.42,1536.10
1120.0,1554.72,1524.85,1584.59
1140.0,1602.40,1571.77,1633.03
1160.0,1649.66,1618.53,1680.79
1180.0,1696.82,1665.14,1728.50
1200.0,1744.16,1711.74,1776.58
1220.0,1793.22,1759.95,1826.49
1240.0,1841.08,1807.59,1874.57
1260.0,1891.26,1857.05,1925.47
1280.0,1941.44,1906.44,1976.44
1300.0,1991.20,1955.12,2027.28
1320.0,2042.44,2005.57,2079.31
1340.0,2093.12,2055.62,2130.62
1360.0,2145.84,2107.72,2183.96
1380.0,2196.86,2157.90,2235.82
1400.0,2249.08,2209.39,2288.77
1420.0,2300.48,2259.86,2341.10
1440.0,2352.92,2311.40,2394.44
1460.0,2405.58,2363.38,2447.78
1480.0,2457.20,2414.60,2499.80
1500.0,2509.90,2466.97,2552.83
1520.0,2564.34,2520.86,2607.82
1540.0,2618.84,2574.62,2663.06
1560.0,2672.18,2627.57,2716.79
1580.0,2725.52,2680.17,2770.87
1600.0,2780.76,2734.38,2827.14
1620.0,2836.34,2789.05,2883.63
1640.0,2890.74,2842.50,2938.98
1660.0,2946.36,2897.62,2995.10
1680.0,3003.90,2954.32,3053.48
1700.0,3059.12,3008.67,3109.57
1720.0,3116.08,3064.91,3167.25
1740.0,3173.26,3121.29,3225.23
1760.0,3229.40,3176.77,3282.03
1780.0,3286.64,3233.33,3339.95
1800.0,3344.08,3290.12,3398.04
1820.0,3401.34,3346.81,3455.87
1840.0,3460.64,3405.44,3515.84
1860.0,3519.46,3463.70,3575.22
1880.0,3578.10,3521.73,3634.47
1900.0,3636.70,3579.50,3693.90
1920.0,3695.74,3638.00,3753.48
1940.0,3754.34,3695.61,3813.07
1960.0,3813.02,3753.57,3872.47
1980.0,3871.02,3810.92,3931.12
2000.0,3929.80,3868.92,3990.68
2020.0,3989.36,3927.89,4050.83
2040.0,4046.24,3983.64,4108.84
2060.0,4105.70,4042.26,4169.14
2080.0,4165.36,4101.05,4229.67
2100.0,4225.18,4159.94,4290.42
2120.0,4284.92,4219.10,4350.74
2140.0,4344.44,4277.93,4410.95
2160.0,4403.18,4335.78,4470.58
2180.0,4461.90,4393.74,4530.06
2200.0,4522.20,4453.29,4591.11
2220.0,4582.22,4512.73,4651.71
2240.0,4642.04,4571.93,4712.15
2260.0,4702.24,4631.44,4773.04
2280.0,4763.10,4691.65,4834.55
2300.0,4823.90,4751.81,4895.99
2320.0,4884.68,4811.88,4957.48
2340.0,4943.28,4869.43,5017.13
2360.0,5002.62,4927.79,5077.45
2380.0,5062.90,4987.40,5138.40
2400.0,5122.80,5046.54,5199.06
2420.0,5184.40,5107.36,5261.44
2440.0,5244.20,5166.44,5321.96
2460.0,5306.52,5228.19,5384.85
2480.0,5367.46,5288.26,5446.66
2500.0,5428.04,5348.32,5507.76
2520.0,5489.20,5408.62,5569.78
2540.0,5550.34,5468.72,5631.96
2560.0,5612.50,5529.71,5695.29
2580.0,5673.08,5589.59,5756.57
2600.0,5733.66,5649.17,5818.15
2620.0,5795.18,5709.75,5880.61
2640.0,5856.52,5770.10,5942.94
2660.0,5918.74,5831.28,6006.20
2680.0,5981.54,5893.16,6069.92
2700.0,6043.82,5954.34,6133.30
2720.0,6106.10,6015.97,6196.23
2740.0,6167.86,6076.93,6258.79
2760.0,6229.30,6137.61,6320.99
2780.0,6291.80,6199.21,6384.39
2800.0,6355.40,6261.74,6449.06
2820.0,6418.50,6323.96,6513.04
2840.0,6480.62,6385.33,6575.91
2860.0,6543.22,6447.15,6639.29
2880.0,6606.22,6509.52,6702.92
2900.0,6670.26,6572.69,6767.83
2920.0,6732.96,6634.86,6831.06
2940.0,6796.68,6698.18,6895.18
2960.0,6860.16,6761.23,6959.09
2980.0,6923.22,6823.79,7022.65
3000.0,6986.58,6886.29,7086.87
3020.0,7050.58,6949.77,7151.39
3040.0,7115.38,7013.69,7217.07
3060.0,7179.76,7077.58,7281.94
3080.0,7244.10,7141.24,7346.96
3100.0,7307.90,7204.59,7411.21
3120.0,7372.30,7268.38,7476.22
3140.0,7436.98,7332.48,7541.48
3160.0,7502.14,7397.11,7607.17
3180.0,7566.40,7460.81,7671.99
3200.0,7631.98,7525.85,7738.11
3220.0,7696.98,7590.37,7803.59
3240.0,7762.02,7654.88,7869.16
3260.0,7829.34,7721.88,7936.80
3280.0,7894.86,7786.82,8002.90
3300.0,7959.92,7851.53,8068.31
3320.0,8023.90,7914.98,8132.82
3340.0,8088.86,7979.94,8197.78
3360.0,8154.00,8044.58,8263.42
3380.0,8219.88,8109.91,8329.85
3400.0,8286.68,8176.36,8397.00
3420.0,8352.30,8241.47,8463.13
3440.0,8420.46,8309.09,8531.83
3460.0,8485.24,8373.55,8596.93
3480.0,8551.78,8439.59,8663.97
3500.0,8618.58,8505.69,8731.47
3520.0,8683.06,8569.76,8796.36
3540.0,8748.40,8634.39,8862.41
3560.0,8814.62,8699.98,8929.26
3580.0,8882.54,8767.77,8997.31
3600.0,8949.86,8834.68,9065.04
3620.0,9016.94,8901.46,9132.42
3640.0,9083.28,8967.36,9199.20
3660.0,9150.64,9034.22,9267.06
3680.0,9218.20,9101.44,9334.96
3700.0,9285.10,9167.90,9402.30
3720.0,9353.04,9235.70,9470.38
3740.0,9420.76,9303.10,9538.42
3760.0,9488.44,9370.77,9606.11
3780.0,9556.20,9438.34,9674.06
3800.0,9623.54,9505.44,9741.64
3820.0,9691.98,9573.17,9810.79
3840.0,9759.42,9639.88,9878.96
3860.0,9826.72,9707.05,9946.39
3880.0,9894.68,9774.65,10014.71
3900.0,9962.96,9842.50,10083.42
3920.0,10031.86,9911.03,10152.69
3940.0,10099.88,9978.89,10220.87
3960.0,10167.18,10045.61,10288.75
3980.0,10235.32,10113.54,10357.10
4000.0,10304.46,10182.66,10426.26
4020.0,10372.80,10250.86,10494.74
4040.0,10441.96,10319.86,10564.06
4060.0,10511.32,10388.88,10633.76
4080.0,10581.02,10458.47,10703.57
4100.0,10650.82,10527.81,10773.83
4120.0,10719.62,10596.63,10842.61
4140.0,10789.66,10666.33,10912.99
4160.0,10858.26,10734.32,10982.20
4180.0,10925.90,10801.89,11049.91
4200.0,10993.70,10869.32,11118.08
4220.0,11062.52,10937.85,11187.19
4240.0,11131.78,11006.80,11256.76
4260.0,11201.08,11075.71,11326.45
4280.0,11271.12,11145.42,11396.82
4300.0,11340.52,11214.71,11466.33
4320.0,11410.12,11284.05,11536.19
4340.0,11478.96,11352.27,11605.65
4360.0,11548.10,11421.17,11675.03
4380.0,11617.44,11490.15,11744.73
4400.0,11686.68,11559.26,11814.10
4420.0,11756.02,11628.32,11883.72
4440.0,11825.70,11697.60,11953.80
4460.0,11894.76,11766.15,12023.37
4480.0,11965.36,11836.30,12094.42
4500.0,12035.26,11905.92,12164.60
4520.0,12106.16,11976.31,12236.01
4540.0,12176.26,12046.25,12306.27
4560.0,12245.94,12115.39,12376.49
4580.0,12315.00,12183.92,12446.08
4600.0,12384.98,12253.71,12516.25
4620.0,12454.76,12323.13,12586.39
4640.0,12526.00,12394.25,12657.75
4660.0,12597.24,12465.21,12729.27
4680.0,12667.98,12535.41,12800.55
4700.0,12738.10,12605.44,12870.76
4720.0,12809.32,12676.38,12942.26
4740.0,12880.08,12746.90,13013.26
4760.0,12951.12,12817.45,13084.79
4780.0,13022.72,12888.87,13156.57
4800.0,13094.30,12960.19,13228.41
4820.0,13165.62,13031.62,13299.62
4840.0,13236.98,13102.81,13371.15
4860.0,13307.56,13173.18,13441.94
4880.0,13378.94,13244.36,13513.52
4900.0,13448.92,13313.85,13583.99
4920.0,13520.24,13385.24,13655.24
4940.0,13591.92,13456.66,13727.18
4960.0,13663.72,13528.26,13799.18
4980.0,13737.06,13601.37,13872.75
5000.0,13809.02,13673.42,13944.62
