trial,mean,ci_down,ci_up
0.0,38.96,36.37,41.55
20.0,78.51,73.85,83.17
40.0,123.12,117.85,128.38
60.0,175.80,169.29,182.31
80.0,235.96,228.03,243.89
100.0,302.36,293.43,311.28
120.0,374.49,365.26,383.73
140.0,447.75,437.83,457.67
160.0,524.81,513.84,535.79
180.0,608.91,597.60,620.23
200.0,697.19,685.77,708.62
220.0,786.42,774.48,798.36
240.0,877.48,864.91,890.05
260.0,968.36,955.44,981.29
280.0,1059.42,1046.63,1072.21
300.0,1150.74,1137.60,1163.87
320.0,1244.26,1231.13,1257.40
340.0,1337.68,1324.35,1351.00
360.0,1431.32,1417.59,1445.05
380.0,1526.29,1512.18,1540.40
400.0,1623.64,1609.27,1638.02
420.0,1719.64,1704.95,1734.32
440.0,1816.59,1801.31,1831.87
460.0,1915.03,1899.62,1930.45
480.0,2013.94,1998.29,2029.58
500.0,2112.44,2096.73,2128.15
520.0,2211.73,2196.09,2227.36
540.0,2310.95,2295.21,2326.69
560.0,2409.90,2393.88,2425.93
580.0,2508.80,2492.59,2525.02
600.0,2609.55,2593.13,2625.96
620.0,2709.68,2693.13,2726.23
640.0,2810.04,2793.36,2826.73
660.0,2910.49,2893.85,2927.13
680.0,3011.41,2994.88,3027.94
700.0,3112.62,3096.20,3129.05
720.0,3214.16,3197.78,3230.53
740.0,3314.81,3298.37,3331.25
760.0,3416.45,3399.82,3433.08
780.0,3517.71,3500.91,3534.51
800.0,3620.03,3603.21,3636.84
820.0,3722.26,3705.43,3739.09
840.0,3825.03,3808.01,3842.05
860.0,3927.78,3910.51,3945.05
880.0,4030.79,4013.09,4048.48
900.0,4133.25,4115.47,4151.03
920.0,4235.51,4217.56,4253.46
940.0,4338.50,4320.57,4356.43
960.0,4440.59,4422.40,4458.78
980.0,4542.36,4523.97,4560.75
1000.0,4644.32,4625.95,4662.68
1020.0,4746.69,4727.95,4765.44
1040.0,4849.83,4831.04,4868.63
1060.0,4951.57,4932.76,4970.38
1080.0,5053.94,5035.00,5072.88
1100.0,5156.15,5136.98,5175.32
1120.0,5259.08,5239.93,5278.22
1140.0,5362.78,5343.37,5382.19
1160.0,5466.15,5446.51,5485.79
1180.0,5568.16,5548.43,5587.88
1200.0,5671.04,5651.17,5690.91
1220.0,5772.50,5752.47,5792.53
1240.0,5874.57,5854.42,5894.73
1260.0,5977.57,5957.35,5997.79
1280.0,6079.82,6059.55,6100.09
1300.0,6182.31,6162.03,6202.59
1320.0,6284.52,6264.09,6304.94
1340.0,6387.36,6366.75,6407.97
1360.0,6490.64,6469.69,6511.58
1380.0,6593.08,6571.96,6614.19
1400.0,6694.74,6673.29,6716.20
1420.0,6798.01,6776.36,6819.66
1440.0,6900.60,6878.92,6922.28
1460.0,7003.36,6981.48,7025.24
1480.0,7105.32,7083.11,7127.52
1500.0,7208.80,7186.08,7231.53
1520.0,7310.99,7288.08,7333.91
1540.0,7414.17,7391.13,7437.22
1560.0,7517.28,7494.06,7540.50
1580.0,7619.94,7596.32,7643.56
1600.0,7722.13,7698.11,7746.14
1620.0,7824.21,7799.98,7848.44
1640.0,7927.02,7902.42,7951.62
1660.0,8029.43,8004.58,8054.29
1680.0,8132.45,8107.38,8157.52
1700.0,8235.32,8209.88,8260.76
1720.0,8337.92,8312.27,8363.57
1740.0,8440.34,8414.37,8466.30
1760.0,8542.90,8516.66,8569.14
1780.0,8646.01,8619.55,8672.46
1800.0,8749.44,8722.74,8776.13
1820.0,8850.76,8823.80,8877.72
1840.0,8952.50,8925.13,8979.87
1860.0,9055.07,9027.35,9082.79
1880.0,9157.20,9129.21,9185.18
1900.0,9259.25,9230.99,9287.50
1920.0,9361.74,9333.17,9390.31
1940.0,9463.82,9434.87,9492.78
1960.0,9565.80,9536.50,9595.10
1980.0,9668.34,9638.76,9697.92
2000.0,9770.84,9740.93,9800.75
2020.0,9872.88,9842.64,9903.11
2040.0,9974.66,9944.25,10005.08
2060.0,10076.53,10045.95,10107.11
2080.0,10178.27,10147.20,10209.33
2100.0,10281.09,10249.68,10312.50
2120.0,10383.64,10351.98,10415.30
2140.0,10485.32,10453.19,10517.45
2160.0,10587.71,10555.17,10620.26
2180.0,10689.38,10656.40,10722.36
2200.0,10791.26,10757.93,10824.59
2220.0,10893.07,10859.49,10926.64
2240.0,10995.09,10961.19,11028.99
2260.0,11096.56,11062.23,11130.90
2280.0,11197.87,11163.22,11232.51
2300.0,11299.90,11264.88,11334.92
2320.0,11401.29,11365.98,11436.60
2340.0,11502.83,11467.14,11538.52
2360.0,11605.06,11568.88,11641.24
2380.0,11706.11,11669.48,11742.74
2400.0,11807.57,11770.48,11844.66
2420.0,11909.70,11872.27,11947.13
2440.0,12011.04,11973.29,12048.78
2460.0,12113.25,12074.93,12151.56
2480.0,12214.46,12175.80,12253.12
2500.0,12316.12,12277.16,12355.08
2520.0,12417.69,12378.29,12457.09
2540.0,12519.19,12479.27,12559.11
2560.0,12620.16,12579.81,12660.52
2580.0,12720.99,12680.42,12761.57
2600.0,12822.40,12781.64,12863.17
2620.0,12924.31,12883.07,12965.55
2640.0,13025.57,12984.09,13067.05
2660.0,13127.15,13085.20,13169.10
2680.0,13229.36,13187.10,13271.63
2700.0,13331.00,13288.46,13373.54
2720.0,13432.31,13389.41,13475.22
2740.0,13533.50,13490.19,13576.80
2760.0,13633.92,13590.36,13677.48
2780.0,13734.48,13690.62,13778.34
2800.0,13835.34,13791.20,13879.49
2820.0,13936.30,13891.82,13980.77
2840.0,14037.59,13992.88,14082.29
2860.0,14138.37,14093.28,14183.46
2880.0,14239.67,14194.21,14285.13
2900.0,14340.91,14295.01,14386.81
2920.0,14442.28,14395.89,14488.67
2940.0,14543.04,14496.26,14589.82
2960.0,14644.23,14597.14,14691.32
2980.0,14745.02,14697.64,14792.40
3000.0,14845.52,14797.79,14893.24
3020.0,14946.73,14898.60,14994.86
3040.0,15048.37,14999.92,15096.81
3060.0,15148.78,15099.90,15197.66
3080.0,15250.66,15201.57,15299.75
3100.0,15351.49,15302.06,15400.91
3120.0,15452.30,15402.61,15501.99
3140.0,15553.35,15503.33,15603.36
3160.0,15654.69,15604.28,15705.10
3180.0,15756.03,15705.33,15806.73
3200.0,15856.71,15805.73,15907.70
3220.0,15957.31,15905.96,16008.67
3240.0,16058.01,16006.22,16109.79
3260.0,16158.52,16106.30,16210.74
3280.0,16258.67,16206.16,16311.18
3300.0,16358.57,16305.55,16411.59
3320.0,16458.41,16404.97,16511.84
3340.0,16558.15,16504.35,16611.95
3360.0,16659.01,16604.88,16713.15
3380.0,16759.96,16705.56,16814.37
3400.0,16859.65,16804.93,16914.37
3420.0,16960.33,16905.16,17015.50
3440.0,17060.39,17004.88,17115.91
3460.0,17160.94,17105.01,17216.86
3480.0,17261.55,17205.42,17317.68
3500.0,17362.32,17305.63,17419.01
3520.0,17461.81,17404.76,17518.86
3540.0,17561.77,17504.33,17619.20
3560.0,17661.78,17603.76,17719.80
3580.0,17762.38,17704.08,17820.67
3600.0,17862.58,17803.76,17921.40
3620.0,17962.08,17902.88,18021.28
3640.0,18061.76,18002.24,18121.28
3660.0,18161.97,18101.81,18222.13
3680.0,18261.57,18201.03,18322.11
3700.0,18361.86,18301.06,18422.65
3720.0,18461.96,18400.82,18523.10
3740.0,18562.17,18500.63,18623.71
3760.0,18662.05,18600.06,18724.05
3780.0,18761.28,18698.91,18823.65
3800.0,18860.65,18797.87,18923.43
3820.0,18960.30,18897.06,19023.54
3840.0,19060.54,18996.93,19124.15
3860.0,19160.42,19096.28,19224.55
3880.0,19260.01,19195.41,19324.61
3900.0,19358.88,19293.89,19423.88
3920.0,19458.32,19392.95,19523.68
3940.0,19558.58,19492.79,19624.37
3960.0,19658.59,19592.36,19724.82
3980.0,19758.31,19691.74,19824.88
4000.0,19857.61,19790.56,19924.67
4020.0,19957.25,19889.70,20024.80
4040.0,20057.17,19989.05,20125.30
4060.0,20156.53,20088.02,20225.04
4080.0,20255.74,20186.68,20324.80
4100.0,20355.74,20286.32,20425.16
4120.0,20455.66,20385.52,20525.79
4140.0,20553.90,20483.23,20624.58
4160.0,20653.15,20582.00,20724.31
4180.0,20752.74,20680.85,20824.62
4200.0,20852.07,20779.59,20924.54
4220.0,20951.46,20878.52,21024.40
4240.0,21050.40,20977.09,21123.70
4260.0,21149.04,21075.31,21222.76
4280.0,21247.83,21173.50,21322.16
4300.0,21346.37,21271.63,21421.11
4320.0,21446.03,21370.78,21521.29
4340.0,21545.45,21469.78,21621.12
4360.0,21644.60,21568.59,21720.61
4380.0,21743.71,21667.19,21820.24
4400.0,21842.19,21765.24,21919.14
4420.0,21941.69,21864.34,22019.04
4440.0,22040.13,21962.20,22118.07
4460.0,22138.89,22060.46,22217.32
4480.0,22237.64,22158.75,22316.53
4500.0,22336.12,22256.79,22415.44
4520.0,22434.80,22355.17,22514.44
4540.0,22533.55,22453.71,22613.39
4560.0,22632.16,22551.89,22712.42
4580.0,22730.99,22650.30,22811.67
4600.0,22829.73,22748.65,22910.80
4620.0,22928.16,22846.71,23009.62
4640.0,23027.00,22945.14,23108.86
4660.0,23125.72,23043.45,23207.98
4680.0,23224.93,23142.26,23307.61
4700.0,23323.20,23240.22,23406.17
4720.0,23422.19,23338.89,23505.49
4740.0,23521.35,23437.69,23605.00
4760.0,23620.57,23536.56,23704.59
4780.0,23719.89,23635.45,23804.33
4800.0,23819.21,23734.32,23904.09
4820.0,23917.72,23832.23,24003.21
4840.0,24015.75,23929.89,24101.61
4860.0,24115.41,24029.04,24201.78
4880.0,24213.95,24127.07,24300.82
4900.0,24312.56,24225.25,24399.87
4920.0,24410.93,24323.12,24498.73
4940.0,24509.50,24421.22,24597.78
4960.0,24608.33,24519.76,24696.89
4980.0,24706.69,24617.59,24795.80
5000.0,24805.30,24715.87,24894.73
