trial,mean,ci_down,ci_up
0.0,3.02,2.61,3.43
20.0,2.78,2.40,3.16
40.0,3.10,2.73,3.47
60.0,3.92,3.40,4.44
80.0,3.84,3.33,4.35
100.0,5.48,4.97,5.99
120.0,6.78,6.09,7.47
140.0,6.20,5.50,6.90
160.0,7.30,6.73,7.87
180.0,10.86,9.98,11.74
200.0,10.06,9.19,10.93
220.0,11.84,11.00,12.68
240.0,13.96,13.13,14.79
260.0,15.28,14.34,16.22
280.0,16.06,14.90,17.22
300.0,17.12,15.91,18.33
320.0,17.92,16.67,19.17
340.0,19.40,17.97,20.83
360.0,20.62,19.42,21.82
380.0,20.72,19.26,22.18
400.0,22.20,20.60,23.80
420.0,21.88,20.47,23.29
440.0,23.66,22.31,25.01
460.0,23.98,22.44,25.52
480.0,25.34,23.81,26.87
500.0,24.92,23.37,26.47
520.0,27.42,25.79,29.05
540.0,27.88,26.64,29.12
560.0,30.04,28.34,31.74
580.0,28.40,26.71,30.09
600.0,31.10,29.55,32.65
620.0,30.74,29.11,32.37
640.0,33.10,31.46,34.74
660.0,34.82,33.42,36.22
680.0,35.00,33.49,36.51
700.0,34.92,33.14,36.70
720.0,36.72,34.76,38.68
740.0,37.50,35.70,39.30
760.0,37.80,36.18,39.42
780.0,37.56,36.19,38.93
800.0,39.30,37.90,40.70
820.0,39.30,37.64,40.96
840.0,41.48,39.72,43.24
860.0,39.82,38.28,41.36
880.0,41.48,39.67,43.29
900.0,41.84,39.88,43.80
920.0,42.12,40.49,43.75
940.0,42.94,41.43,44.45
960.0,43.78,42.34,45.22
980.0,43.62,41.98,45.26
1000.0,44.48,42.98,45.98
1020.0,44.12,42.78,45.46
1040.0,45.52,43.84,47.20
1060.0,45.08,43.25,46.91
1080.0,44.78,43.02,46.54
1100.0,45.86,44.23,47.49
1120.0,47.96,46.30,49.62
1140.0,47.68,46.18,49.18
1160.0,47.26,45.76,48.76
1180.0,47.16,45.75,48.57
1200.0,47.34,45.51,49.17
1220.0,49.06,47.18,50.94
1240.0,47.86,46.23,49.49
1260.0,50.18,48.63,51.73
1280.0,50.18,48.73,51.63
1300.0,49.76,47.80,51.72
1320.0,51.24,49.57,52.91
1340.0,50.68,49.19,52.17
1360.0,52.72,51.08,54.36
1380.0,51.02,49.12,52.92
1400.0,52.22,50.34,54.10
1420.0,51.40,49.60,53.20
1440.0,52.44,50.82,54.06
1460.0,52.66,50.98,54.34
1480.0,51.62,50.08,53.16
1500.0,52.70,51.06,54.34
1520.0,54.44,53.06,55.82
1540.0,54.50,52.72,56.28
1560.0,53.34,51.66,55.02
1580.0,53.34,51.78,54.90
1600.0,55.24,53.40,57.08
1620.0,55.58,54.04,57.12
1640.0,54.40,52.59,56.21
1660.0,55.62,54.08,57.16
1680.0,57.54,55.70,59.38
1700.0,55.22,53.55,56.89
1720.0,56.96,55.26,58.66
1740.0,57.18,55.49,58.87
1760.0,56.14,54.57,57.71
1780.0,57.24,55.36,59.12
1800.0,57.44,55.66,59.22
1820.0,57.26,55.61,58.91
1840.0,59.30,57.94,60.66
1860.0,58.82,57.21,60.43
1880.0,58.64,57.24,60.04
1900.0,58.60,56.79,60.41
1920.0,59.04,57.43,60.65
1940.0,58.60,56.74,60.46
1960.0,58.68,56.98,60.38
1980.0,58.00,56.58,59.42
2000.0,58.78,57.06,60.50
2020.0,59.56,58.18,60.94
2040.0,56.88,55.17,58.59
2060.0,59.46,57.75,61.17
2080.0,59.66,57.90,61.42
2100.0,59.82,57.83,61.81
2120.0,59.74,58.09,61.39
2140.0,59.52,58.07,60.97
2160.0,58.74,57.00,60.48
2180.0,58.72,56.95,60.49
2200.0,60.30,58.58,62.02
2220.0,60.02,58.54,61.50
2240.0,59.82,58.29,61.35
2260.0,60.20,58.50,61.90
2280.0,60.86,59.39,62.33
2300.0,60.80,58.90,62.70
2320.0,60.78,58.96,62.60
2340.0,58.60,56.77,60.43
2360.0,59.34,57.32,61.36
2380.0,60.28,58.59,61.97
2400.0,59.90,58.22,61.58
2420.0,61.60,59.76,63.44
2440.0,59.80,58.07,61.53
2460.0,62.32,60.80,63.84
2480.0,60.94,59.11,62.77
2500.0,60.58,59.12,62.04
2520.0,61.16,59.49,62.83
2540.0,61.14,59.43,62.85
2560.0,62.16,60.06,64.26
2580.0,60.58,58.91,62.25
2600.0,60.58,58.53,62.63
2620.0,61.52,59.74,63.30
2640.0,61.34,59.40,63.28
2660.0,62.22,60.33,64.11
2680.0,62.80,61.11,64.49
2700.0,62.28,60.50,64.06
2720.0,62.28,60.64,63.92
2740.0,61.76,59.97,63.55
2760.0,61.44,59.76,63.12
2780.0,62.50,60.59,64.41
2800.0,63.60,61.62,65.58
2820.0,63.10,61.47,64.73
2840.0,62.12,60.38,63.86
2860.0,62.60,60.81,64.39
2880.0,63.00,61.38,64.62
2900.0,64.04,62.45,65.63
2920.0,62.70,61.24,64.16
2940.0,63.72,61.93,65.51
2960.0,63.48,62.21,64.75
2980.0,63.06,61.34,64.78
3000.0,63.36,61.56,65.16
3020.0,64.00,62.38,65.62
3040.0,64.80,63.04,66.56
3060.0,64.38,62.85,65.91
3080.0,64.34,62.82,65.86
3100.0,63.80,62.08,65.52
3120.0,64.40,62.86,65.94
3140.0,64.68,63.33,66.03
3160.0,65.16,63.26,67.06
3180.0,64.26,62.74,65.78
3200.0,65.58,63.65,67.51
3220.0,65.00,63.50,66.50
3240.0,65.04,63.49,66.59
3260.0,67.32,65.94,68.70
3280.0,65.52,63.96,67.08
3300.0,65.06,63.66,66.46
3320.0,63.98,62.34,65.62
3340.0,64.96,63.33,66.59
3360.0,65.14,63.66,66.62
3380.0,65.88,64.37,67.39
3400.0,66.80,65.27,68.33
3420.0,65.62,64.07,67.17
3440.0,68.16,66.64,69.68
3460.0,64.78,63.13,66.43
3480.0,66.54,64.92,68.16
3500.0,66.80,65.07,68.53
3520.0,64.48,63.00,65.96
3540.0,65.34,63.62,67.06
3560.0,66.22,64.51,67.93
3580.0,67.92,66.85,68.99
3600.0,67.32,65.82,68.82
3620.0,67.08,65.58,68.58
3640.0,66.34,64.76,67.92
3660.0,67.36,66.11,68.61
3680.0,67.56,66.04,69.08
3700.0,66.90,65.49,68.31
3720.0,67.94,66.33,69.55
3740.0,67.72,66.08,69.36
3760.0,67.68,65.97,69.39
3780.0,67.76,66.26,69.26
3800.0,67.34,65.69,68.99
3820.0,68.44,67.05,69.83
3840.0,67.44,65.95,68.93
3860.0,67.30,65.73,68.87
3880.0,67.96,66.32,69.60
3900.0,68.28,66.76,69.80
3920.0,68.90,67.12,70.68
3940.0,68.02,66.53,69.51
3960.0,67.30,65.62,68.98
3980.0,68.14,66.32,69.96
4000.0,69.14,67.50,70.78
4020.0,68.34,66.77,69.91
4040.0,69.16,67.63,70.69
4060.0,69.36,67.72,71.00
4080.0,69.70,68.05,71.35
4100.0,69.80,68.32,71.28
4120.0,68.80,67.24,70.36
4140.0,70.04,68.38,71.70
4160.0,68.60,66.88,70.32
4180.0,67.64,65.91,69.37
4200.0,67.80,66.18,69.42
4220.0,68.82,67.00,70.64
4240.0,69.26,67.08,71.44
4260.0,69.30,67.39,71.21
4280.0,70.04,68.61,71.47
4300.0,69.40,67.72,71.08
4320.0,69.60,68.09,71.11
4340.0,68.84,67.15,70.53
4360.0,69.14,67.79,70.49
4380.0,69.34,67.88,70.80
4400.0,69.24,67.82,70.66
4420.0,69.34,68.01,70.67
4440.0,69.68,68.30,71.06
4460.0,69.06,67.45,70.67
4480.0,70.60,69.02,72.18
4500.0,69.90,68.57,71.23
4520.0,70.90,69.21,72.59
4540.0,70.10,68.55,71.65
4560.0,69.68,68.04,71.32
4580.0,69.06,67.23,70.89
4600.0,69.98,68.33,71.63
4620.0,69.78,68.16,71.40
4640.0,71.24,69.69,72.79
4660.0,71.24,70.00,72.48
4680.0,70.74,69.11,72.37
4700.0,70.12,68.78,71.46
4720.0,71.22,69.66,72.78
4740.0,70.76,69.18,72.34
4760.0,71.04,69.71,72.37
4780.0,71.60,69.94,73.26
4800.0,71.58,70.23,72.93
4820.0,71.32,69.69,72.95
4840.0,71.36,69.84,72.88
4860.0,70.58,69.10,72.06
4880.0,71.38,69.83,72.93
4900.0,69.98,68.15,71.81
4920.0,71.32,69.82,72.82
4940.0,71.68,69.92,73.44
4960.0,71.80,70.21,73.39
4980.0,73.34,71.96,74.72
5000.0,71.96,70.32,73.60
