trial,mean,ci_down,ci_up
0.0,38.96,36.37,41.55
20.0,39.55,36.12,42.97
40.0,44.61,41.31,47.91
60.0,52.68,48.87,56.50
80.0,60.16,55.79,64.53
100.0,66.40,63.03,69.77
120.0,72.14,69.22,75.05
140.0,73.25,69.41,77.09
160.0,77.07,74.17,79.96
180.0,84.10,81.69,86.51
200.0,88.28,85.90,90.66
220.0,89.23,87.23,91.23
240.0,91.06,88.73,93.39
260.0,90.89,88.97,92.81
280.0,91.06,89.42,92.69
300.0,91.32,89.71,92.92
320.0,93.52,91.58,95.47
340.0,93.42,91.87,94.96
360.0,93.64,92.22,95.06
380.0,94.97,93.73,96.22
400.0,97.35,95.74,98.96
420.0,96.00,94.60,97.39
440.0,96.95,95.56,98.35
460.0,98.44,97.30,99.58
480.0,98.90,97.69,100.12
500.0,98.50,97.22,99.79
520.0,99.29,97.93,100.64
540.0,99.22,97.94,100.50
560.0,98.96,97.60,100.31
580.0,98.90,97.39,100.40
600.0,100.75,99.52,101.97
620.0,100.13,98.90,101.36
640.0,100.37,99.38,101.35
660.0,100.45,99.37,101.53
680.0,100.92,99.96,101.88
700.0,101.21,100.24,102.19
720.0,101.53,100.33,102.73
740.0,100.66,99.53,101.78
760.0,101.64,100.76,102.52
780.0,101.26,100.03,102.49
800.0,102.32,101.18,103.45
820.0,102.23,101.34,103.13
840.0,102.77,101.84,103.70
860.0,102.75,101.66,103.83
880.0,103.01,101.95,104.07
900.0,102.46,101.44,103.49
920.0,102.26,101.10,103.41
940.0,102.99,102.06,103.92
960.0,102.09,101.10,103.09
980.0,101.77,100.57,102.98
1000.0,101.95,101.18,102.72
1020.0,102.38,101.39,103.37
1040.0,103.14,102.32,103.96
1060.0,101.73,100.79,102.68
1080.0,102.37,101.28,103.46
1100.0,102.21,101.15,103.27
1120.0,102.92,101.87,103.98
1140.0,103.70,102.74,104.67
1160.0,103.37,102.44,104.30
1180.0,102.01,101.16,102.85
1200.0,102.88,101.96,103.81
1220.0,101.46,100.39,102.53
1240.0,102.07,101.05,103.10
1260.0,103.00,102.07,103.93
1280.0,102.25,101.44,103.07
1300.0,102.49,101.47,103.51
1320.0,102.21,101.36,103.06
1340.0,102.84,101.92,103.77
1360.0,103.28,102.43,104.12
1380.0,102.44,101.54,103.34
1400.0,101.67,100.74,102.60
1420.0,103.27,102.40,104.13
1440.0,102.59,101.81,103.37
1460.0,102.76,101.71,103.81
1480.0,101.96,100.88,103.03
1500.0,103.49,102.40,104.57
1520.0,102.19,101.29,103.08
1540.0,103.18,102.27,104.09
1560.0,103.11,102.17,104.05
1580.0,102.66,101.79,103.52
1600.0,102.19,101.28,103.10
1620.0,102.08,101.03,103.13
1640.0,102.80,101.95,103.66
1660.0,102.42,101.49,103.34
1680.0,103.01,102.17,103.85
1700.0,102.87,102.13,103.62
1720.0,102.60,101.67,103.54
1740.0,102.42,101.40,103.43
1760.0,102.56,101.66,103.46
1780.0,103.11,102.04,104.18
1800.0,103.43,102.72,104.14
1820.0,101.32,100.47,102.18
1840.0,101.74,100.62,102.86
1860.0,102.57,101.48,103.66
1880.0,102.13,101.32,102.93
1900.0,102.05,101.18,102.92
1920.0,102.49,101.53,103.45
1940.0,102.09,101.37,102.81
1960.0,101.98,100.98,102.97
1980.0,102.54,101.68,103.40
2000.0,102.50,101.71,103.28
2020.0,102.04,101.28,102.79
2040.0,101.79,100.94,102.64
2060.0,101.87,101.12,102.62
2080.0,101.73,100.82,102.65
2100.0,102.82,101.90,103.75
2120.0,102.55,101.79,103.31
2140.0,101.68,100.67,102.69
2160.0,102.40,101.49,103.30
2180.0,101.67,100.66,102.67
2200.0,101.88,101.00,102.76
2220.0,101.81,101.03,102.58
2240.0,102.02,101.26,102.78
2260.0,101.47,100.48,102.47
2280.0,101.31,100.38,102.23
2300.0,102.03,101.04,103.01
2320.0,101.39,100.50,102.28
2340.0,101.54,100.68,102.39
2360.0,102.23,101.35,103.12
2380.0,101.05,100.11,101.99
2400.0,101.46,100.46,102.46
2420.0,102.13,101.14,103.13
2440.0,101.33,100.42,102.25
2460.0,102.21,101.31,103.10
2480.0,101.21,100.41,102.02
2500.0,101.67,100.84,102.49
2520.0,101.57,100.62,102.52
2540.0,101.50,100.44,102.55
2560.0,100.97,100.00,101.95
2580.0,100.83,100.14,101.51
2600.0,101.41,100.46,102.36
2620.0,101.91,100.84,102.98
2640.0,101.27,100.44,102.09
2660.0,101.57,100.66,102.49
2680.0,102.22,101.34,103.09
2700.0,101.63,100.93,102.34
2720.0,101.32,100.39,102.24
2740.0,101.18,100.28,102.08
2760.0,100.42,99.63,101.21
2780.0,100.57,99.70,101.43
2800.0,100.86,100.01,101.71
2820.0,100.95,100.05,101.86
2840.0,101.29,100.46,102.12
2860.0,100.78,99.80,101.77
2880.0,101.30,100.32,102.28
2900.0,101.24,100.30,102.18
2920.0,101.37,100.42,102.32
2940.0,100.76,99.94,101.58
2960.0,101.19,100.35,102.03
2980.0,100.79,99.95,101.63
3000.0,100.50,99.53,101.46
3020.0,101.21,100.26,102.16
3040.0,101.64,100.55,102.73
3060.0,100.42,99.42,101.41
3080.0,101.88,101.03,102.74
3100.0,100.82,100.01,101.63
3120.0,100.82,99.96,101.67
3140.0,101.04,100.15,101.94
3160.0,101.35,100.40,102.29
3180.0,101.34,100.51,102.18
3200.0,100.68,99.71,101.65
3220.0,100.60,99.65,101.55
3240.0,100.69,99.74,101.65
3260.0,100.51,99.57,101.45
3280.0,100.15,99.33,100.97
3300.0,99.90,98.95,100.85
3320.0,99.84,98.87,100.81
3340.0,99.74,98.99,100.49
3360.0,100.87,99.92,101.81
3380.0,100.95,100.14,101.76
3400.0,99.69,98.81,100.56
3420.0,100.68,99.66,101.70
3440.0,100.07,99.24,100.89
3460.0,100.54,99.72,101.36
3480.0,100.62,99.83,101.40
3500.0,100.77,99.79,101.75
3520.0,99.49,98.52,100.46
3540.0,99.96,99.04,100.88
3560.0,100.02,98.95,101.08
3580.0,100.59,99.78,101.41
3600.0,100.20,99.21,101.19
3620.0,99.50,98.43,100.57
3640.0,99.69,98.82,100.55
3660.0,100.20,99.28,101.13
3680.0,99.60,98.70,100.50
3700.0,100.29,99.46,101.12
3720.0,100.10,99.24,100.96
3740.0,100.21,99.27,101.14
3760.0,99.89,98.96,100.82
3780.0,99.23,98.31,100.14
3800.0,99.37,98.47,100.28
3820.0,99.65,98.76,100.54
3840.0,100.24,99.33,101.15
3860.0,99.87,99.00,100.75
3880.0,99.60,98.58,100.62
3900.0,98.87,97.98,99.76
3920.0,99.43,98.53,100.34
3940.0,100.26,99.34,101.19
3960.0,100.01,98.91,101.10
3980.0,99.72,98.62,100.82
4000.0,99.30,98.42,100.19
4020.0,99.64,98.63,100.65
4040.0,99.92,98.92,100.92
4060.0,99.36,98.48,100.23
4080.0,99.21,98.31,100.12
4100.0,100.00,99.18,100.81
4120.0,99.92,98.78,101.05
4140.0,98.24,97.32,99.17
4160.0,99.25,98.30,100.20
4180.0,99.58,98.46,100.71
4200.0,99.33,98.24,100.42
4220.0,99.39,98.31,100.47
4240.0,98.94,98.01,99.87
4260.0,98.64,97.90,99.38
4280.0,98.79,97.86,99.72
4300.0,98.54,97.58,99.50
4320.0,99.66,98.70,100.62
4340.0,99.42,98.47,100.36
4360.0,99.15,98.28,100.02
4380.0,99.11,98.23,99.99
4400.0,98.48,97.58,99.37
4420.0,99.50,98.71,100.30
4440.0,98.44,97.43,99.46
4460.0,98.75,97.81,99.69
4480.0,98.75,97.83,99.68
4500.0,98.48,97.45,99.50
4520.0,98.68,97.81,99.56
4540.0,98.75,97.89,99.61
4560.0,98.61,97.63,99.58
4580.0,98.83,97.93,99.73
4600.0,98.74,97.85,99.63
4620.0,98.44,97.57,99.31
4640.0,98.84,98.06,99.61
4660.0,98.71,97.89,99.54
4680.0,99.22,98.44,100.00
4700.0,98.26,97.36,99.17
4720.0,99.00,98.00,100.00
4740.0,99.15,98.26,100.05
4760.0,99.23,98.36,100.09
4780.0,99.32,98.52,100.11
4800.0,99.31,98.51,100.12
4820.0,98.51,97.48,99.54
4840.0,98.03,97.26,98.80
4860.0,99.66,98.76,100.55
4880.0,98.54,97.57,99.50
4900.0,98.61,97.81,99.41
4920.0,98.37,97.44,99.30
4940.0,98.57,97.75,99.40
4960.0,98.83,97.95,99.71
4980.0,98.36,97.41,99.32
5000.0,98.61,97.87,99.35
