trial,mean,ci_down,ci_up
0.0,0.00,0.00,0.00
20.0,3.31,3.03,3.58
40.0,10.88,10.37,11.39
60.0,19.71,19.06,20.37
80.0,28.89,28.18,29.61
100.0,38.95,38.07,39.82
120.0,48.60,47.67,49.53
140.0,59.99,58.75,61.23
160.0,71.80,70.35,73.25
180.0,82.87,81.30,84.44
200.0,94.41,92.62,96.19
220.0,105.81,104.01,107.60
240.0,115.65,113.84,117.47
260.0,124.55,122.68,126.42
280.0,134.35,132.52,136.18
300.0,143.93,142.03,145.82
320.0,153.39,151.54,155.25
340.0,162.78,160.64,164.93
360.0,172.74,170.37,175.10
380.0,182.49,180.03,184.95
400.0,192.30,189.95,194.65
420.0,201.17,198.84,203.50
440.0,209.05,206.66,211.45
460.0,216.97,214.42,219.51
480.0,225.49,222.84,228.15
500.0,234.11,231.34,236.89
520.0,241.72,238.92,244.51
540.0,249.29,246.47,252.11
560.0,256.76,253.95,259.58
580.0,264.26,261.39,267.13
600.0,271.93,268.93,274.92
620.0,279.65,276.52,282.77
640.0,287.15,284.11,290.18
660.0,294.40,291.33,297.47
680.0,300.81,297.57,304.04
700.0,307.61,304.36,310.86
720.0,314.25,311.01,317.48
740.0,320.79,317.52,324.07
760.0,327.35,324.04,330.66
780.0,334.37,331.00,337.75
800.0,341.28,337.88,344.68
820.0,347.49,344.05,350.93
840.0,353.31,349.85,356.77
860.0,358.57,355.11,362.04
880.0,364.43,360.90,367.96
900.0,370.41,366.77,374.04
920.0,375.75,372.17,379.33
940.0,381.61,377.91,385.31
960.0,387.31,383.53,391.08
980.0,393.25,389.40,397.09
1000.0,399.17,395.40,402.94
1020.0,404.43,400.74,408.12
1040.0,409.69,406.03,413.34
1060.0,414.88,411.13,418.63
1080.0,420.17,416.40,423.93
1100.0,425.97,422.01,429.93
1120.0,431.25,427.20,435.31
1140.0,437.56,433.58,441.54
1160.0,443.07,439.09,447.06
1180.0,448.80,444.71,452.89
1200.0,453.59,449.56,457.63
1220.0,458.13,454.14,462.13
1240.0,462.66,458.66,466.66
1260.0,466.96,462.92,471.00
1280.0,471.16,467.11,475.22
1300.0,474.74,470.69,478.79
1320.0,478.61,474.57,482.65
1340.0,482.13,478.02,486.24
1360.0,486.35,482.02,490.67
1380.0,490.71,486.24,495.17
1400.0,494.99,490.45,499.54
1420.0,498.87,494.29,503.45
1440.0,502.74,498.17,507.31
1460.0,506.49,501.97,511.01
1480.0,510.40,505.86,514.94
1500.0,514.63,510.09,519.16
1520.0,518.90,514.31,523.49
1540.0,523.00,518.36,527.64
1560.0,527.17,522.44,531.90
1580.0,531.45,526.69,536.21
1600.0,535.57,530.73,540.40
1620.0,539.39,534.54,544.24
1640.0,543.24,538.30,548.18
1660.0,546.71,541.66,551.76
1680.0,550.55,545.43,555.66
1700.0,554.31,549.12,559.49
1720.0,558.27,553.01,563.54
1740.0,562.05,556.67,567.44
1760.0,565.59,560.17,571.00
1780.0,569.61,564.07,575.16
1800.0,573.65,567.98,579.33
1820.0,577.74,572.00,583.48
1840.0,581.62,575.79,587.45
1860.0,585.77,579.86,591.69
1880.0,589.59,583.58,595.59
1900.0,593.21,587.27,599.16
1920.0,596.55,590.60,602.50
1940.0,599.69,593.82,605.55
1960.0,603.10,597.28,608.92
1980.0,606.20,600.37,612.03
2000.0,609.56,603.70,615.42
2020.0,612.57,606.70,618.44
2040.0,615.93,610.08,621.79
2060.0,618.89,613.02,624.76
2080.0,621.95,616.06,627.83
2100.0,625.03,619.08,630.98
2120.0,628.33,622.35,634.31
2140.0,631.09,625.05,637.12
2160.0,634.18,628.14,640.22
2180.0,637.08,631.03,643.13
2200.0,640.06,633.98,646.14
2220.0,643.29,637.29,649.28
2240.0,646.00,639.97,652.03
2260.0,648.84,642.78,654.90
2280.0,651.60,645.50,657.70
2300.0,654.35,648.22,660.47
2320.0,656.77,650.56,662.98
2340.0,659.57,653.38,665.76
2360.0,662.17,655.96,668.38
2380.0,664.90,658.66,671.14
2400.0,667.54,661.30,673.78
2420.0,670.30,664.01,676.59
2440.0,673.14,666.83,679.45
2460.0,675.84,669.52,682.16
2480.0,678.42,672.12,684.72
2500.0,681.23,674.98,687.49
2520.0,684.05,677.78,690.33
2540.0,686.59,680.36,692.81
2560.0,689.28,683.03,695.53
2580.0,691.86,685.61,698.11
2600.0,694.75,688.44,701.06
2620.0,697.03,690.67,703.39
2640.0,699.65,693.26,706.05
2660.0,702.27,695.86,708.68
2680.0,704.62,698.16,711.08
2700.0,707.34,700.86,713.83
2720.0,709.92,703.42,716.42
2740.0,712.19,705.69,718.68
2760.0,714.58,708.12,721.04
2780.0,716.64,710.15,723.13
2800.0,719.28,712.72,725.84
2820.0,721.51,714.97,728.06
2840.0,724.19,717.66,730.72
2860.0,726.63,720.05,733.22
2880.0,729.10,722.49,735.71
2900.0,731.31,724.71,737.90
2920.0,733.61,726.98,740.23
2940.0,736.15,729.48,742.82
2960.0,738.71,732.05,745.38
2980.0,741.14,734.49,747.79
3000.0,743.33,736.65,750.01
3020.0,746.01,739.28,752.74
3040.0,748.47,741.73,755.20
3060.0,751.09,744.22,757.96
3080.0,753.88,746.96,760.80
3100.0,756.33,749.43,763.23
3120.0,758.69,751.76,765.62
3140.0,760.95,754.04,767.87
3160.0,762.99,756.06,769.92
3180.0,765.44,758.50,772.38
3200.0,767.47,760.57,774.37
3220.0,769.87,762.95,776.78
3240.0,772.26,765.36,779.16
3260.0,774.89,767.96,781.82
3280.0,777.13,770.17,784.10
3300.0,779.45,772.52,786.38
3320.0,781.80,774.93,788.67
3340.0,784.07,777.20,790.94
3360.0,786.22,779.28,793.16
3380.0,788.34,781.41,795.27
3400.0,790.73,783.83,797.63
3420.0,792.87,785.91,799.83
3440.0,795.24,788.21,802.27
3460.0,797.70,790.60,804.80
3480.0,799.67,792.58,806.77
3500.0,801.95,794.89,809.02
3520.0,804.02,796.97,811.07
3540.0,806.23,799.14,813.33
3560.0,808.03,800.96,815.11
3580.0,810.06,802.99,817.13
3600.0,811.84,804.75,818.93
3620.0,813.97,806.88,821.06
3640.0,816.15,809.09,823.22
3660.0,817.91,810.80,825.02
3680.0,820.13,813.09,827.16
3700.0,822.19,815.09,829.30
3720.0,824.03,816.90,831.16
3740.0,826.15,819.01,833.29
3760.0,828.37,821.17,835.58
3780.0,830.43,823.17,837.70
3800.0,832.27,825.02,839.51
3820.0,834.30,827.08,841.52
3840.0,836.37,829.15,843.58
3860.0,838.17,830.94,845.40
3880.0,840.22,833.01,847.43
3900.0,842.37,835.16,849.58
3920.0,844.00,836.79,851.21
3940.0,845.87,838.70,853.03
3960.0,847.45,840.25,854.64
3980.0,849.27,842.05,856.49
4000.0,850.83,843.61,858.04
4020.0,852.80,845.62,859.98
4040.0,854.36,847.22,861.50
4060.0,856.02,848.83,863.21
4080.0,857.93,850.78,865.07
4100.0,859.53,852.36,866.70
4120.0,861.43,854.26,868.59
4140.0,862.95,855.78,870.11
4160.0,864.68,857.55,871.81
4180.0,866.40,859.28,873.52
4200.0,868.17,861.18,875.15
4220.0,870.01,863.06,876.96
4240.0,871.59,864.65,878.53
4260.0,873.20,866.28,880.12
4280.0,874.89,867.99,881.79
4300.0,876.55,869.72,883.37
4320.0,878.45,871.71,885.18
4340.0,880.22,873.52,886.92
4360.0,882.14,875.46,888.82
4380.0,883.90,877.30,890.50
4400.0,885.65,879.03,892.27
4420.0,887.04,880.47,893.61
4440.0,888.87,882.29,895.45
4460.0,890.64,884.07,897.21
4480.0,892.20,885.59,898.81
4500.0,893.97,887.41,900.53
4520.0,895.85,889.37,902.34
4540.0,897.68,891.20,904.16
4560.0,899.29,892.83,905.74
4580.0,901.07,894.64,907.51
4600.0,902.63,896.22,909.03
4620.0,904.11,897.67,910.55
4640.0,905.77,899.33,912.21
4660.0,907.37,900.99,913.74
4680.0,908.88,902.55,915.21
4700.0,910.47,904.20,916.74
4720.0,911.85,905.62,918.08
4740.0,913.39,907.20,919.57
4760.0,914.75,908.55,920.95
4780.0,916.22,910.09,922.35
4800.0,917.89,911.83,923.95
4820.0,919.25,913.24,925.27
4840.0,920.69,914.76,926.61
4860.0,922.17,916.33,928.01
4880.0,923.55,917.76,929.33
4900.0,925.03,919.34,930.73
4920.0,926.44,920.77,932.11
4940.0,927.67,922.09,933.25
4960.0,929.26,923.74,934.78
4980.0,930.47,925.01,935.94
5000.0,931.57,926.17,936.98
