trial,mean,ci_down,ci_up
0.0,39.25,36.87,41.63
20.0,80.40,76.83,83.96
40.0,126.05,120.60,131.50
60.0,185.39,178.37,192.41
80.0,247.26,239.48,255.03
100.0,312.74,304.36,321.12
120.0,386.49,377.55,395.43
140.0,463.29,454.20,472.38
160.0,543.33,533.37,553.30
180.0,628.65,617.73,639.56
200.0,713.68,702.76,724.61
220.0,803.73,792.59,814.87
240.0,892.54,881.09,904.00
260.0,984.07,972.32,995.83
280.0,1077.76,1065.51,1090.01
300.0,1167.68,1154.96,1180.41
320.0,1260.30,1247.71,1272.88
340.0,1356.05,1343.33,1368.77
360.0,1450.31,1437.57,1463.05
380.0,1546.64,1533.62,1559.65
400.0,1644.19,1630.96,1657.41
420.0,1741.51,1728.60,1754.42
440.0,1838.15,1824.81,1851.49
460.0,1937.20,1923.66,1950.74
480.0,2036.35,2022.78,2049.91
500.0,2134.45,2120.62,2148.27
520.0,2233.83,2219.55,2248.12
540.0,2331.46,2317.01,2345.91
560.0,2430.13,2415.54,2444.72
580.0,2528.83,2514.16,2543.50
600.0,2628.37,2613.52,2643.22
620.0,2728.16,2713.38,2742.95
640.0,2828.67,2813.81,2843.53
660.0,2929.16,2914.34,2943.98
680.0,3029.23,3014.10,3044.35
700.0,3131.43,3116.00,3146.86
720.0,3232.55,3216.68,3248.41
740.0,3333.76,3317.65,3349.88
760.0,3434.67,3418.24,3451.09
780.0,3535.62,3518.83,3552.42
800.0,3636.42,3619.41,3653.43
820.0,3739.08,3721.66,3756.50
840.0,3840.66,3823.15,3858.17
860.0,3942.32,3924.63,3960.01
880.0,4044.48,4026.60,4062.35
900.0,4145.98,4127.63,4164.34
920.0,4247.18,4228.35,4266.02
940.0,4349.68,4330.76,4368.61
960.0,4451.55,4432.25,4470.85
980.0,4554.02,4534.18,4573.86
1000.0,4656.34,4635.82,4676.86
1020.0,4758.50,4737.72,4779.28
1040.0,4860.77,4839.60,4881.93
1060.0,4964.43,4943.49,4985.38
1080.0,5068.63,5047.63,5089.64
1100.0,5171.41,5149.97,5192.86
1120.0,5274.27,5252.44,5296.09
1140.0,5377.38,5355.24,5399.51
1160.0,5479.65,5457.16,5502.14
1180.0,5582.26,5559.25,5605.27
1200.0,5684.90,5661.67,5708.13
1220.0,5786.71,5763.23,5810.19
1240.0,5890.18,5866.32,5914.04
1260.0,5992.96,5968.71,6017.21
1280.0,6094.62,6070.15,6119.08
1300.0,6198.03,6173.11,6222.95
1320.0,6300.82,6275.30,6326.34
1340.0,6402.87,6376.84,6428.90
1360.0,6505.58,6479.13,6532.04
1380.0,6608.05,6581.37,6634.72
1400.0,6711.12,6684.18,6738.05
1420.0,6814.40,6787.19,6841.60
1440.0,6916.95,6889.19,6944.70
1460.0,7019.67,6991.45,7047.90
1480.0,7122.07,7093.42,7150.72
1500.0,7224.71,7195.68,7253.73
1520.0,7327.02,7297.64,7356.40
1540.0,7429.49,7399.81,7459.17
1560.0,7531.72,7501.62,7561.83
1580.0,7633.74,7603.22,7664.26
1600.0,7736.48,7705.51,7767.45
1620.0,7840.12,7808.64,7871.61
1640.0,7942.33,7910.27,7974.39
1660.0,8044.39,8012.08,8076.70
1680.0,8146.67,8113.87,8179.46
1700.0,8249.57,8216.38,8282.76
1720.0,8352.75,8319.24,8386.27
1740.0,8455.70,8421.77,8489.63
1760.0,8557.74,8523.35,8592.13
1780.0,8660.67,8625.91,8695.42
1800.0,8763.05,8727.96,8798.13
1820.0,8865.14,8829.79,8900.48
1840.0,8966.98,8931.17,9002.78
1860.0,9068.84,9032.53,9105.16
1880.0,9171.80,9135.06,9208.54
1900.0,9274.08,9236.98,9311.18
1920.0,9377.01,9339.62,9414.40
1940.0,9478.98,9441.10,9516.87
1960.0,9581.65,9543.51,9619.80
1980.0,9683.39,9644.88,9721.89
2000.0,9785.67,9746.90,9824.44
2020.0,9888.52,9849.27,9927.78
2040.0,9990.49,9950.76,10030.21
2060.0,10092.69,10052.42,10132.96
2080.0,10195.34,10154.79,10235.89
2100.0,10297.84,10256.88,10338.81
2120.0,10400.05,10358.64,10441.46
2140.0,10502.59,10460.88,10544.31
2160.0,10604.78,10562.62,10646.94
2180.0,10706.98,10664.43,10749.53
2200.0,10809.80,10766.92,10852.69
2220.0,10911.87,10868.57,10955.17
2240.0,11013.85,10970.13,11057.56
2260.0,11116.24,11071.95,11160.53
2280.0,11217.94,11173.31,11262.56
2300.0,11319.78,11274.89,11364.67
2320.0,11421.54,11376.29,11466.79
2340.0,11523.95,11478.57,11569.34
2360.0,11625.70,11579.99,11671.41
2380.0,11728.26,11682.12,11774.41
2400.0,11830.52,11783.95,11877.09
2420.0,11932.02,11885.14,11978.89
2440.0,12034.00,11986.82,12081.19
2460.0,12136.19,12088.69,12183.69
2480.0,12238.48,12190.71,12286.25
2500.0,12339.43,12291.41,12387.46
2520.0,12440.77,12392.43,12489.12
2540.0,12542.95,12494.37,12591.52
2560.0,12644.67,12595.72,12693.61
2580.0,12746.15,12696.71,12795.60
2600.0,12848.43,12798.59,12898.26
2620.0,12950.00,12899.92,13000.07
2640.0,13051.57,13001.52,13101.61
2660.0,13153.29,13103.02,13203.56
2680.0,13255.53,13204.99,13306.07
2700.0,13356.22,13305.45,13406.98
2720.0,13457.79,13406.68,13508.91
2740.0,13559.18,13507.59,13610.78
2760.0,13661.26,13609.30,13713.22
2780.0,13762.57,13710.29,13814.84
2800.0,13863.38,13810.81,13915.95
2820.0,13964.61,13911.57,14017.65
2840.0,14065.68,14012.28,14119.08
2860.0,14167.01,14113.35,14220.67
2880.0,14268.12,14214.13,14322.10
2900.0,14369.34,14315.06,14423.61
2920.0,14470.54,14416.02,14525.06
2940.0,14571.67,14516.96,14626.37
2960.0,14672.61,14617.62,14727.60
2980.0,14773.73,14718.35,14829.11
3000.0,14874.78,14819.06,14930.49
3020.0,14975.58,14919.48,15031.68
3040.0,15076.45,15020.00,15132.90
3060.0,15176.97,15120.17,15233.76
3080.0,15278.01,15221.08,15334.94
3100.0,15378.93,15321.54,15436.31
3120.0,15480.16,15422.41,15537.91
3140.0,15581.24,15523.11,15639.37
3160.0,15681.95,15623.33,15740.57
3180.0,15782.74,15723.71,15841.77
3200.0,15883.43,15824.09,15942.78
3220.0,15983.75,15923.97,16043.52
3240.0,16083.35,16023.12,16143.57
3260.0,16183.92,16123.27,16244.58
3280.0,16284.25,16223.26,16345.25
3300.0,16384.74,16323.33,16446.15
3320.0,16484.98,16423.32,16546.63
3340.0,16585.79,16523.75,16647.83
3360.0,16685.82,16623.49,16748.15
3380.0,16786.02,16723.38,16848.66
3400.0,16886.67,16823.67,16949.67
3420.0,16987.18,16923.87,17050.49
3440.0,17088.02,17024.44,17151.61
3460.0,17188.68,17124.81,17252.55
3480.0,17289.16,17224.84,17353.49
3500.0,17389.62,17325.03,17454.20
3520.0,17490.61,17425.66,17555.56
3540.0,17591.52,17525.97,17657.06
3560.0,17692.00,17625.95,17758.05
3580.0,17792.38,17726.01,17858.75
3600.0,17893.37,17826.62,17960.12
3620.0,17993.36,17926.27,18060.45
3640.0,18092.73,18025.26,18160.21
3660.0,18193.24,18125.40,18261.09
3680.0,18293.16,18224.91,18361.41
3700.0,18393.58,18324.83,18462.32
3720.0,18493.50,18424.42,18562.59
3740.0,18593.60,18524.12,18663.09
3760.0,18693.51,18623.61,18763.41
3780.0,18793.42,18723.18,18863.65
3800.0,18892.61,18821.98,18963.24
3820.0,18992.55,18921.51,19063.58
3840.0,19092.51,19021.08,19163.95
3860.0,19192.26,19120.57,19263.95
3880.0,19291.96,19219.94,19363.98
3900.0,19391.49,19319.08,19463.89
3920.0,19491.51,19418.89,19564.13
3940.0,19591.36,19518.40,19664.31
3960.0,19690.83,19617.45,19764.21
3980.0,19790.78,19717.03,19864.53
4000.0,19890.59,19816.47,19964.71
4020.0,19990.31,19915.76,20064.86
4040.0,20090.01,20015.06,20164.96
4060.0,20189.95,20114.50,20265.40
4080.0,20289.76,20213.97,20365.54
4100.0,20389.61,20313.59,20465.62
4120.0,20489.08,20412.86,20565.29
4140.0,20588.77,20512.20,20665.34
4160.0,20688.09,20611.24,20764.94
4180.0,20787.48,20710.31,20864.64
4200.0,20887.14,20809.66,20964.61
4220.0,20986.39,20908.66,21064.11
4240.0,21086.25,21008.35,21164.16
4260.0,21186.38,21108.11,21264.66
4280.0,21285.99,21207.54,21364.44
4300.0,21384.24,21305.41,21463.07
4320.0,21484.20,21405.00,21563.40
4340.0,21584.12,21504.58,21663.65
4360.0,21682.93,21602.99,21762.88
4380.0,21781.61,21701.29,21861.93
4400.0,21881.32,21800.59,21962.05
4420.0,21980.63,21899.67,22061.59
4440.0,22079.77,21998.54,22161.01
4460.0,22178.38,22096.80,22259.97
4480.0,22276.89,22195.00,22358.77
4500.0,22375.63,22293.34,22457.92
4520.0,22474.59,22391.90,22557.28
4540.0,22573.37,22490.31,22656.44
4560.0,22672.14,22588.59,22755.68
4580.0,22771.42,22687.50,22855.34
4600.0,22869.97,22785.64,22954.30
4620.0,22968.19,22883.36,23053.01
4640.0,23066.02,22980.84,23151.21
4660.0,23164.40,23078.66,23250.14
4680.0,23262.60,23176.30,23348.89
4700.0,23360.13,23273.43,23446.83
4720.0,23458.60,23371.60,23545.60
4740.0,23556.70,23469.34,23644.05
4760.0,23654.95,23567.41,23742.50
4780.0,23753.60,23665.77,23841.43
4800.0,23852.01,23763.97,23940.05
4820.0,23950.89,23862.56,24039.22
4840.0,24049.67,23960.96,24138.38
4860.0,24147.82,24058.76,24236.87
4880.0,24245.92,24156.62,24335.22
4900.0,24344.88,24255.12,24434.64
4920.0,24443.23,24353.14,24533.32
4940.0,24541.44,24450.96,24631.92
4960.0,24639.57,24548.68,24730.46
4980.0,24737.60,24646.41,24828.79
5000.0,24835.70,24744.14,24927.25
