trial,mean,ci_down,ci_up
0.0,0.00,0.00,0.00
20.0,0.35,0.28,0.41
40.0,1.41,1.20,1.62
60.0,3.42,3.02,3.82
80.0,6.48,5.85,7.11
100.0,10.66,9.76,11.55
120.0,16.12,14.95,17.29
140.0,23.64,22.12,25.15
160.0,33.69,31.79,35.60
180.0,46.30,43.91,48.68
200.0,61.33,58.36,64.29
220.0,78.38,74.82,81.94
240.0,97.23,93.03,101.43
260.0,118.11,113.20,123.01
280.0,141.43,135.79,147.07
300.0,167.08,160.68,173.49
320.0,194.84,187.67,202.00
340.0,224.89,216.93,232.86
360.0,257.30,248.50,266.10
380.0,292.23,282.53,301.94
400.0,329.37,318.71,340.04
420.0,368.55,356.95,380.14
440.0,409.71,397.13,422.28
460.0,453.19,439.63,466.76
480.0,499.03,484.46,513.60
500.0,547.18,531.52,562.84
520.0,597.14,580.40,613.88
540.0,648.99,631.09,666.88
560.0,702.77,683.71,721.83
580.0,758.29,738.03,778.55
600.0,815.71,794.28,837.13
620.0,875.06,852.40,897.71
640.0,936.33,912.36,960.30
660.0,999.30,973.98,1024.62
680.0,1064.07,1037.33,1090.80
700.0,1130.47,1102.32,1158.61
720.0,1198.76,1169.20,1228.32
740.0,1269.03,1238.09,1299.97
760.0,1341.43,1309.07,1373.79
780.0,1416.11,1382.29,1449.92
800.0,1492.59,1457.35,1527.82
820.0,1570.81,1534.15,1607.46
840.0,1650.74,1612.61,1688.87
860.0,1732.42,1692.85,1771.99
880.0,1815.99,1775.02,1856.97
900.0,1901.42,1858.99,1943.85
920.0,1988.89,1944.97,2032.80
940.0,2078.30,2032.89,2123.71
960.0,2169.67,2122.79,2216.56
980.0,2263.01,2214.65,2311.37
1000.0,2358.21,2308.41,2408.01
1020.0,2455.22,2404.01,2506.44
1040.0,2554.03,2501.34,2606.73
1060.0,2654.53,2600.34,2708.73
1080.0,2756.91,2701.19,2812.64
1100.0,2861.14,2803.89,2918.39
1120.0,2967.08,2908.31,3025.86
1140.0,3074.77,3014.41,3135.13
1160.0,3184.44,3122.43,3246.46
1180.0,3296.09,3232.39,3359.79
1200.0,3409.42,3344.00,3474.84
1220.0,3524.28,3457.13,3591.43
1240.0,3640.77,3571.92,3709.63
1260.0,3758.67,3688.07,3829.27
1280.0,3877.94,3805.56,3950.32
1300.0,3998.80,3924.66,4072.94
1320.0,4121.40,4045.41,4197.39
1340.0,4245.54,4167.69,4323.39
1360.0,4371.21,4291.48,4450.94
1380.0,4498.67,4417.13,4580.20
1400.0,4627.70,4544.37,4711.02
1420.0,4758.40,4673.32,4843.47
1440.0,4890.86,4804.02,4977.70
1460.0,5024.87,4936.30,5113.44
1480.0,5160.53,5070.21,5250.85
1500.0,5297.72,5205.62,5389.81
1520.0,5436.42,5342.53,5530.31
1540.0,5576.84,5481.17,5672.50
1560.0,5718.87,5621.39,5816.35
1580.0,5862.72,5763.42,5962.03
1600.0,6008.15,5907.02,6109.28
1620.0,6155.21,6052.20,6258.23
1640.0,6303.82,6198.86,6408.77
1660.0,6454.05,6347.17,6560.93
1680.0,6605.73,6496.92,6714.53
1700.0,6759.25,6648.49,6870.01
1720.0,6914.44,6801.69,7027.18
1740.0,7071.16,6956.39,7185.93
1760.0,7229.41,7112.61,7346.21
1780.0,7389.20,7270.31,7508.09
1800.0,7550.54,7429.49,7671.59
1820.0,7713.68,7590.48,7836.88
1840.0,7878.37,7753.00,8003.74
1860.0,8044.72,7917.16,8172.28
1880.0,8212.53,8082.79,8342.27
1900.0,8381.86,8249.93,8513.79
1920.0,8552.57,8418.49,8686.65
1940.0,8724.77,8588.55,8860.98
1960.0,8898.22,8759.86,9036.58
1980.0,9073.16,8932.64,9213.68
2000.0,9249.55,9106.88,9392.22
2020.0,9427.20,9282.37,9572.03
2040.0,9606.27,9459.27,9753.28
2060.0,9786.61,9637.39,9935.83
2080.0,9968.14,9816.69,10119.59
2100.0,10151.01,9997.31,10304.71
2120.0,10335.19,10179.22,10491.16
2140.0,10520.63,10362.39,10678.86
2160.0,10707.55,10547.01,10868.10
2180.0,10895.65,10732.76,11058.54
2200.0,11085.19,10919.93,11250.46
2220.0,11275.95,11108.28,11443.61
2240.0,11467.95,11297.87,11638.03
2260.0,11661.25,11488.75,11833.74
2280.0,11855.79,11680.83,12030.74
2300.0,12051.51,11874.08,12228.94
2320.0,12248.49,12068.58,12428.40
2340.0,12446.73,12264.27,12629.18
2360.0,12646.15,12461.14,12831.15
2380.0,12846.89,12659.35,13034.42
2400.0,13048.97,12858.85,13239.09
2420.0,13252.39,13059.69,13445.10
2440.0,13456.81,13261.48,13652.13
2460.0,13662.29,13464.35,13860.24
2480.0,13869.05,13668.48,14069.61
2500.0,14076.86,13873.67,14280.05
2520.0,14285.77,14079.92,14491.61
2540.0,14495.75,14287.28,14704.21
2560.0,14706.99,14495.91,14918.06
2580.0,14919.38,14705.70,15133.05
2600.0,15132.87,14916.62,15349.12
2620.0,15347.36,15128.51,15566.21
2640.0,15563.16,15341.68,15784.63
2660.0,15780.07,15555.95,16004.19
2680.0,15998.21,15771.41,16225.02
2700.0,16217.88,15988.43,16447.34
2720.0,16438.86,16206.75,16670.98
2740.0,16661.17,16426.37,16895.98
2760.0,16884.84,16647.37,17122.32
2780.0,17109.70,16869.54,17349.87
2800.0,17335.78,17092.93,17578.62
2820.0,17563.24,17317.70,17808.78
2840.0,17792.03,17543.79,18040.26
2860.0,18021.95,17771.04,18272.86
2880.0,18253.19,17999.60,18506.77
2900.0,18485.61,18229.37,18741.85
2920.0,18719.36,18460.43,18978.28
2940.0,18954.43,18692.77,19216.10
2960.0,19190.76,18926.35,19455.17
2980.0,19428.29,19161.08,19695.50
3000.0,19667.03,19397.02,19937.05
3020.0,19906.94,19634.10,20179.78
3040.0,20148.15,19872.45,20423.84
3060.0,20390.59,20111.99,20669.19
3080.0,20634.25,20352.74,20915.75
3100.0,20879.03,20594.63,21163.42
3120.0,21125.03,20837.75,21412.30
3140.0,21372.22,21082.02,21662.41
3160.0,21620.47,21327.37,21913.57
3180.0,21869.73,21573.68,22165.78
3200.0,22120.13,21821.16,22419.10
3220.0,22371.53,22069.65,22673.42
3240.0,22624.13,22319.30,22928.95
3260.0,22878.15,22570.32,23185.98
3280.0,23133.37,22822.49,23444.25
3300.0,23389.89,23075.97,23703.81
3320.0,23647.45,23330.47,23964.43
3340.0,23906.09,23586.03,24226.15
3360.0,24165.78,23842.62,24488.95
3380.0,24426.66,24100.39,24752.94
3400.0,24688.60,24359.24,25017.97
3420.0,24951.65,24619.18,25284.13
3440.0,25215.64,24880.01,25551.26
3460.0,25480.69,25141.93,25819.45
3480.0,25746.79,25404.94,26088.64
3500.0,26013.86,25668.94,26358.78
3520.0,26282.15,25934.16,26630.14
3540.0,26551.49,26200.44,26902.53
3560.0,26821.85,26467.72,27175.97
3580.0,27093.25,26736.03,27450.47
3600.0,27365.65,27005.30,27725.99
3620.0,27639.04,27275.58,28002.50
3640.0,27913.50,27546.92,28280.08
3660.0,28189.03,27819.33,28558.73
3680.0,28465.58,28092.71,28838.45
3700.0,28743.11,28367.04,29119.19
3720.0,29021.69,28642.39,29400.98
3740.0,29301.22,28918.72,29683.72
3760.0,29581.70,29195.98,29967.42
3780.0,29863.26,29474.28,30252.24
3800.0,30145.71,29753.43,30538.00
3820.0,30428.94,30033.38,30824.50
3840.0,30713.13,30314.26,31112.01
3860.0,30998.25,30596.05,31400.45
3880.0,31284.23,30878.63,31689.82
3900.0,31571.10,31162.10,31980.10
3920.0,31858.92,31446.44,32271.40
3940.0,32147.49,31731.50,32563.49
3960.0,32436.97,32017.43,32856.52
3980.0,32727.29,32304.19,33150.39
4000.0,33018.73,32592.08,33445.38
4020.0,33310.98,32880.76,33741.21
4040.0,33604.12,33170.30,34037.93
4060.0,33898.23,33460.83,34335.63
4080.0,34193.23,33752.25,34634.22
4100.0,34489.19,34044.62,34933.75
4120.0,34786.05,34337.86,35234.25
4140.0,35083.68,34631.83,35535.52
4160.0,35382.24,34926.76,35837.71
4180.0,35681.72,35222.57,36140.87
4200.0,35982.16,35519.31,36445.02
4220.0,36283.60,35816.99,36750.22
4240.0,36585.90,36115.49,37056.31
4260.0,36889.15,36414.93,37363.37
4280.0,37193.36,36715.30,37671.42
4300.0,37498.55,37016.66,37980.44
4320.0,37804.48,37318.74,38290.21
4340.0,38111.41,37621.80,38601.02
4360.0,38419.20,37925.74,38912.66
4380.0,38727.73,38230.42,39225.04
4400.0,39037.12,38535.97,39538.28
4420.0,39347.47,38842.47,39852.47
4440.0,39658.85,39150.01,40167.69
4460.0,39971.09,39458.41,40483.77
4480.0,40284.08,39767.54,40800.61
4500.0,40597.94,40077.56,41118.33
4520.0,40912.50,40388.26,41436.74
4540.0,41227.93,40699.83,41756.03
4560.0,41544.38,41012.46,42076.29
4580.0,41861.69,41325.99,42397.39
4600.0,42180.04,41640.49,42719.58
4620.0,42499.47,41956.07,43042.88
4640.0,42819.80,42272.54,43367.05
4660.0,43141.13,42589.99,43692.27
4680.0,43463.21,42908.15,44018.27
4700.0,43786.18,43227.24,44345.12
4720.0,44110.04,43547.19,44672.90
4740.0,44434.72,43867.95,45001.48
4760.0,44760.31,44189.66,45330.96
4780.0,45086.84,44512.29,45661.39
4800.0,45414.21,44835.74,45992.68
4820.0,45742.34,45159.95,46324.74
4840.0,46071.34,45485.04,46657.65
4860.0,46401.35,45811.10,46991.60
4880.0,46732.16,46137.97,47326.34
4900.0,47063.72,46465.61,47661.84
4920.0,47396.12,46794.07,47998.17
4940.0,47729.40,47123.39,48335.41
4960.0,48063.45,47453.50,48673.40
4980.0,48398.18,47784.27,49012.09
5000.0,48733.66,48115.76,49351.55
