trial,mean,ci_down,ci_up
0.0,3.14,2.79,3.49
20.0,5.92,5.42,6.42
40.0,9.34,8.66,10.02
60.0,13.06,12.22,13.90
80.0,18.00,17.01,18.99
100.0,23.16,22.00,24.32
120.0,30.16,28.76,31.56
140.0,37.80,35.99,39.61
160.0,46.88,44.68,49.08
180.0,57.16,54.33,59.99
200.0,68.90,65.58,72.22
220.0,81.42,77.62,85.22
240.0,95.14,90.73,99.55
260.0,109.82,105.18,114.46
280.0,124.98,120.09,129.87
300.0,142.04,137.20,146.88
320.0,160.82,155.70,165.94
340.0,179.26,173.80,184.72
360.0,199.36,193.62,205.10
380.0,220.32,214.41,226.23
400.0,242.40,235.73,249.07
420.0,267.06,260.17,273.95
440.0,291.58,284.08,299.08
460.0,315.66,307.45,323.87
480.0,341.66,332.86,350.46
500.0,367.44,357.91,376.97
520.0,394.88,384.84,404.92
540.0,422.44,411.72,433.16
560.0,451.70,440.32,463.08
580.0,482.56,470.83,494.29
600.0,513.56,500.94,526.18
620.0,545.56,532.34,558.78
640.0,579.04,565.22,592.86
660.0,611.58,596.96,626.20
680.0,646.48,631.18,661.78
700.0,681.64,665.64,697.64
720.0,717.22,700.71,733.73
740.0,752.74,735.53,769.95
760.0,790.72,772.72,808.72
780.0,828.78,810.25,847.31
800.0,866.30,846.99,885.61
820.0,906.32,886.22,926.42
840.0,946.04,924.89,967.19
860.0,986.38,964.03,1008.73
880.0,1025.72,1002.04,1049.40
900.0,1067.26,1042.79,1091.73
920.0,1108.88,1083.44,1134.32
940.0,1152.58,1126.31,1178.85
960.0,1196.30,1168.92,1223.68
980.0,1239.46,1211.14,1267.78
1000.0,1283.96,1254.81,1313.11
1020.0,1327.32,1297.20,1357.44
1040.0,1371.82,1341.15,1402.49
1060.0,1418.12,1386.39,1449.85
1080.0,1464.88,1432.21,1497.55
1100.0,1511.44,1478.12,1544.76
1120.0,1559.56,1525.69,1593.43
1140.0,1608.26,1573.82,1642.70
1160.0,1656.92,1621.49,1692.35
1180.0,1705.42,1669.12,1741.72
1200.0,1756.38,1719.24,1793.52
1220.0,1806.30,1768.32,1844.28
1240.0,1857.58,1818.68,1896.48
1260.0,1907.82,1868.26,1947.38
1280.0,1958.76,1918.57,1998.95
1300.0,2009.12,1968.25,2049.99
1320.0,2060.44,2018.83,2102.05
1340.0,2112.78,2070.60,2154.96
1360.0,2163.88,2121.39,2206.37
1380.0,2215.92,2172.98,2258.86
1400.0,2268.68,2225.28,2312.08
1420.0,2322.22,2278.30,2366.14
1440.0,2374.82,2329.89,2419.75
1460.0,2428.74,2383.20,2474.28
1480.0,2481.68,2435.36,2528.00
1500.0,2536.16,2489.13,2583.19
1520.0,2589.84,2541.99,2637.69
1540.0,2643.64,2595.02,2692.26
1560.0,2699.30,2649.86,2748.74
1580.0,2754.44,2703.80,2805.08
1600.0,2808.20,2756.70,2859.70
1620.0,2864.12,2811.99,2916.25
1640.0,2919.52,2866.62,2972.42
1660.0,2974.00,2920.26,3027.74
1680.0,3030.92,2976.26,3085.58
1700.0,3086.16,3030.82,3141.50
1720.0,3142.08,3086.21,3197.95
1740.0,3198.56,3142.11,3255.01
1760.0,3255.64,3198.38,3312.90
1780.0,3313.14,3255.14,3371.14
1800.0,3370.38,3311.62,3429.14
1820.0,3428.12,3368.55,3487.69
1840.0,3486.10,3426.14,3546.06
1860.0,3544.88,3483.95,3605.81
1880.0,3603.64,3541.86,3665.42
1900.0,3662.68,3600.45,3724.91
1920.0,3720.76,3657.56,3783.96
1940.0,3780.54,3716.60,3844.48
1960.0,3839.84,3775.06,3904.62
1980.0,3898.70,3833.03,3964.37
2000.0,3958.58,3892.47,4024.69
2020.0,4017.64,3950.52,4084.76
2040.0,4077.72,4009.86,4145.58
2060.0,4138.46,4069.76,4207.16
2080.0,4198.78,4129.16,4268.40
2100.0,4258.64,4188.22,4329.06
2120.0,4317.82,4246.67,4388.97
2140.0,4378.46,4306.42,4450.50
2160.0,4439.36,4366.46,4512.26
2180.0,4501.30,4427.29,4575.31
2200.0,4561.66,4486.70,4636.62
2220.0,4623.44,4547.79,4699.09
2240.0,4686.06,4609.83,4762.29
2260.0,4747.70,4670.94,4824.46
2280.0,4809.70,4732.25,4887.15
2300.0,4872.08,4794.08,4950.08
2320.0,4934.40,4855.93,5012.87
2340.0,4995.46,4916.32,5074.60
2360.0,5057.88,4978.00,5137.76
2380.0,5120.94,5040.20,5201.68
2400.0,5181.64,5100.08,5263.20
2420.0,5244.54,5162.36,5326.72
2440.0,5308.02,5225.30,5390.74
2460.0,5369.90,5286.87,5452.93
2480.0,5432.74,5349.28,5516.20
2500.0,5495.48,5411.79,5579.17
2520.0,5558.82,5474.54,5643.10
2540.0,5621.48,5536.73,5706.23
2560.0,5682.90,5597.92,5767.88
2580.0,5745.86,5660.04,5831.68
2600.0,5809.98,5723.80,5896.16
2620.0,5872.38,5785.77,5958.99
2640.0,5935.14,5848.16,6022.12
2660.0,5999.42,5911.91,6086.93
2680.0,6063.96,5976.23,6151.69
2700.0,6128.32,6039.76,6216.88
2720.0,6192.50,6103.20,6281.80
2740.0,6258.58,6168.97,6348.19
2760.0,6322.74,6232.74,6412.74
2780.0,6386.52,6295.90,6477.14
2800.0,6451.06,6359.75,6542.37
2820.0,6515.36,6423.33,6607.39
2840.0,6578.80,6486.34,6671.26
2860.0,6642.76,6549.80,6735.72
2880.0,6706.98,6613.59,6800.37
2900.0,6771.84,6677.79,6865.89
2920.0,6837.12,6742.97,6931.27
2940.0,6902.22,6807.55,6996.89
2960.0,6966.66,6871.80,7061.52
2980.0,7031.98,6936.75,7127.21
3000.0,7097.38,7001.76,7193.00
3020.0,7162.10,7065.82,7258.38
3040.0,7227.14,7130.32,7323.96
3060.0,7293.90,7196.81,7390.99
3080.0,7359.04,7261.61,7456.47
3100.0,7424.80,7326.84,7522.76
3120.0,7490.30,7391.61,7588.99
3140.0,7555.50,7456.38,7654.62
3160.0,7621.68,7522.16,7721.20
3180.0,7688.30,7588.54,7788.06
3200.0,7754.50,7654.19,7854.81
3220.0,7821.02,7720.10,7921.94
3240.0,7887.30,7786.00,7988.60
3260.0,7953.00,7851.63,8054.37
3280.0,8020.56,7918.48,8122.64
3300.0,8087.28,7984.50,8190.06
3320.0,8154.34,8050.73,8257.95
3340.0,8222.00,8118.17,8325.83
3360.0,8289.94,8185.80,8394.08
3380.0,8357.92,8253.26,8462.58
3400.0,8425.76,8320.75,8530.77
3420.0,8493.86,8388.56,8599.16
3440.0,8562.22,8456.70,8667.74
3460.0,8629.46,8523.43,8735.49
3480.0,8697.92,8590.97,8804.87
3500.0,8766.02,8658.82,8873.22
3520.0,8834.06,8726.41,8941.71
3540.0,8902.56,8794.25,9010.87
3560.0,8971.76,8863.13,9080.39
3580.0,9040.94,8931.65,9150.23
3600.0,9108.72,8998.74,9218.70
3620.0,9177.82,9067.02,9288.62
3640.0,9246.96,9135.77,9358.15
3660.0,9315.98,9204.38,9427.58
3680.0,9384.26,9272.27,9496.25
3700.0,9453.98,9341.85,9566.11
3720.0,9522.68,9409.96,9635.40
3740.0,9590.86,9477.66,9704.06
3760.0,9659.84,9546.32,9773.36
3780.0,9728.90,9614.64,9843.16
3800.0,9798.40,9683.73,9913.07
3820.0,9868.76,9753.71,9983.81
3840.0,9937.90,9822.49,10053.31
3860.0,10006.22,9890.17,10122.27
3880.0,10075.54,9958.74,10192.34
3900.0,10145.38,10028.04,10262.72
3920.0,10213.80,10095.95,10331.65
3940.0,10282.62,10164.26,10400.98
3960.0,10351.98,10233.13,10470.83
3980.0,10421.78,10302.48,10541.08
4000.0,10490.86,10370.96,10610.76
4020.0,10558.88,10438.62,10679.14
4040.0,10629.08,10508.37,10749.79
4060.0,10698.58,10577.53,10819.63
4080.0,10768.18,10646.63,10889.73
4100.0,10838.60,10716.59,10960.61
4120.0,10908.60,10786.10,11031.10
4140.0,10978.62,10855.51,11101.73
4160.0,11048.42,10924.90,11171.94
4180.0,11117.58,10993.56,11241.60
4200.0,11187.60,11063.39,11311.81
4220.0,11258.12,11133.42,11382.82
4240.0,11328.44,11203.24,11453.64
4260.0,11399.22,11273.54,11524.90
4280.0,11469.50,11343.57,11595.43
4300.0,11539.84,11413.36,11666.32
4320.0,11611.58,11484.87,11738.29
4340.0,11681.30,11553.90,11808.70
4360.0,11751.94,11623.60,11880.28
4380.0,11822.76,11694.00,11951.52
4400.0,11893.16,11763.73,12022.59
4420.0,11964.44,11834.35,12094.53
4440.0,12035.52,11904.84,12166.20
4460.0,12105.56,11974.01,12237.11
4480.0,12177.04,12044.85,12309.23
4500.0,12249.12,12116.52,12381.72
4520.0,12320.42,12187.64,12453.20
4540.0,12392.06,12258.94,12525.18
4560.0,12463.28,12329.42,12597.14
4580.0,12535.60,12401.61,12669.59
4600.0,12607.76,12473.25,12742.27
4620.0,12680.02,12545.17,12814.87
4640.0,12751.62,12616.25,12886.99
4660.0,12822.90,12686.96,12958.84
4680.0,12894.18,12757.74,13030.62
4700.0,12965.74,12828.85,13102.63
4720.0,13036.30,12898.94,13173.66
4740.0,13108.98,12971.16,13246.80
4760.0,13180.10,13042.03,13318.17
4780.0,13251.38,13113.01,13389.75
4800.0,13322.98,13184.33,13461.63
4820.0,13394.32,13255.22,13533.42
4840.0,13466.16,13326.85,13605.47
4860.0,13537.92,13397.94,13677.90
4880.0,13609.48,13469.06,13749.90
4900.0,13680.86,13540.11,13821.61
4920.0,13752.16,13611.29,13893.03
4940.0,13824.04,13683.04,13965.04
4960.0,13895.60,13754.31,14036.89
4980.0,13968.42,13826.84,14110.00
5000.0,14040.58,13898.63,14182.53
