trial,mean,ci_down,ci_up
0.0,39.25,36.87,41.63
20.0,41.15,38.94,43.36
40.0,45.65,41.94,49.36
60.0,59.34,55.87,62.82
80.0,61.87,58.49,65.25
100.0,65.49,61.80,69.18
120.0,73.75,71.13,76.36
140.0,76.80,73.93,79.68
160.0,80.04,77.31,82.77
180.0,85.32,82.84,87.79
200.0,85.04,83.22,86.85
220.0,90.05,87.58,92.51
240.0,88.82,87.01,90.62
260.0,91.53,89.81,93.25
280.0,93.69,91.74,95.64
300.0,89.92,88.25,91.60
320.0,92.61,91.21,94.01
340.0,95.75,94.07,97.44
360.0,94.26,92.74,95.78
380.0,96.32,94.64,98.01
400.0,97.55,96.15,98.95
420.0,97.32,95.96,98.68
440.0,96.64,94.95,98.33
460.0,99.05,97.32,100.78
480.0,99.15,97.80,100.49
500.0,98.10,96.73,99.47
520.0,99.39,98.00,100.78
540.0,97.62,96.49,98.76
560.0,98.67,97.45,99.90
580.0,98.69,97.33,100.05
600.0,99.55,98.29,100.80
620.0,99.79,98.38,101.20
640.0,100.50,99.33,101.68
660.0,100.49,99.23,101.76
680.0,100.07,98.76,101.37
700.0,102.20,100.76,103.65
720.0,101.12,100.07,102.16
740.0,101.22,99.96,102.47
760.0,100.91,100.07,101.74
780.0,100.96,99.67,102.24
800.0,100.80,99.73,101.86
820.0,102.66,101.74,103.58
840.0,101.58,100.57,102.60
860.0,101.66,100.53,102.79
880.0,102.15,101.13,103.18
900.0,101.51,100.47,102.55
920.0,101.20,99.98,102.42
940.0,102.50,101.46,103.54
960.0,101.87,100.84,102.90
980.0,102.47,101.40,103.54
1000.0,102.32,101.31,103.33
1020.0,102.16,101.15,103.17
1040.0,102.27,101.29,103.24
1060.0,103.67,102.76,104.58
1080.0,104.20,103.27,105.13
1100.0,102.78,101.80,103.77
1120.0,102.85,101.76,103.95
1140.0,103.11,102.24,103.98
1160.0,102.28,101.31,103.24
1180.0,102.61,101.52,103.69
1200.0,102.64,101.86,103.43
1220.0,101.81,100.69,102.93
1240.0,103.47,102.31,104.63
1260.0,102.78,101.66,103.91
1280.0,101.65,100.86,102.45
1300.0,103.41,102.49,104.33
1320.0,102.79,101.68,103.90
1340.0,102.05,101.00,103.10
1360.0,102.71,101.76,103.66
1380.0,102.46,101.53,103.40
1400.0,103.07,102.12,104.02
1420.0,103.28,102.37,104.19
1440.0,102.55,101.48,103.62
1460.0,102.73,101.74,103.71
1480.0,102.40,101.39,103.41
1500.0,102.63,101.65,103.62
1520.0,102.31,101.49,103.14
1540.0,102.47,101.64,103.31
1560.0,102.23,101.33,103.13
1580.0,102.02,101.17,102.86
1600.0,102.73,101.86,103.61
1620.0,103.65,102.76,104.54
1640.0,102.20,101.17,103.23
1660.0,102.06,101.19,102.94
1680.0,102.27,101.21,103.33
1700.0,102.91,101.92,103.89
1720.0,103.18,102.12,104.24
1740.0,102.95,102.12,103.78
1760.0,102.04,101.02,103.06
1780.0,102.92,101.95,103.90
1800.0,102.38,101.57,103.19
1820.0,102.09,101.36,102.82
1840.0,101.84,101.08,102.61
1860.0,101.87,101.02,102.71
1880.0,102.96,102.08,103.84
1900.0,102.28,101.37,103.18
1920.0,102.93,102.14,103.71
1940.0,101.98,101.13,102.82
1960.0,102.67,101.84,103.50
1980.0,101.73,100.91,102.56
2000.0,102.28,101.39,103.18
2020.0,102.85,101.93,103.78
2040.0,101.96,101.05,102.87
2060.0,102.20,101.19,103.22
2080.0,102.65,101.88,103.42
2100.0,102.50,101.46,103.55
2120.0,102.21,101.19,103.22
2140.0,102.55,101.68,103.42
2160.0,102.19,101.19,103.19
2180.0,102.20,101.48,102.92
2200.0,102.82,102.03,103.61
2220.0,102.07,101.22,102.91
2240.0,101.98,101.05,102.90
2260.0,102.40,101.39,103.40
2280.0,101.69,100.81,102.57
2300.0,101.84,101.09,102.59
2320.0,101.76,100.82,102.70
2340.0,102.41,101.51,103.31
2360.0,101.75,100.81,102.69
2380.0,102.56,101.71,103.42
2400.0,102.25,101.35,103.16
2420.0,101.50,100.66,102.34
2440.0,101.98,101.06,102.91
2460.0,102.19,101.29,103.09
2480.0,102.29,101.45,103.12
2500.0,100.95,100.05,101.86
2520.0,101.34,100.53,102.15
2540.0,102.17,101.31,103.04
2560.0,101.72,100.78,102.66
2580.0,101.49,100.56,102.41
2600.0,102.27,101.27,103.27
2620.0,101.57,100.79,102.35
2640.0,101.57,100.92,102.22
2660.0,101.72,100.84,102.60
2680.0,102.24,101.46,103.02
2700.0,100.68,99.80,101.57
2720.0,101.58,100.66,102.50
2740.0,101.39,100.40,102.37
2760.0,102.08,101.14,103.03
2780.0,101.30,100.38,102.23
2800.0,100.81,100.04,101.59
2820.0,101.23,100.23,102.24
2840.0,101.07,100.16,101.98
2860.0,101.33,100.48,102.18
2880.0,101.11,100.13,102.08
2900.0,101.22,100.51,101.93
2920.0,101.20,100.34,102.07
2940.0,101.13,100.27,101.99
2960.0,100.94,100.02,101.87
2980.0,101.12,100.20,102.03
3000.0,101.05,100.15,101.95
3020.0,100.80,99.87,101.73
3040.0,100.87,100.03,101.71
3060.0,100.52,99.65,101.39
3080.0,101.04,100.21,101.87
3100.0,100.92,100.01,101.82
3120.0,101.23,100.35,102.12
3140.0,101.08,100.18,101.98
3160.0,100.71,99.77,101.66
3180.0,100.79,99.96,101.61
3200.0,100.69,99.76,101.63
3220.0,100.32,99.45,101.18
3240.0,99.60,98.64,100.56
3260.0,100.57,99.70,101.44
3280.0,100.33,99.54,101.13
3300.0,100.49,99.52,101.46
3320.0,100.24,99.23,101.24
3340.0,100.81,99.91,101.71
3360.0,100.03,99.21,100.84
3380.0,100.20,99.42,100.98
3400.0,100.65,99.69,101.61
3420.0,100.51,99.81,101.21
3440.0,100.84,99.96,101.73
3460.0,100.66,99.78,101.54
3480.0,100.49,99.60,101.37
3500.0,100.45,99.70,101.21
3520.0,100.99,100.07,101.92
3540.0,100.90,99.98,101.83
3560.0,100.48,99.69,101.28
3580.0,100.38,99.42,101.34
3600.0,100.99,100.10,101.87
3620.0,99.99,99.12,100.85
3640.0,99.38,98.57,100.19
3660.0,100.51,99.70,101.31
3680.0,99.92,99.13,100.71
3700.0,100.42,99.49,101.34
3720.0,99.93,99.01,100.85
3740.0,100.10,99.25,100.95
3760.0,99.90,99.00,100.81
3780.0,99.91,99.10,100.72
3800.0,99.20,98.33,100.06
3820.0,99.93,99.02,100.85
3840.0,99.97,99.19,100.74
3860.0,99.74,98.93,100.56
3880.0,99.70,98.90,100.51
3900.0,99.53,98.66,100.40
3920.0,100.02,99.15,100.89
3940.0,99.85,99.06,100.64
3960.0,99.47,98.59,100.36
3980.0,99.95,99.09,100.80
4000.0,99.81,98.86,100.77
4020.0,99.72,98.81,100.63
4040.0,99.70,98.83,100.56
4060.0,99.94,99.04,100.84
4080.0,99.81,99.01,100.60
4100.0,99.85,99.11,100.59
4120.0,99.47,98.84,100.10
4140.0,99.70,98.80,100.60
4160.0,99.32,98.53,100.10
4180.0,99.39,98.52,100.26
4200.0,99.66,98.82,100.50
4220.0,99.25,98.54,99.96
4240.0,99.87,98.99,100.74
4260.0,100.13,99.50,100.76
4280.0,99.60,98.72,100.49
4300.0,98.25,97.42,99.08
4320.0,99.96,99.15,100.78
4340.0,99.92,99.14,100.70
4360.0,98.81,97.99,99.63
4380.0,98.68,97.91,99.45
4400.0,99.71,98.77,100.66
4420.0,99.30,98.51,100.09
4440.0,99.15,98.41,99.89
4460.0,98.61,97.74,99.48
4480.0,98.50,97.78,99.23
4500.0,98.74,97.83,99.65
4520.0,98.96,98.11,99.81
4540.0,98.79,97.88,99.69
4560.0,98.76,97.95,99.58
4580.0,99.28,98.38,100.18
4600.0,98.55,97.69,99.42
4620.0,98.22,97.30,99.14
4640.0,97.84,96.99,98.68
4660.0,98.38,97.39,99.37
4680.0,98.19,97.22,99.16
4700.0,97.53,96.66,98.41
4720.0,98.47,97.65,99.28
4740.0,98.10,97.16,99.04
4760.0,98.26,97.41,99.10
4780.0,98.64,97.80,99.48
4800.0,98.41,97.63,99.20
4820.0,98.88,97.99,99.76
4840.0,98.78,97.86,99.71
4860.0,98.14,97.38,98.91
4880.0,98.10,97.35,98.85
4900.0,98.96,97.95,99.98
4920.0,98.35,97.59,99.12
4940.0,98.21,97.23,99.19
4960.0,98.13,97.24,99.01
4980.0,98.03,97.22,98.84
5000.0,98.10,97.21,98.99
