trial,mean,ci_down,ci_up
0.0,0.00,0.00,0.00
20.0,0.35,0.28,0.41
40.0,1.07,0.91,1.22
60.0,2.01,1.79,2.22
80.0,3.06,2.80,3.32
100.0,4.18,3.87,4.49
120.0,5.46,5.13,5.80
140.0,7.52,7.10,7.93
160.0,10.05,9.58,10.53
180.0,12.61,12.00,13.21
200.0,15.03,14.36,15.70
220.0,17.05,16.36,17.75
240.0,18.85,18.12,19.58
260.0,20.87,20.08,21.67
280.0,23.33,22.49,24.17
300.0,25.65,24.80,26.50
320.0,27.75,26.91,28.59
340.0,30.05,29.15,30.95
360.0,32.41,31.46,33.36
380.0,34.93,33.89,35.98
400.0,37.14,36.06,38.22
420.0,39.17,38.13,40.22
440.0,41.16,40.07,42.25
460.0,43.49,42.39,44.59
480.0,45.83,44.70,46.97
500.0,48.15,46.95,49.35
520.0,49.96,48.79,51.14
540.0,51.85,50.57,53.12
560.0,53.78,52.51,55.05
580.0,55.52,54.22,56.82
600.0,57.42,56.15,58.69
620.0,59.35,58.03,60.68
640.0,61.27,59.85,62.70
660.0,62.97,61.50,64.43
680.0,64.77,63.25,66.28
700.0,66.40,64.87,67.93
720.0,68.29,66.74,69.85
740.0,70.27,68.73,71.81
760.0,72.39,70.81,73.98
780.0,74.68,73.05,76.31
800.0,76.48,74.89,78.07
820.0,78.22,76.64,79.80
840.0,79.93,78.28,81.59
860.0,81.68,80.05,83.31
880.0,83.57,81.97,85.18
900.0,85.43,83.77,87.08
920.0,87.47,85.77,89.17
940.0,89.41,87.71,91.12
960.0,91.37,89.68,93.07
980.0,93.33,91.63,95.04
1000.0,95.20,93.52,96.88
1020.0,97.01,95.36,98.66
1040.0,98.81,97.09,100.54
1060.0,100.50,98.73,102.27
1080.0,102.38,100.57,104.20
1100.0,104.23,102.42,106.04
1120.0,105.94,104.15,107.73
1140.0,107.69,105.83,109.54
1160.0,109.67,107.74,111.61
1180.0,111.65,109.68,113.61
1200.0,113.33,111.34,115.33
1220.0,114.86,112.87,116.85
1240.0,116.49,114.52,118.47
1260.0,117.89,115.89,119.90
1280.0,119.27,117.22,121.32
1300.0,120.85,118.82,122.89
1320.0,122.61,120.47,124.74
1340.0,124.14,121.98,126.30
1360.0,125.67,123.50,127.83
1380.0,127.46,125.38,129.54
1400.0,129.03,126.97,131.09
1420.0,130.70,128.65,132.75
1440.0,132.47,130.41,134.52
1460.0,134.01,131.99,136.02
1480.0,135.66,133.62,137.70
1500.0,137.19,135.10,139.27
1520.0,138.71,136.60,140.81
1540.0,140.41,138.31,142.52
1560.0,142.03,139.90,144.16
1580.0,143.85,141.70,146.00
1600.0,145.43,143.26,147.59
1620.0,147.06,144.85,149.27
1640.0,148.61,146.34,150.87
1660.0,150.23,147.97,152.50
1680.0,151.67,149.41,153.94
1700.0,153.53,151.24,155.81
1720.0,155.19,152.88,157.49
1740.0,156.72,154.36,159.08
1760.0,158.25,155.88,160.63
1780.0,159.79,157.35,162.22
1800.0,161.34,158.84,163.84
1820.0,163.14,160.63,165.65
1840.0,164.69,162.17,167.22
1860.0,166.35,163.80,168.89
1880.0,167.81,165.30,170.32
1900.0,169.33,166.82,171.83
1920.0,170.71,168.25,173.18
1940.0,172.19,169.74,174.65
1960.0,173.45,170.98,175.93
1980.0,174.94,172.46,177.42
2000.0,176.39,173.92,178.87
2020.0,177.65,175.18,180.12
2040.0,179.07,176.58,181.57
2060.0,180.33,177.80,182.87
2080.0,181.53,178.99,184.07
2100.0,182.87,180.33,185.42
2120.0,184.18,181.60,186.76
2140.0,185.43,182.86,188.01
2160.0,186.93,184.30,189.55
2180.0,188.10,185.45,190.75
2200.0,189.54,186.86,192.22
2220.0,190.75,188.05,193.45
2240.0,192.00,189.27,194.73
2260.0,193.30,190.57,196.03
2280.0,194.54,191.77,197.31
2300.0,195.73,192.95,198.50
2320.0,196.98,194.21,199.75
2340.0,198.23,195.40,201.07
2360.0,199.42,196.57,202.27
2380.0,200.74,197.91,203.57
2400.0,202.09,199.22,204.95
2420.0,203.42,200.56,206.28
2440.0,204.41,201.53,207.30
2460.0,205.49,202.60,208.37
2480.0,206.75,203.87,209.64
2500.0,207.81,204.92,210.71
2520.0,208.91,205.99,211.82
2540.0,209.98,207.09,212.86
2560.0,211.24,208.37,214.11
2580.0,212.39,209.51,215.28
2600.0,213.49,210.63,216.35
2620.0,214.49,211.61,217.36
2640.0,215.80,212.90,218.70
2660.0,216.91,214.00,219.83
2680.0,218.14,215.20,221.08
2700.0,219.67,216.76,222.58
2720.0,220.98,218.05,223.91
2740.0,222.31,219.35,225.27
2760.0,223.67,220.73,226.61
2780.0,224.86,221.90,227.82
2800.0,226.07,223.13,229.02
2820.0,227.46,224.50,230.42
2840.0,228.79,225.83,231.75
2860.0,229.92,227.00,232.84
2880.0,231.24,228.30,234.18
2900.0,232.43,229.49,235.36
2920.0,233.75,230.78,236.71
2940.0,235.07,232.05,238.10
2960.0,236.33,233.28,239.37
2980.0,237.53,234.44,240.63
3000.0,238.74,235.63,241.85
3020.0,239.91,236.78,243.04
3040.0,241.21,238.02,244.39
3060.0,242.45,239.22,245.67
3080.0,243.65,240.44,246.87
3100.0,244.78,241.58,247.98
3120.0,246.00,242.81,249.19
3140.0,247.19,243.97,250.42
3160.0,248.25,245.04,251.46
3180.0,249.26,245.99,252.53
3200.0,250.40,247.15,253.65
3220.0,251.40,248.18,254.63
3240.0,252.59,249.31,255.87
3260.0,254.02,250.69,257.35
3280.0,255.23,251.84,258.61
3300.0,256.52,253.15,259.88
3320.0,257.56,254.20,260.92
3340.0,258.64,255.26,262.02
3360.0,259.69,256.30,263.09
3380.0,260.88,257.49,264.27
3400.0,261.94,258.56,265.32
3420.0,263.05,259.63,266.46
3440.0,263.99,260.54,267.43
3460.0,265.05,261.61,268.49
3480.0,266.10,262.69,269.51
3500.0,267.07,263.68,270.45
3520.0,268.29,264.90,271.68
3540.0,269.33,265.95,272.71
3560.0,270.36,266.97,273.75
3580.0,271.41,268.01,274.81
3600.0,272.39,268.97,275.82
3620.0,273.39,269.97,276.82
3640.0,274.46,271.03,277.89
3660.0,275.53,272.10,278.97
3680.0,276.55,273.08,280.01
3700.0,277.53,274.02,281.04
3720.0,278.57,275.06,282.09
3740.0,279.53,276.04,283.03
3760.0,280.48,276.97,283.99
3780.0,281.56,278.01,285.11
3800.0,282.45,278.86,286.05
3820.0,283.23,279.66,286.80
3840.0,284.19,280.58,287.81
3860.0,285.11,281.49,288.74
3880.0,285.98,282.30,289.67
3900.0,286.87,283.18,290.57
3920.0,287.82,284.05,291.59
3940.0,288.57,284.76,292.39
3960.0,289.48,285.66,293.30
3980.0,290.31,286.49,294.14
4000.0,291.44,287.61,295.27
4020.0,292.25,288.41,296.10
4040.0,293.13,289.26,297.00
4060.0,294.11,290.23,298.00
4080.0,295.01,291.13,298.88
4100.0,295.95,292.07,299.83
4120.0,296.87,292.93,300.80
4140.0,297.62,293.66,301.58
4160.0,298.56,294.64,302.48
4180.0,299.49,295.52,303.45
4200.0,300.44,296.43,304.45
4220.0,301.44,297.38,305.50
4240.0,302.30,298.21,306.38
4260.0,303.25,299.14,307.35
4280.0,304.21,300.08,308.35
4300.0,305.19,301.08,309.30
4320.0,305.93,301.81,310.05
4340.0,306.93,302.76,311.10
4360.0,307.79,303.64,311.94
4380.0,308.53,304.37,312.69
4400.0,309.39,305.23,313.56
4420.0,310.35,306.17,314.52
4440.0,311.38,307.18,315.58
4460.0,312.24,308.05,316.43
4480.0,312.99,308.79,317.19
4500.0,313.87,309.66,318.08
4520.0,314.55,310.34,318.77
4540.0,315.43,311.23,319.64
4560.0,316.45,312.27,320.62
4580.0,317.31,313.16,321.47
4600.0,318.35,314.15,322.54
4620.0,319.44,315.21,323.67
4640.0,320.32,316.10,324.54
4660.0,321.33,317.09,325.58
4680.0,322.08,317.81,326.35
4700.0,322.97,318.74,327.20
4720.0,323.86,319.58,328.14
4740.0,324.67,320.39,328.96
4760.0,325.59,321.34,329.85
4780.0,326.53,322.26,330.81
4800.0,327.37,323.07,331.66
4820.0,328.13,323.83,332.43
4840.0,329.00,324.71,333.29
4860.0,330.01,325.68,334.33
4880.0,330.81,326.50,335.11
4900.0,331.57,327.26,335.87
4920.0,332.40,328.08,336.71
4940.0,333.27,328.92,337.63
4960.0,334.05,329.72,338.38
4980.0,334.73,330.39,339.08
5000.0,335.47,331.10,339.85
