trial,mean,ci_down,ci_up
0.0,3.14,2.79,3.49
20.0,2.78,2.45,3.11
40.0,3.42,2.97,3.87
60.0,3.72,3.28,4.16
80.0,4.94,4.37,5.51
100.0,5.16,4.64,5.68
120.0,7.00,6.36,7.64
140.0,7.64,6.95,8.33
160.0,9.08,8.29,9.87
180.0,10.28,9.20,11.36
200.0,11.74,10.87,12.61
220.0,12.52,11.44,13.60
240.0,13.72,12.59,14.85
260.0,14.68,13.25,16.11
280.0,15.16,14.05,16.27
300.0,17.06,16.02,18.10
320.0,18.78,17.56,20.00
340.0,18.44,17.14,19.74
360.0,20.10,18.76,21.44
380.0,20.96,19.53,22.39
400.0,22.08,20.74,23.42
420.0,24.66,23.22,26.10
440.0,24.52,22.82,26.22
460.0,24.08,22.77,25.39
480.0,26.00,24.70,27.30
500.0,25.78,24.35,27.21
520.0,27.44,25.88,29.00
540.0,27.56,26.00,29.12
560.0,29.26,27.68,30.84
580.0,30.86,29.18,32.54
600.0,31.00,29.46,32.54
620.0,32.00,30.28,33.72
640.0,33.48,31.94,35.02
660.0,32.54,31.02,34.06
680.0,34.90,33.13,36.67
700.0,35.16,33.75,36.57
720.0,35.58,34.19,36.97
740.0,35.52,33.92,37.12
760.0,37.98,36.33,39.63
780.0,38.06,36.47,39.65
800.0,37.52,35.86,39.18
820.0,40.02,38.17,41.87
840.0,39.72,37.73,41.71
860.0,40.34,38.58,42.10
880.0,39.34,37.34,41.34
900.0,41.54,39.99,43.09
920.0,41.62,39.79,43.45
940.0,43.70,42.03,45.37
960.0,43.72,41.81,45.63
980.0,43.16,41.30,45.02
1000.0,44.50,42.89,46.11
1020.0,43.36,41.48,45.24
1040.0,44.50,43.00,46.00
1060.0,46.30,44.63,47.97
1080.0,46.76,45.17,48.35
1100.0,46.56,44.95,48.17
1120.0,48.12,46.72,49.52
1140.0,48.70,47.10,50.30
1160.0,48.66,46.95,50.37
1180.0,48.50,46.57,50.43
1200.0,50.96,49.22,52.70
1220.0,49.92,48.42,51.42
1240.0,51.28,49.56,53.00
1260.0,50.24,48.68,51.80
1280.0,50.94,49.23,52.65
1300.0,50.36,48.77,51.95
1320.0,51.32,49.82,52.82
1340.0,52.34,50.68,54.00
1360.0,51.10,49.48,52.72
1380.0,52.04,50.41,53.67
1400.0,52.76,51.41,54.11
1420.0,53.54,51.80,55.28
1440.0,52.60,50.86,54.34
1460.0,53.92,52.36,55.48
1480.0,52.94,50.91,54.97
1500.0,54.48,52.71,56.25
1520.0,53.68,51.73,55.63
1540.0,53.80,52.10,55.50
1560.0,55.66,53.67,57.65
1580.0,55.14,53.15,57.13
1600.0,53.76,52.03,55.49
1620.0,55.92,54.08,57.76
1640.0,55.40,53.65,57.15
1660.0,54.48,52.88,56.08
1680.0,56.92,55.03,58.81
1700.0,55.24,53.49,56.99
1720.0,55.92,54.34,57.50
1740.0,56.48,54.88,58.08
1760.0,57.08,55.32,58.84
1780.0,57.50,55.94,59.06
1800.0,57.24,55.46,59.02
1820.0,57.74,56.02,59.46
1840.0,57.98,56.39,59.57
1860.0,58.78,57.15,60.41
1880.0,58.76,57.00,60.52
1900.0,59.04,57.53,60.55
1920.0,58.08,56.18,59.98
1940.0,59.78,58.30,61.26
1960.0,59.30,57.75,60.85
1980.0,58.86,57.20,60.52
2000.0,59.88,58.50,61.26
2020.0,59.06,57.28,60.84
2040.0,60.08,58.53,61.63
2060.0,60.74,59.27,62.21
2080.0,60.32,58.57,62.07
2100.0,59.86,58.33,61.39
2120.0,59.18,57.56,60.80
2140.0,60.64,58.92,62.36
2160.0,60.90,59.29,62.51
2180.0,61.94,60.28,63.60
2200.0,60.36,58.44,62.28
2220.0,61.78,60.12,63.44
2240.0,62.62,61.11,64.13
2260.0,61.64,60.07,63.21
2280.0,62.00,60.50,63.50
2300.0,62.38,60.90,63.86
2320.0,62.32,60.73,63.91
2340.0,61.06,59.49,62.63
2360.0,62.42,60.60,64.24
2380.0,63.06,61.36,64.76
2400.0,60.70,59.23,62.17
2420.0,62.90,61.42,64.38
2440.0,63.48,61.73,65.23
2460.0,61.88,60.26,63.50
2480.0,62.84,61.44,64.24
2500.0,62.74,61.01,64.47
2520.0,63.34,61.75,64.93
2540.0,62.66,61.08,64.24
2560.0,61.42,59.96,62.88
2580.0,62.96,61.28,64.64
2600.0,64.12,62.74,65.50
2620.0,62.40,60.95,63.85
2640.0,62.76,61.05,64.47
2660.0,64.28,62.79,65.77
2680.0,64.54,63.06,66.02
2700.0,64.36,62.84,65.88
2720.0,64.18,62.66,65.70
2740.0,66.08,64.39,67.77
2760.0,64.16,62.71,65.61
2780.0,63.78,61.84,65.72
2800.0,64.54,62.75,66.33
2820.0,64.30,62.68,65.92
2840.0,63.44,61.72,65.16
2860.0,63.96,62.71,65.21
2880.0,64.22,62.48,65.96
2900.0,64.86,62.94,66.78
2920.0,65.28,63.94,66.62
2940.0,65.10,63.57,66.63
2960.0,64.44,62.92,65.96
2980.0,65.32,63.58,67.06
3000.0,65.40,64.01,66.79
3020.0,64.72,63.12,66.32
3040.0,65.04,63.55,66.53
3060.0,66.76,65.46,68.06
3080.0,65.14,63.48,66.80
3100.0,65.76,63.79,67.73
3120.0,65.50,63.50,67.50
3140.0,65.20,63.39,67.01
3160.0,66.18,64.70,67.66
3180.0,66.62,65.12,68.12
3200.0,66.20,64.49,67.91
3220.0,66.52,64.91,68.13
3240.0,66.28,64.52,68.04
3260.0,65.70,64.17,67.23
3280.0,67.56,65.89,69.23
3300.0,66.72,64.88,68.56
3320.0,67.06,65.30,68.82
3340.0,67.66,66.34,68.98
3360.0,67.94,66.45,69.43
3380.0,67.98,66.64,69.32
3400.0,67.84,66.30,69.38
3420.0,68.10,66.60,69.60
3440.0,68.36,66.90,69.82
3460.0,67.24,65.61,68.87
3480.0,68.46,67.10,69.82
3500.0,68.10,66.79,69.41
3520.0,68.04,66.65,69.43
3540.0,68.50,67.03,69.97
3560.0,69.20,67.82,70.58
3580.0,69.18,67.69,70.67
3600.0,67.78,66.27,69.29
3620.0,69.10,67.40,70.80
3640.0,69.14,67.58,70.70
3660.0,69.02,67.54,70.50
3680.0,68.28,67.00,69.56
3700.0,69.72,68.53,70.91
3720.0,68.70,67.05,70.35
3740.0,68.18,66.65,69.71
3760.0,68.98,67.56,70.40
3780.0,69.06,67.23,70.89
3800.0,69.50,68.12,70.88
3820.0,70.36,68.83,71.89
3840.0,69.14,67.67,70.61
3860.0,68.32,66.63,70.01
3880.0,69.32,67.89,70.75
3900.0,69.84,68.29,71.39
3920.0,68.42,67.08,69.76
3940.0,68.82,67.36,70.28
3960.0,69.36,68.07,70.65
3980.0,69.80,68.30,71.30
4000.0,69.08,67.49,70.67
4020.0,68.02,66.51,69.53
4040.0,70.20,68.67,71.73
4060.0,69.50,68.12,70.88
4080.0,69.60,68.14,71.06
4100.0,70.42,68.75,72.09
4120.0,70.00,68.43,71.57
4140.0,70.02,68.50,71.54
4160.0,69.80,68.32,71.28
4180.0,69.16,67.61,70.71
4200.0,70.02,68.41,71.63
4220.0,70.52,69.41,71.63
4240.0,70.32,68.73,71.91
4260.0,70.78,69.00,72.56
4280.0,70.28,68.70,71.86
4300.0,70.34,68.49,72.19
4320.0,71.74,70.03,73.45
4340.0,69.72,67.90,71.54
4360.0,70.64,68.94,72.34
4380.0,70.82,69.34,72.30
4400.0,70.40,68.68,72.12
4420.0,71.28,69.40,73.16
4440.0,71.08,69.47,72.69
4460.0,70.04,68.61,71.47
4480.0,71.48,69.91,73.05
4500.0,72.08,70.61,73.55
4520.0,71.30,69.73,72.87
4540.0,71.64,70.28,73.00
4560.0,71.22,69.65,72.79
4580.0,72.32,70.79,73.85
4600.0,72.16,70.55,73.77
4620.0,72.26,70.74,73.78
4640.0,71.60,70.19,73.01
4660.0,71.28,69.44,73.12
4680.0,71.28,69.59,72.97
4700.0,71.56,69.89,73.23
4720.0,70.56,68.96,72.16
4740.0,72.68,71.32,74.04
4760.0,71.12,69.57,72.67
4780.0,71.28,69.59,72.97
4800.0,71.60,70.04,73.16
4820.0,71.34,69.70,72.98
4840.0,71.84,70.32,73.36
4860.0,71.76,70.06,73.46
4880.0,71.56,70.06,73.06
4900.0,71.38,69.94,72.82
4920.0,71.30,69.79,72.81
4940.0,71.88,70.27,73.49
4960.0,71.56,69.91,73.21
4980.0,72.82,71.06,74.58
5000.0,72.16,70.72,73.60
