trial,mean,ci_down,ci_up
0.0,3.02,2.62,3.42
20.0,6.02,5.46,6.58
40.0,9.28,8.43,10.13
60.0,13.40,12.34,14.46
80.0,17.80,16.60,19.00
100.0,23.24,21.99,24.49
120.0,29.14,27.73,30.55
140.0,36.50,34.93,38.07
160.0,44.98,43.22,46.74
180.0,55.46,53.29,57.63
200.0,67.40,64.67,70.13
220.0,80.04,76.81,83.27
240.0,95.14,91.29,98.99
260.0,109.52,105.13,113.91
280.0,124.94,120.15,129.73
300.0,141.70,136.46,146.94
320.0,158.96,153.29,164.63
340.0,177.34,171.14,183.54
360.0,197.32,190.42,204.22
380.0,218.10,210.29,225.91
400.0,240.62,232.17,249.07
420.0,264.24,255.33,273.15
440.0,288.86,279.30,298.42
460.0,314.46,304.30,324.62
480.0,341.06,330.15,351.97
500.0,368.04,356.46,379.62
520.0,395.54,383.29,407.79
540.0,422.62,409.46,435.78
560.0,452.84,438.67,467.01
580.0,484.00,469.24,498.76
600.0,514.86,499.33,530.39
620.0,545.94,529.60,562.28
640.0,579.20,561.85,596.55
660.0,614.30,596.36,632.24
680.0,649.06,630.44,667.68
700.0,685.60,665.98,705.22
720.0,722.08,701.33,742.83
740.0,758.74,737.34,780.14
760.0,795.30,773.07,817.53
780.0,831.96,808.92,855.00
800.0,869.62,845.85,893.39
820.0,907.52,882.77,932.27
840.0,947.68,921.93,973.43
860.0,987.72,960.84,1014.60
880.0,1029.72,1002.26,1057.18
900.0,1071.44,1043.09,1099.79
920.0,1113.82,1084.44,1143.20
940.0,1155.46,1125.22,1185.70
960.0,1197.88,1167.02,1228.74
980.0,1240.72,1209.02,1272.42
1000.0,1284.62,1251.81,1317.43
1020.0,1329.96,1296.07,1363.85
1040.0,1375.72,1341.10,1410.34
1060.0,1420.72,1385.16,1456.28
1080.0,1466.76,1430.20,1503.32
1100.0,1513.10,1475.46,1550.74
1120.0,1559.22,1520.78,1597.66
1140.0,1607.56,1568.48,1646.64
1160.0,1653.98,1614.49,1693.47
1180.0,1700.76,1660.50,1741.02
1200.0,1747.40,1706.50,1788.30
1220.0,1796.02,1754.50,1837.54
1240.0,1845.26,1803.01,1887.51
1260.0,1895.10,1851.86,1938.34
1280.0,1945.96,1901.59,1990.33
1300.0,1995.70,1950.28,2041.12
1320.0,2044.92,1998.77,2091.07
1340.0,2095.96,2048.68,2143.24
1360.0,2147.86,2099.63,2196.09
1380.0,2199.38,2150.04,2248.72
1400.0,2251.94,2201.57,2302.31
1420.0,2303.82,2252.59,2355.05
1440.0,2355.78,2303.58,2407.98
1460.0,2408.52,2355.57,2461.47
1480.0,2462.02,2408.06,2515.98
1500.0,2515.60,2460.70,2570.50
1520.0,2568.82,2513.09,2624.55
1540.0,2621.10,2564.42,2677.78
1560.0,2676.12,2618.56,2733.68
1580.0,2731.00,2672.50,2789.50
1600.0,2785.36,2725.88,2844.84
1620.0,2839.86,2779.81,2899.91
1640.0,2895.06,2834.18,2955.94
1660.0,2950.02,2888.24,3011.80
1680.0,3006.26,2943.69,3068.83
1700.0,3062.04,2998.60,3125.48
1720.0,3118.14,3054.21,3182.07
1740.0,3174.92,3110.12,3239.72
1760.0,3231.40,3165.74,3297.06
1780.0,3287.30,3220.77,3353.83
1800.0,3344.86,3277.65,3412.07
1820.0,3402.70,3334.95,3470.45
1840.0,3459.40,3390.90,3527.90
1860.0,3516.44,3447.35,3585.53
1880.0,3574.16,3504.49,3643.83
1900.0,3632.88,3562.59,3703.17
1920.0,3691.02,3620.02,3762.02
1940.0,3749.80,3678.60,3821.00
1960.0,3809.14,3737.59,3880.69
1980.0,3869.94,3797.81,3942.07
2000.0,3929.14,3856.45,4001.83
2020.0,3988.88,3915.41,4062.35
2040.0,4047.82,3973.62,4122.02
2060.0,4107.42,4032.96,4181.88
2080.0,4166.84,4091.50,4242.18
2100.0,4227.98,4152.05,4303.91
2120.0,4287.68,4211.09,4364.27
2140.0,4347.80,4270.56,4425.04
2160.0,4406.88,4328.68,4485.08
2180.0,4466.18,4387.49,4544.87
2200.0,4526.12,4446.39,4605.85
2220.0,4587.36,4507.07,4667.65
2240.0,4647.48,4566.42,4728.54
2260.0,4709.32,4627.58,4791.06
2280.0,4769.68,4687.15,4852.21
2300.0,4830.42,4746.94,4913.90
2320.0,4891.48,4806.94,4976.02
2340.0,4953.50,4867.95,5039.05
2360.0,5015.36,4929.21,5101.51
2380.0,5077.80,4990.62,5164.98
2400.0,5139.12,5051.23,5227.01
2420.0,5201.36,5112.37,5290.35
2440.0,5264.84,5175.02,5354.66
2460.0,5327.48,5236.66,5418.30
2480.0,5389.50,5297.77,5481.23
2500.0,5451.88,5359.42,5544.34
2520.0,5513.98,5421.19,5606.77
2540.0,5576.32,5482.67,5669.97
2560.0,5638.70,5544.56,5732.84
2580.0,5701.58,5606.84,5796.32
2600.0,5764.24,5668.69,5859.79
2620.0,5827.52,5731.26,5923.78
2640.0,5890.80,5793.54,5988.06
2660.0,5954.42,5856.37,6052.47
2680.0,6019.40,5920.79,6118.01
2700.0,6083.06,5983.42,6182.70
2720.0,6146.16,6046.22,6246.10
2740.0,6210.38,6109.48,6311.28
2760.0,6274.70,6173.46,6375.94
2780.0,6338.48,6236.50,6440.46
2800.0,6402.58,6300.09,6505.07
2820.0,6467.56,6364.28,6570.84
2840.0,6532.34,6428.63,6636.05
2860.0,6597.06,6493.01,6701.11
2880.0,6662.38,6557.82,6766.94
2900.0,6726.90,6622.10,6831.70
2920.0,6792.24,6686.82,6897.66
2940.0,6857.10,6751.22,6962.98
2960.0,6922.78,6816.34,7029.22
2980.0,6987.98,6881.06,7094.90
3000.0,7053.34,6946.16,7160.52
3020.0,7118.56,7010.91,7226.21
3040.0,7185.22,7077.39,7293.05
3060.0,7250.70,7142.51,7358.89
3080.0,7316.34,7207.78,7424.90
3100.0,7382.90,7273.78,7492.02
3120.0,7448.54,7338.89,7558.19
3140.0,7515.74,7405.67,7625.81
3160.0,7582.66,7471.97,7693.35
3180.0,7649.14,7537.85,7760.43
3200.0,7715.22,7603.53,7826.91
3220.0,7782.54,7670.21,7894.87
3240.0,7848.80,7735.74,7961.86
3260.0,7917.16,7803.43,8030.89
3280.0,7984.52,7870.08,8098.96
3300.0,8051.80,7937.04,8166.56
3320.0,8118.76,8003.26,8234.26
3340.0,8185.88,8069.83,8301.93
3360.0,8253.96,8137.80,8370.12
3380.0,8320.28,8203.81,8436.75
3400.0,8387.74,8270.91,8504.57
3420.0,8454.34,8336.98,8571.70
3440.0,8521.88,8403.96,8639.80
3460.0,8589.12,8470.49,8707.75
3480.0,8656.34,8537.15,8775.53
3500.0,8724.22,8604.56,8843.88
3520.0,8790.74,8670.51,8910.97
3540.0,8858.22,8737.69,8978.75
3560.0,8925.22,8804.14,9046.30
3580.0,8992.26,8870.85,9113.67
3600.0,9061.76,8940.13,9183.39
3620.0,9131.08,9009.17,9252.99
3640.0,9199.40,9077.48,9321.32
3660.0,9267.38,9145.11,9389.65
3680.0,9334.76,9211.98,9457.54
3700.0,9402.02,9278.92,9525.12
3720.0,9468.82,9345.59,9592.05
3740.0,9536.58,9413.15,9660.01
3760.0,9605.28,9481.69,9728.87
3780.0,9673.36,9549.52,9797.20
3800.0,9741.48,9617.39,9865.57
3820.0,9810.60,9686.07,9935.13
3840.0,9879.30,9754.36,10004.24
3860.0,9947.20,9821.88,10072.52
3880.0,10014.28,9888.74,10139.82
3900.0,10080.66,9955.05,10206.27
3920.0,10148.86,10022.61,10275.11
3940.0,10217.26,10090.74,10343.78
3960.0,10286.46,10159.79,10413.13
3980.0,10354.82,10227.83,10481.81
4000.0,10422.94,10295.87,10550.01
4020.0,10492.08,10364.58,10619.58
4040.0,10560.64,10432.72,10688.56
4060.0,10629.72,10501.80,10757.64
4080.0,10698.22,10570.35,10826.09
4100.0,10767.92,10639.95,10895.89
4120.0,10837.80,10709.37,10966.23
4140.0,10908.42,10779.62,11037.22
4160.0,10979.60,10850.84,11108.36
4180.0,11049.94,10920.91,11178.97
4200.0,11120.16,10990.90,11249.42
4220.0,11190.82,11061.25,11320.39
4240.0,11259.72,11129.83,11389.61
4260.0,11328.38,11198.24,11458.52
4280.0,11398.02,11267.46,11528.58
4300.0,11469.44,11338.43,11600.45
4320.0,11541.02,11409.74,11672.30
4340.0,11610.98,11479.45,11742.51
4360.0,11679.90,11548.03,11811.77
4380.0,11750.48,11618.11,11882.85
4400.0,11821.42,11688.71,11954.13
4420.0,11891.28,11758.53,12024.03
4440.0,11962.22,11828.77,12095.67
4460.0,12032.66,11898.75,12166.57
4480.0,12103.88,11969.45,12238.31
4500.0,12174.44,12039.65,12309.23
4520.0,12244.28,12109.12,12379.44
4540.0,12313.92,12178.39,12449.45
4560.0,12382.90,12246.94,12518.86
4580.0,12453.26,12316.97,12589.55
4600.0,12523.12,12386.56,12659.68
4620.0,12592.70,12455.82,12729.58
4640.0,12662.44,12525.01,12799.87
4660.0,12731.80,12594.14,12869.46
4680.0,12801.14,12663.20,12939.08
4700.0,12870.32,12732.05,13008.59
4720.0,12941.06,12802.83,13079.29
4740.0,13012.00,12873.55,13150.45
4760.0,13081.78,12943.02,13220.54
4780.0,13151.64,13012.54,13290.74
4800.0,13221.78,13082.28,13361.28
4820.0,13292.20,13152.08,13432.32
4840.0,13362.84,13222.19,13503.49
4860.0,13434.00,13292.92,13575.08
4880.0,13503.94,13362.70,13645.18
4900.0,13574.58,13433.08,13716.08
4920.0,13644.68,13502.80,13786.56
4940.0,13715.94,13573.76,13858.12
4960.0,13786.54,13644.12,13928.96
4980.0,13857.60,13715.05,14000.15
5000.0,13928.88,13786.26,14071.50
