trial,mean,ci_down,ci_up
0.0,38.75,35.88,41.62
20.0,81.30,77.47,85.12
40.0,125.17,120.21,130.13
60.0,184.65,178.04,191.26
80.0,245.60,237.33,253.88
100.0,313.13,303.81,322.45
120.0,387.76,376.96,398.57
140.0,467.69,456.33,479.05
160.0,548.14,536.63,559.65
180.0,632.86,621.09,644.62
200.0,720.07,708.06,732.08
220.0,808.38,796.10,820.66
240.0,897.63,884.81,910.45
260.0,987.31,974.48,1000.15
280.0,1080.88,1067.63,1094.13
300.0,1173.95,1160.30,1187.61
320.0,1267.91,1254.36,1281.47
340.0,1363.27,1349.80,1376.74
360.0,1458.77,1445.03,1472.52
380.0,1555.01,1540.95,1569.06
400.0,1651.40,1637.36,1665.44
420.0,1749.27,1735.22,1763.32
440.0,1847.23,1832.87,1861.58
460.0,1945.08,1930.55,1959.61
480.0,2044.33,2029.49,2059.18
500.0,2143.97,2128.98,2158.97
520.0,2243.71,2228.57,2258.86
540.0,2343.32,2327.86,2358.77
560.0,2442.54,2426.69,2458.38
580.0,2543.56,2527.52,2559.60
600.0,2643.65,2627.41,2659.88
620.0,2745.34,2729.37,2761.32
640.0,2846.65,2830.34,2862.97
660.0,2948.53,2932.36,2964.70
680.0,3050.09,3033.61,3066.57
700.0,3151.08,3134.42,3167.73
720.0,3253.03,3236.37,3269.68
740.0,3355.44,3339.01,3371.87
760.0,3457.04,3440.80,3473.28
780.0,3558.88,3542.55,3575.22
800.0,3660.78,3644.33,3677.23
820.0,3763.41,3746.88,3779.94
840.0,3866.05,3849.43,3882.66
860.0,3968.62,3952.07,3985.18
880.0,4070.27,4053.66,4086.87
900.0,4172.62,4155.86,4189.39
920.0,4275.06,4258.54,4291.59
940.0,4377.91,4361.13,4394.69
960.0,4480.29,4463.33,4497.25
980.0,4583.02,4565.88,4600.16
1000.0,4685.50,4668.31,4702.68
1020.0,4788.48,4770.95,4806.00
1040.0,4891.16,4873.37,4908.96
1060.0,4994.75,4976.80,5012.71
1080.0,5097.72,5079.61,5115.84
1100.0,5200.26,5181.78,5218.74
1120.0,5303.22,5284.51,5321.93
1140.0,5406.31,5387.17,5425.46
1160.0,5510.64,5491.31,5529.97
1180.0,5613.31,5593.67,5632.94
1200.0,5716.38,5696.88,5735.89
1220.0,5819.12,5799.49,5838.74
1240.0,5921.40,5901.52,5941.27
1260.0,6024.96,6004.72,6045.20
1280.0,6128.36,6107.74,6148.99
1300.0,6231.24,6210.41,6252.07
1320.0,6334.16,6312.97,6355.36
1340.0,6436.70,6415.20,6458.19
1360.0,6539.45,6517.79,6561.10
1380.0,6642.04,6620.02,6664.07
1400.0,6745.31,6722.90,6767.73
1420.0,6848.63,6825.87,6871.40
1440.0,6951.17,6928.05,6974.29
1460.0,7053.98,7030.46,7077.50
1480.0,7157.28,7133.42,7181.14
1500.0,7260.79,7236.34,7285.24
1520.0,7363.61,7338.85,7388.37
1540.0,7466.43,7441.39,7491.47
1560.0,7569.24,7543.88,7594.61
1580.0,7671.36,7645.77,7696.95
1600.0,7773.86,7748.17,7799.55
1620.0,7876.64,7850.50,7902.77
1640.0,7980.11,7953.79,8006.43
1660.0,8083.24,8056.38,8110.11
1680.0,8185.69,8158.57,8212.80
1700.0,8288.75,8261.18,8316.33
1720.0,8391.21,8363.11,8419.31
1740.0,8493.73,8465.28,8522.17
1760.0,8596.54,8567.76,8625.31
1780.0,8698.83,8669.81,8727.85
1800.0,8801.42,8771.89,8830.95
1820.0,8904.25,8874.52,8933.98
1840.0,9007.10,8976.97,9037.23
1860.0,9109.30,9078.88,9139.73
1880.0,9211.40,9180.68,9242.12
1900.0,9313.17,9282.08,9344.25
1920.0,9414.80,9383.34,9446.25
1940.0,9516.93,9485.00,9548.85
1960.0,9619.12,9586.86,9651.38
1980.0,9721.48,9689.09,9753.86
2000.0,9823.95,9791.19,9856.71
2020.0,9925.67,9892.63,9958.70
2040.0,10027.37,9994.07,10060.66
2060.0,10129.03,10095.61,10162.46
2080.0,10230.75,10197.00,10264.49
2100.0,10332.88,10298.80,10366.96
2120.0,10434.07,10399.74,10468.41
2140.0,10536.42,10501.81,10571.03
2160.0,10638.29,10603.58,10673.01
2180.0,10740.22,10705.08,10775.37
2200.0,10841.85,10806.33,10877.37
2220.0,10943.45,10907.58,10979.33
2240.0,11045.12,11008.67,11081.56
2260.0,11147.42,11110.58,11184.26
2280.0,11248.94,11211.75,11286.13
2300.0,11350.85,11313.40,11388.30
2320.0,11452.62,11414.77,11490.47
2340.0,11554.30,11516.22,11592.38
2360.0,11655.05,11616.66,11693.44
2380.0,11756.09,11717.28,11794.91
2400.0,11857.52,11818.49,11896.55
2420.0,11958.84,11919.60,11998.09
2440.0,12060.59,12021.07,12100.11
2460.0,12162.84,12122.94,12202.75
2480.0,12264.84,12224.67,12305.00
2500.0,12366.55,12326.20,12406.90
2520.0,12469.13,12428.40,12509.86
2540.0,12570.47,12529.33,12611.60
2560.0,12671.80,12630.33,12713.26
2580.0,12773.04,12731.08,12815.01
2600.0,12874.54,12832.17,12916.92
2620.0,12976.84,12934.01,13019.68
2640.0,13078.03,13034.82,13121.24
2660.0,13179.15,13135.45,13222.84
2680.0,13280.36,13236.08,13324.63
2700.0,13381.26,13336.51,13426.01
2720.0,13482.15,13436.86,13527.45
2740.0,13583.08,13537.36,13628.79
2760.0,13684.24,13638.25,13730.24
2780.0,13785.04,13738.69,13831.39
2800.0,13885.55,13838.82,13932.29
2820.0,13986.49,13939.25,14033.74
2840.0,14087.73,14039.91,14135.54
2860.0,14188.57,14140.55,14236.60
2880.0,14289.40,14241.02,14337.78
2900.0,14390.84,14342.23,14439.44
2920.0,14491.99,14443.05,14540.94
2940.0,14593.30,14543.91,14642.69
2960.0,14694.96,14645.15,14744.76
2980.0,14796.13,14745.92,14846.34
3000.0,14897.08,14846.70,14947.47
3020.0,14998.28,14947.71,15048.85
3040.0,15099.16,15048.18,15150.14
3060.0,15200.17,15148.68,15251.66
3080.0,15300.72,15249.00,15352.44
3100.0,15402.02,15350.00,15454.04
3120.0,15502.91,15450.52,15555.29
3140.0,15604.14,15551.40,15656.87
3160.0,15705.00,15651.95,15758.05
3180.0,15805.68,15752.17,15859.19
3200.0,15905.90,15852.17,15959.62
3220.0,16006.69,15952.53,16060.86
3240.0,16107.53,16053.01,16162.04
3260.0,16208.52,16153.51,16263.53
3280.0,16308.98,16253.65,16364.31
3300.0,16409.16,16353.42,16464.90
3320.0,16510.40,16454.32,16566.48
3340.0,16611.35,16554.87,16667.83
3360.0,16711.65,16654.66,16768.64
3380.0,16812.12,16754.93,16869.30
3400.0,16912.55,16855.02,16970.08
3420.0,17012.48,16954.63,17070.33
3440.0,17112.28,17054.17,17170.39
3460.0,17212.10,17153.55,17270.66
3480.0,17312.27,17253.40,17371.13
3500.0,17412.71,17353.52,17471.90
3520.0,17512.34,17452.80,17571.87
3540.0,17611.70,17551.65,17671.75
3560.0,17711.75,17651.49,17772.02
3580.0,17811.88,17751.31,17872.46
3600.0,17911.33,17850.33,17972.33
3620.0,18011.21,17949.76,18072.67
3640.0,18112.31,18050.56,18174.07
3660.0,18212.04,18150.08,18274.00
3680.0,18312.49,18250.09,18374.90
3700.0,18413.15,18350.45,18475.85
3720.0,18512.90,18449.80,18576.00
3740.0,18612.97,18549.32,18676.62
3760.0,18713.08,18649.13,18777.03
3780.0,18813.10,18748.92,18877.29
3800.0,18912.36,18847.71,18977.01
3820.0,19012.22,18947.11,19077.32
3840.0,19111.65,19045.98,19177.32
3860.0,19210.66,19144.42,19276.91
3880.0,19310.54,19243.70,19377.38
3900.0,19409.81,19342.54,19477.08
3920.0,19508.79,19441.02,19576.57
3940.0,19608.37,19540.29,19676.46
3960.0,19708.60,19640.18,19777.02
3980.0,19808.27,19739.31,19877.24
4000.0,19908.19,19838.84,19977.54
4020.0,20008.82,19939.05,20078.58
4040.0,20109.51,20039.24,20179.78
4060.0,20209.49,20138.70,20280.28
4080.0,20309.82,20238.68,20380.97
4100.0,20410.26,20338.78,20481.74
4120.0,20510.23,20438.44,20582.01
4140.0,20610.11,20537.78,20682.44
4160.0,20710.29,20637.55,20783.04
4180.0,20810.23,20737.06,20883.41
4200.0,20910.55,20836.92,20984.17
4220.0,21010.15,20936.00,21084.30
4240.0,21109.75,21035.11,21184.38
4260.0,21209.66,21134.73,21284.59
4280.0,21309.73,21234.50,21384.96
4300.0,21409.03,21333.32,21484.73
4320.0,21508.67,21432.55,21584.80
4340.0,21608.89,21532.33,21685.46
4360.0,21708.99,21631.94,21786.04
4380.0,21808.30,21730.86,21885.74
4400.0,21907.15,21829.21,21985.08
4420.0,22007.58,21929.10,22086.06
4440.0,22106.92,22027.86,22185.99
4460.0,22206.24,22126.70,22285.78
4480.0,22305.06,22225.18,22384.93
4500.0,22404.19,22323.88,22484.50
4520.0,22503.68,22423.13,22584.23
4540.0,22603.09,22522.17,22684.01
4560.0,22702.61,22621.24,22783.99
4580.0,22802.06,22720.34,22883.77
4600.0,22900.32,22817.99,22982.66
4620.0,22999.48,22916.79,23082.18
4640.0,23098.57,23015.50,23181.64
4660.0,23197.65,23114.28,23281.02
4680.0,23297.21,23213.30,23381.12
4700.0,23396.52,23312.25,23480.79
4720.0,23495.32,23410.70,23579.93
4740.0,23594.58,23509.50,23679.66
4760.0,23693.49,23608.00,23778.97
4780.0,23792.78,23706.78,23878.77
4800.0,23891.70,23805.23,23978.17
4820.0,23990.60,23903.87,24077.33
4840.0,24089.89,24002.60,24177.18
4860.0,24188.98,24101.10,24276.86
4880.0,24288.25,24199.91,24376.60
4900.0,24386.93,24298.13,24475.73
4920.0,24485.42,24396.30,24574.54
4940.0,24584.72,24495.19,24674.25
4960.0,24683.92,24593.80,24774.04
4980.0,24782.50,24692.03,24872.98
5000.0,24881.19,24790.30,24972.08
