trial,mean,ci_down,ci_up
0.0,0.00,0.00,0.00
20.0,0.29,0.22,0.36
40.0,1.12,0.93,1.31
60.0,2.60,2.27,2.93
80.0,4.81,4.28,5.34
100.0,8.02,7.29,8.75
120.0,12.38,11.41,13.35
140.0,18.49,17.19,19.78
160.0,26.27,24.61,27.93
180.0,35.47,33.41,37.54
200.0,46.53,44.03,49.02
220.0,59.28,56.36,62.20
240.0,73.53,70.15,76.91
260.0,89.21,85.32,93.11
280.0,106.53,102.12,110.93
300.0,125.35,120.38,130.33
320.0,145.53,139.95,151.11
340.0,167.27,161.05,173.49
360.0,190.75,183.83,197.67
380.0,215.96,208.33,223.59
400.0,242.67,234.31,251.02
420.0,270.79,261.71,279.86
440.0,300.47,290.66,310.27
460.0,331.47,320.90,342.04
480.0,363.98,352.60,375.36
500.0,397.78,385.58,409.98
520.0,432.76,419.73,445.79
540.0,468.91,455.00,482.81
560.0,506.35,491.58,521.13
580.0,545.28,529.62,560.93
600.0,585.51,568.95,602.07
620.0,627.10,609.66,644.54
640.0,669.86,651.54,688.18
660.0,713.67,694.45,732.89
680.0,758.57,738.43,778.71
700.0,804.56,783.47,825.65
720.0,851.96,829.93,874.00
740.0,900.88,877.91,923.84
760.0,951.23,927.37,975.09
780.0,1002.92,978.14,1027.71
800.0,1055.83,1030.12,1081.54
820.0,1109.60,1082.97,1136.24
840.0,1164.23,1136.63,1191.84
860.0,1220.06,1191.48,1248.65
880.0,1276.89,1247.31,1306.47
900.0,1334.78,1304.21,1365.36
920.0,1393.86,1362.25,1425.46
940.0,1454.22,1421.59,1486.85
960.0,1515.86,1482.18,1549.54
980.0,1578.85,1544.11,1613.59
1000.0,1642.99,1607.21,1678.78
1020.0,1708.23,1671.40,1745.06
1040.0,1774.44,1736.58,1812.29
1060.0,1841.89,1803.03,1880.75
1080.0,1910.48,1870.60,1950.36
1100.0,1980.04,1939.20,2020.89
1120.0,2050.78,2008.94,2092.62
1140.0,2122.74,2079.91,2165.56
1160.0,2195.60,2151.77,2239.44
1180.0,2269.43,2224.58,2314.28
1200.0,2344.20,2298.32,2390.08
1220.0,2419.90,2372.99,2466.82
1240.0,2496.56,2448.58,2544.55
1260.0,2574.10,2525.06,2623.15
1280.0,2652.33,2602.24,2702.42
1300.0,2731.46,2680.33,2782.60
1320.0,2811.46,2759.26,2863.67
1340.0,2892.38,2839.11,2945.64
1360.0,2974.16,2919.79,3028.52
1380.0,3056.85,3001.34,3112.36
1400.0,3140.38,3083.65,3197.10
1420.0,3224.74,3166.77,3282.70
1440.0,3309.86,3250.64,3369.07
1460.0,3395.99,3335.50,3456.48
1480.0,3483.03,3421.26,3544.79
1500.0,3570.93,3507.87,3633.99
1520.0,3659.76,3595.37,3724.14
1540.0,3749.43,3683.70,3815.16
1560.0,3839.92,3772.82,3907.02
1580.0,3931.18,3862.72,3999.65
1600.0,4023.17,3953.36,4092.98
1620.0,4115.96,4044.83,4187.09
1640.0,4209.64,4137.16,4282.12
1660.0,4304.14,4230.32,4377.95
1680.0,4399.44,4324.26,4474.63
1700.0,4495.63,4419.09,4572.17
1720.0,4592.55,4514.65,4670.45
1740.0,4690.50,4611.27,4769.73
1760.0,4789.23,4708.67,4869.79
1780.0,4888.94,4807.06,4970.83
1800.0,4989.64,4906.42,5072.86
1820.0,5091.28,5006.69,5175.86
1840.0,5193.67,5107.67,5279.67
1860.0,5297.00,5209.55,5384.45
1880.0,5401.40,5312.52,5490.28
1900.0,5506.60,5416.25,5596.96
1920.0,5612.69,5520.83,5704.55
1940.0,5719.61,5626.24,5812.98
1960.0,5827.19,5732.28,5922.09
1980.0,5935.43,5838.96,6031.90
2000.0,6044.45,5946.39,6142.52
2020.0,6154.15,6054.49,6253.81
2040.0,6264.65,6163.37,6365.92
2060.0,6375.70,6272.79,6478.61
2080.0,6487.46,6382.92,6592.01
2100.0,6599.86,6493.65,6706.08
2120.0,6713.11,6605.20,6821.01
2140.0,6827.06,6717.44,6936.69
2160.0,6941.74,6830.40,7053.08
2180.0,7057.22,6944.17,7170.27
2200.0,7173.55,7058.82,7288.28
2220.0,7290.51,7174.07,7406.95
2240.0,7408.20,7290.05,7526.34
2260.0,7526.54,7406.69,7646.38
2280.0,7645.53,7523.96,7767.09
2300.0,7765.26,7641.93,7888.59
2320.0,7885.72,7760.67,8010.77
2340.0,8006.83,7880.06,8133.59
2360.0,8128.67,8000.18,8257.15
2380.0,8251.03,8120.82,8381.24
2400.0,8374.12,8242.20,8506.04
2420.0,8497.92,8364.30,8631.54
2440.0,8622.30,8486.97,8757.62
2460.0,8747.21,8610.19,8884.22
2480.0,8872.80,8734.13,9011.47
2500.0,8999.00,8858.69,9139.31
2520.0,9125.85,8983.92,9267.78
2540.0,9253.28,9109.71,9396.84
2560.0,9381.31,9236.10,9526.51
2580.0,9509.86,9363.00,9656.72
2600.0,9638.96,9490.42,9787.50
2620.0,9768.69,9618.50,9918.89
2640.0,9898.97,9747.06,10050.88
2660.0,10029.75,9876.13,10183.37
2680.0,10161.31,10005.98,10316.65
2700.0,10293.47,10136.43,10450.52
2720.0,10426.30,10267.52,10585.08
2740.0,10559.73,10399.20,10720.26
2760.0,10693.77,10531.51,10856.04
2780.0,10828.37,10664.35,10992.40
2800.0,10963.53,10797.72,11129.33
2820.0,11099.34,10931.75,11266.93
2840.0,11235.66,11066.28,11405.04
2860.0,11372.59,11201.42,11543.77
2880.0,11510.02,11337.04,11683.00
2900.0,11647.99,11473.18,11822.80
2920.0,11786.63,11610.00,11963.25
2940.0,11925.91,11747.44,12104.37
2960.0,12065.71,11885.42,12245.99
2980.0,12206.09,12024.00,12388.19
3000.0,12346.95,12163.02,12530.88
3020.0,12488.43,12302.66,12674.21
3040.0,12630.59,12442.95,12818.22
3060.0,12773.35,12583.85,12962.85
3080.0,12916.69,12725.33,13108.04
3100.0,13060.48,12867.28,13253.68
3120.0,13204.83,13009.77,13399.90
3140.0,13349.64,13152.71,13546.57
3160.0,13495.01,13296.19,13693.84
3180.0,13641.03,13440.30,13841.75
3200.0,13787.53,13584.89,13990.17
3220.0,13934.61,13730.01,14139.21
3240.0,14082.13,13875.56,14288.70
3260.0,14230.17,14021.66,14438.69
3280.0,14378.79,14168.37,14589.21
3300.0,14527.97,14315.64,14740.31
3320.0,14677.67,14463.43,14891.92
3340.0,14827.95,14611.78,15044.11
3360.0,14978.66,14760.59,15196.74
3380.0,15129.97,14910.00,15349.94
3400.0,15281.85,15060.00,15503.71
3420.0,15434.27,15210.49,15658.04
3440.0,15587.15,15361.44,15812.86
3460.0,15740.60,15512.98,15968.23
3480.0,15894.66,15665.14,16124.19
3500.0,16049.22,15817.80,16280.64
3520.0,16204.30,15971.00,16437.61
3540.0,16359.90,16124.72,16595.08
3560.0,16516.06,16279.02,16753.11
3580.0,16672.76,16433.87,16911.66
3600.0,16830.00,16589.28,17070.72
3620.0,16987.76,16745.22,17230.31
3640.0,17146.05,16901.66,17390.44
3660.0,17304.88,17058.66,17551.09
3680.0,17464.13,17216.07,17712.19
3700.0,17623.86,17373.95,17873.77
3720.0,17784.03,17532.28,18035.78
3740.0,17944.74,17691.16,18198.32
3760.0,18105.89,17850.50,18361.28
3780.0,18267.60,18010.39,18524.81
3800.0,18429.69,18170.64,18688.74
3820.0,18592.28,18331.44,18853.12
3840.0,18755.45,18492.79,19018.10
3860.0,18919.01,18654.53,19183.49
3880.0,19082.94,18816.62,19349.25
3900.0,19247.22,18979.06,19515.37
3920.0,19412.01,19141.99,19682.04
3940.0,19577.22,19305.31,19849.13
3960.0,19742.81,19468.99,20016.63
3980.0,19908.91,19633.16,20184.66
4000.0,20075.43,19797.76,20353.10
4020.0,20242.35,19962.75,20521.95
4040.0,20409.69,20128.17,20691.21
4060.0,20577.40,20293.95,20860.85
4080.0,20745.47,20460.08,21030.86
4100.0,20914.04,20626.72,21201.35
4120.0,21083.11,20793.85,21372.36
4140.0,21252.53,20961.33,21543.73
4160.0,21422.40,21129.22,21715.59
4180.0,21592.92,21297.76,21888.08
4200.0,21763.90,21466.74,22061.05
4220.0,21935.28,21636.12,22234.44
4240.0,22107.22,21806.07,22408.38
4260.0,22279.68,21976.50,22582.85
4280.0,22452.60,22147.39,22757.82
4300.0,22625.91,22318.63,22933.18
4320.0,22799.65,22490.30,23109.00
4340.0,22973.81,22662.39,23285.23
4360.0,23148.33,22834.83,23461.83
4380.0,23323.24,23007.66,23638.82
4400.0,23498.53,23180.87,23816.20
4420.0,23674.14,23354.41,23993.88
4440.0,23850.22,23528.43,24172.01
4460.0,24026.77,23702.94,24350.60
4480.0,24203.71,23877.84,24529.59
4500.0,24381.12,24053.18,24709.06
4520.0,24558.95,24228.94,24888.96
4540.0,24737.13,24405.03,25069.23
4560.0,24915.82,24581.67,25249.97
4580.0,25094.96,24758.75,25431.17
4600.0,25274.63,24936.34,25612.92
4620.0,25454.69,25114.32,25795.07
4640.0,25635.13,25292.68,25977.57
4660.0,25816.06,25471.53,26160.58
4680.0,25997.36,25650.78,26343.95
4700.0,26179.07,25830.42,26527.72
4720.0,26361.07,26010.36,26711.78
4740.0,26543.45,26190.68,26896.22
4760.0,26726.22,26371.41,27081.03
4780.0,26909.44,26552.58,27266.31
4800.0,27093.08,26734.14,27452.02
4820.0,27277.15,26916.13,27638.17
4840.0,27461.70,27098.61,27824.80
4860.0,27646.72,27281.54,28011.89
4880.0,27832.12,27464.85,28199.40
4900.0,28017.99,27648.62,28387.36
4920.0,28204.24,27832.78,28575.70
4940.0,28391.01,28017.48,28764.54
4960.0,28578.24,28202.65,28953.84
4980.0,28765.87,28388.17,29143.57
5000.0,28953.97,28574.17,29333.77
