trial,mean,ci_down,ci_up
0.0,0.00,0.00,0.00
20.0,0.29,0.22,0.36
40.0,0.83,0.69,0.97
60.0,1.48,1.30,1.66
80.0,2.21,1.99,2.44
100.0,3.21,2.97,3.44
120.0,4.36,4.07,4.65
140.0,6.11,5.72,6.50
160.0,7.78,7.35,8.21
180.0,9.21,8.74,9.67
200.0,11.05,10.58,11.53
220.0,12.75,12.24,13.27
240.0,14.25,13.69,14.82
260.0,15.68,15.07,16.29
280.0,17.31,16.72,17.90
300.0,18.83,18.18,19.48
320.0,20.18,19.50,20.86
340.0,21.74,21.02,22.46
360.0,23.47,22.70,24.25
380.0,25.21,24.43,26.00
400.0,26.71,25.92,27.49
420.0,28.12,27.33,28.91
440.0,29.68,28.87,30.49
460.0,31.01,30.16,31.86
480.0,32.51,31.62,33.40
500.0,33.80,32.90,34.70
520.0,34.98,34.05,35.91
540.0,36.15,35.18,37.12
560.0,37.45,36.48,38.41
580.0,38.93,37.96,39.89
600.0,40.23,39.25,41.21
620.0,41.59,40.63,42.55
640.0,42.76,41.76,43.76
660.0,43.81,42.81,44.82
680.0,44.90,43.88,45.92
700.0,45.99,44.93,47.05
720.0,47.41,46.33,48.48
740.0,48.91,47.87,49.95
760.0,50.35,49.34,51.37
780.0,51.69,50.65,52.73
800.0,52.91,51.87,53.94
820.0,53.77,52.74,54.81
840.0,54.63,53.54,55.71
860.0,55.83,54.74,56.92
880.0,56.83,55.72,57.93
900.0,57.89,56.77,59.01
920.0,59.07,57.92,60.22
940.0,60.37,59.21,61.53
960.0,61.63,60.45,62.81
980.0,62.99,61.78,64.20
1000.0,64.15,62.96,65.33
1020.0,65.23,64.05,66.42
1040.0,66.21,65.04,67.37
1060.0,67.45,66.29,68.62
1080.0,68.59,67.41,69.77
1100.0,69.57,68.42,70.71
1120.0,70.74,69.60,71.88
1140.0,71.95,70.82,73.09
1160.0,72.87,71.71,74.02
1180.0,73.83,72.65,75.00
1200.0,74.77,73.57,75.96
1220.0,75.71,74.51,76.91
1240.0,76.66,75.43,77.89
1260.0,77.54,76.29,78.79
1280.0,78.23,76.97,79.48
1300.0,79.13,77.87,80.40
1320.0,80.00,78.68,81.32
1340.0,80.91,79.60,82.23
1360.0,81.78,80.46,83.09
1380.0,82.69,81.35,84.04
1400.0,83.53,82.11,84.94
1420.0,84.36,82.94,85.78
1440.0,85.12,83.71,86.53
1460.0,86.13,84.70,87.57
1480.0,87.04,85.61,88.47
1500.0,87.90,86.44,89.36
1520.0,88.83,87.35,90.31
1540.0,89.67,88.18,91.16
1560.0,90.49,88.98,91.99
1580.0,91.27,89.75,92.79
1600.0,91.99,90.47,93.51
1620.0,92.79,91.28,94.31
1640.0,93.68,92.15,95.21
1660.0,94.49,92.96,96.03
1680.0,95.31,93.74,96.87
1700.0,96.19,94.63,97.74
1720.0,96.92,95.37,98.47
1740.0,97.95,96.40,99.51
1760.0,98.73,97.17,100.28
1780.0,99.71,98.15,101.28
1800.0,100.70,99.12,102.28
1820.0,101.63,100.02,103.25
1840.0,102.39,100.71,104.07
1860.0,103.33,101.60,105.06
1880.0,104.40,102.69,106.11
1900.0,105.20,103.46,106.94
1920.0,106.09,104.33,107.84
1940.0,106.92,105.14,108.70
1960.0,107.57,105.78,109.37
1980.0,108.25,106.44,110.05
2000.0,109.02,107.20,110.84
2020.0,109.70,107.88,111.52
2040.0,110.49,108.66,112.32
2060.0,111.05,109.20,112.90
2080.0,111.77,109.91,113.62
2100.0,112.40,110.53,114.27
2120.0,113.24,111.34,115.14
2140.0,113.96,112.04,115.88
2160.0,114.67,112.76,116.58
2180.0,115.48,113.58,117.38
2200.0,116.33,114.45,118.21
2220.0,116.96,115.07,118.85
2240.0,117.69,115.80,119.57
2260.0,118.34,116.44,120.24
2280.0,118.99,117.06,120.92
2300.0,119.73,117.77,121.69
2320.0,120.46,118.55,122.37
2340.0,121.11,119.19,123.02
2360.0,121.84,119.91,123.77
2380.0,122.37,120.44,124.29
2400.0,123.09,121.17,125.00
2420.0,123.80,121.88,125.72
2440.0,124.38,122.45,126.31
2460.0,124.91,123.00,126.82
2480.0,125.59,123.71,127.48
2500.0,126.20,124.33,128.07
2520.0,126.85,124.99,128.72
2540.0,127.43,125.55,129.31
2560.0,128.03,126.14,129.91
2580.0,128.55,126.65,130.46
2600.0,129.10,127.18,131.02
2620.0,129.73,127.84,131.63
2640.0,130.27,128.34,132.21
2660.0,130.79,128.85,132.72
2680.0,131.56,129.61,133.51
2700.0,132.16,130.21,134.11
2720.0,132.83,130.84,134.81
2740.0,133.43,131.44,135.42
2760.0,134.04,132.06,136.02
2780.0,134.60,132.59,136.61
2800.0,135.15,133.14,137.16
2820.0,135.81,133.80,137.83
2840.0,136.32,134.31,138.33
2860.0,136.93,134.91,138.95
2880.0,137.43,135.40,139.45
2900.0,137.97,135.92,140.02
2920.0,138.64,136.60,140.68
2940.0,139.28,137.23,141.33
2960.0,139.80,137.76,141.84
2980.0,140.39,138.36,142.41
3000.0,140.85,138.80,142.90
3020.0,141.49,139.42,143.55
3040.0,142.15,140.09,144.22
3060.0,142.77,140.68,144.85
3080.0,143.33,141.26,145.41
3100.0,143.79,141.72,145.87
3120.0,144.35,142.27,146.43
3140.0,144.81,142.73,146.88
3160.0,145.37,143.26,147.48
3180.0,146.01,143.87,148.15
3200.0,146.50,144.36,148.64
3220.0,147.09,144.92,149.26
3240.0,147.51,145.33,149.70
3260.0,148.05,145.89,150.21
3280.0,148.62,146.49,150.75
3300.0,149.18,147.04,151.32
3320.0,149.70,147.58,151.82
3340.0,150.27,148.13,152.41
3360.0,150.72,148.58,152.86
3380.0,151.31,149.20,153.42
3400.0,151.88,149.77,153.99
3420.0,152.41,150.26,154.56
3440.0,152.89,150.72,155.05
3460.0,153.45,151.30,155.61
3480.0,154.06,151.93,156.19
3500.0,154.55,152.42,156.68
3520.0,155.09,152.97,157.20
3540.0,155.59,153.48,157.71
3560.0,156.17,154.07,158.27
3580.0,156.70,154.62,158.78
3600.0,157.23,155.19,159.28
3620.0,157.77,155.72,159.82
3640.0,158.29,156.21,160.36
3660.0,158.83,156.75,160.90
3680.0,159.25,157.16,161.35
3700.0,159.73,157.64,161.82
3720.0,160.17,158.10,162.24
3740.0,160.71,158.64,162.77
3760.0,161.15,159.11,163.20
3780.0,161.71,159.65,163.77
3800.0,162.09,160.02,164.16
3820.0,162.59,160.54,164.63
3840.0,163.17,161.11,165.22
3860.0,163.57,161.49,165.65
3880.0,163.93,161.85,166.00
3900.0,164.28,162.20,166.36
3920.0,164.79,162.69,166.90
3940.0,165.21,163.08,167.33
3960.0,165.59,163.45,167.74
3980.0,166.10,163.93,168.27
4000.0,166.52,164.35,168.69
4020.0,166.92,164.75,169.09
4040.0,167.34,165.17,169.51
4060.0,167.71,165.53,169.88
4080.0,168.07,165.89,170.25
4100.0,168.57,166.40,170.73
4120.0,169.07,166.87,171.26
4140.0,169.43,167.22,171.63
4160.0,169.87,167.64,172.11
4180.0,170.51,168.27,172.76
4200.0,170.98,168.71,173.25
4220.0,171.38,169.10,173.66
4240.0,171.95,169.67,174.23
4260.0,172.45,170.15,174.76
4280.0,172.93,170.60,175.26
4300.0,173.30,170.96,175.64
4320.0,173.74,171.38,176.10
4340.0,174.17,171.81,176.52
4360.0,174.51,172.16,176.87
4380.0,174.91,172.56,177.27
4400.0,175.29,172.93,177.65
4420.0,175.61,173.25,177.96
4440.0,176.08,173.73,178.43
4460.0,176.55,174.21,178.88
4480.0,176.95,174.60,179.29
4500.0,177.41,175.05,179.76
4520.0,177.83,175.47,180.18
4540.0,178.18,175.81,180.55
4560.0,178.69,176.34,181.05
4580.0,179.14,176.78,181.50
4600.0,179.67,177.29,182.04
4620.0,180.07,177.67,182.46
4640.0,180.43,178.05,182.81
4660.0,180.93,178.53,183.32
4680.0,181.31,178.92,183.69
4700.0,181.71,179.31,184.10
4720.0,182.00,179.60,184.40
4740.0,182.38,179.99,184.77
4760.0,182.77,180.39,185.15
4780.0,183.22,180.83,185.61
4800.0,183.64,181.24,186.04
4820.0,184.07,181.66,186.47
4840.0,184.55,182.15,186.96
4860.0,185.01,182.59,187.44
4880.0,185.41,182.98,187.83
4900.0,185.87,183.45,188.28
4920.0,186.25,183.84,188.67
4940.0,186.77,184.37,189.17
4960.0,187.23,184.85,189.62
4980.0,187.63,185.20,190.06
5000.0,188.10,185.67,190.53
