trial,mean,ci_down,ci_up
0.0,3.02,2.62,3.42
20.0,3.00,2.64,3.36
40.0,3.26,2.74,3.78
60.0,4.12,3.63,4.61
80.0,4.40,3.92,4.88
100.0,5.44,4.83,6.05
120.0,5.90,5.27,6.53
140.0,7.36,6.50,8.22
160.0,8.48,7.75,9.21
180.0,10.48,9.46,11.50
200.0,11.94,10.99,12.89
220.0,12.64,11.46,13.82
240.0,15.10,14.05,16.15
260.0,14.38,13.42,15.34
280.0,15.42,14.17,16.67
300.0,16.76,15.69,17.83
320.0,17.26,15.92,18.60
340.0,18.38,17.25,19.51
360.0,19.98,18.71,21.25
380.0,20.78,19.39,22.17
400.0,22.52,21.02,24.02
420.0,23.62,22.23,25.01
440.0,24.62,22.93,26.31
460.0,25.60,24.16,27.04
480.0,26.60,25.27,27.93
500.0,26.98,25.61,28.35
520.0,27.50,26.15,28.85
540.0,27.08,25.48,28.68
560.0,30.22,28.50,31.94
580.0,31.16,29.78,32.54
600.0,30.86,29.44,32.28
620.0,31.08,29.33,32.83
640.0,33.26,31.73,34.79
660.0,35.10,33.51,36.69
680.0,34.76,33.29,36.23
700.0,36.54,34.83,38.25
720.0,36.48,34.27,38.69
740.0,36.66,35.19,38.13
760.0,36.56,34.86,38.26
780.0,36.66,34.96,38.36
800.0,37.66,36.01,39.31
820.0,37.90,36.23,39.57
840.0,40.16,38.22,42.10
860.0,40.04,38.09,41.99
880.0,42.00,40.31,43.69
900.0,41.72,39.99,43.45
920.0,42.38,40.35,44.41
940.0,41.64,39.75,43.53
960.0,42.42,40.64,44.20
980.0,42.84,41.01,44.67
1000.0,43.90,42.01,45.79
1020.0,45.34,43.40,47.28
1040.0,45.76,43.98,47.54
1060.0,45.00,43.05,46.95
1080.0,46.04,44.18,47.90
1100.0,46.34,44.74,47.94
1120.0,46.12,44.39,47.85
1140.0,48.34,46.79,49.89
1160.0,46.42,44.88,47.96
1180.0,46.78,45.10,48.46
1200.0,46.64,44.95,48.33
1220.0,48.62,46.89,50.35
1240.0,49.24,47.67,50.81
1260.0,49.84,47.73,51.95
1280.0,50.86,48.94,52.78
1300.0,49.74,47.94,51.54
1320.0,49.22,47.37,51.07
1340.0,51.04,49.20,52.88
1360.0,51.90,50.31,53.49
1380.0,51.52,49.41,53.63
1400.0,52.56,50.87,54.25
1420.0,51.88,50.37,53.39
1440.0,51.96,49.79,54.13
1460.0,52.74,51.08,54.40
1480.0,53.50,51.79,55.21
1500.0,53.58,51.65,55.51
1520.0,53.22,51.52,54.92
1540.0,52.28,50.61,53.95
1560.0,55.02,53.06,56.98
1580.0,54.88,53.21,56.55
1600.0,54.36,52.51,56.21
1620.0,54.50,52.95,56.05
1640.0,55.20,53.55,56.85
1660.0,54.96,53.28,56.64
1680.0,56.24,54.61,57.87
1700.0,55.78,54.12,57.44
1720.0,56.10,54.29,57.91
1740.0,56.78,55.13,58.43
1760.0,56.48,54.60,58.36
1780.0,55.90,54.14,57.66
1800.0,57.56,55.98,59.14
1820.0,57.84,56.36,59.32
1840.0,56.70,55.01,58.39
1860.0,57.04,55.20,58.88
1880.0,57.72,56.20,59.24
1900.0,58.72,57.08,60.36
1920.0,58.14,56.60,59.68
1940.0,58.78,57.00,60.56
1960.0,59.34,57.99,60.69
1980.0,60.80,59.08,62.52
2000.0,59.20,57.56,60.84
2020.0,59.74,57.86,61.62
2040.0,58.94,57.16,60.72
2060.0,59.60,58.25,60.95
2080.0,59.42,57.65,61.19
2100.0,61.14,59.45,62.83
2120.0,59.70,58.20,61.20
2140.0,60.12,58.26,61.98
2160.0,59.08,57.29,60.87
2180.0,59.30,57.66,60.94
2200.0,59.94,58.21,61.67
2220.0,61.24,59.48,63.00
2240.0,60.12,58.38,61.86
2260.0,61.84,60.32,63.36
2280.0,60.36,58.48,62.24
2300.0,60.74,58.93,62.55
2320.0,61.06,59.03,63.09
2340.0,62.02,60.15,63.89
2360.0,61.86,60.21,63.51
2380.0,62.44,60.61,64.27
2400.0,61.32,59.80,62.84
2420.0,62.24,60.47,64.01
2440.0,63.48,61.81,65.15
2460.0,62.64,60.71,64.57
2480.0,62.02,60.23,63.81
2500.0,62.38,60.66,64.10
2520.0,62.10,60.44,63.76
2540.0,62.34,60.83,63.85
2560.0,62.38,60.93,63.83
2580.0,62.88,61.37,64.39
2600.0,62.66,61.02,64.30
2620.0,63.28,61.80,64.76
2640.0,63.28,61.48,65.08
2660.0,63.62,61.85,65.39
2680.0,64.98,63.41,66.55
2700.0,63.66,61.98,65.34
2720.0,63.10,61.66,64.54
2740.0,64.22,62.15,66.29
2760.0,64.32,62.65,65.99
2780.0,63.78,62.11,65.45
2800.0,64.10,62.07,66.13
2820.0,64.98,63.11,66.85
2840.0,64.78,63.08,66.48
2860.0,64.72,62.90,66.54
2880.0,65.32,63.75,66.89
2900.0,64.52,62.85,66.19
2920.0,65.34,63.72,66.96
2940.0,64.86,62.97,66.75
2960.0,65.68,63.94,67.42
2980.0,65.20,63.32,67.08
3000.0,65.36,63.61,67.11
3020.0,65.22,63.79,66.65
3040.0,66.66,65.35,67.97
3060.0,65.48,64.02,66.94
3080.0,65.64,64.02,67.26
3100.0,66.56,64.88,68.24
3120.0,65.64,64.15,67.13
3140.0,67.20,65.45,68.95
3160.0,66.92,65.23,68.61
3180.0,66.48,64.90,68.06
3200.0,66.08,64.37,67.79
3220.0,67.32,65.64,69.00
3240.0,66.26,64.40,68.12
3260.0,68.36,66.81,69.91
3280.0,67.36,65.65,69.07
3300.0,67.28,65.86,68.70
3320.0,66.96,65.74,68.18
3340.0,67.12,65.28,68.96
3360.0,68.08,66.53,69.63
3380.0,66.32,64.62,68.02
3400.0,67.46,65.85,69.07
3420.0,66.60,65.01,68.19
3440.0,67.54,65.57,69.51
3460.0,67.24,65.71,68.77
3480.0,67.22,65.48,68.96
3500.0,67.88,66.49,69.27
3520.0,66.52,64.91,68.13
3540.0,67.48,66.19,68.77
3560.0,67.00,65.57,68.43
3580.0,67.04,65.64,68.44
3600.0,69.50,68.17,70.83
3620.0,69.32,68.08,70.56
3640.0,68.32,66.89,69.75
3660.0,67.98,66.43,69.53
3680.0,67.38,65.86,68.90
3700.0,67.26,65.74,68.78
3720.0,66.80,65.22,68.38
3740.0,67.76,65.88,69.64
3760.0,68.70,67.17,70.23
3780.0,68.08,66.79,69.37
3800.0,68.12,66.46,69.78
3820.0,69.12,67.34,70.90
3840.0,68.70,67.24,70.16
3860.0,67.90,66.36,69.44
3880.0,67.08,65.26,68.90
3900.0,66.38,64.88,67.88
3920.0,68.20,66.31,70.09
3940.0,68.40,66.72,70.08
3960.0,69.20,67.31,71.09
3980.0,68.36,66.79,69.93
4000.0,68.12,66.60,69.64
4020.0,69.14,67.54,70.74
4040.0,68.56,67.01,70.11
4060.0,69.08,67.49,70.67
4080.0,68.50,67.08,69.92
4100.0,69.70,68.29,71.11
4120.0,69.88,68.53,71.23
4140.0,70.62,69.35,71.89
4160.0,71.18,69.73,72.63
4180.0,70.34,68.75,71.93
4200.0,70.22,68.81,71.63
4220.0,70.66,69.23,72.09
4240.0,68.90,67.32,70.48
4260.0,68.66,66.98,70.34
4280.0,69.64,67.74,71.54
4300.0,71.42,69.92,72.92
4320.0,71.58,70.33,72.83
4340.0,69.96,68.62,71.30
4360.0,68.92,67.33,70.51
4380.0,70.58,68.93,72.23
4400.0,70.94,69.46,72.42
4420.0,69.86,68.19,71.53
4440.0,70.94,69.54,72.34
4460.0,70.44,69.01,71.87
4480.0,71.22,69.98,72.46
4500.0,70.56,68.85,72.27
4520.0,69.84,68.17,71.51
4540.0,69.64,67.95,71.33
4560.0,68.98,67.39,70.57
4580.0,70.36,68.78,71.94
4600.0,69.86,68.19,71.53
4620.0,69.58,67.90,71.26
4640.0,69.74,68.15,71.33
4660.0,69.36,67.84,70.88
4680.0,69.34,67.88,70.80
4700.0,69.18,67.53,70.83
4720.0,70.74,69.31,72.17
4740.0,70.94,69.23,72.65
4760.0,69.78,68.12,71.44
4780.0,69.86,68.40,71.32
4800.0,70.14,68.67,71.61
4820.0,70.42,68.30,72.54
4840.0,70.64,68.92,72.36
4860.0,71.16,69.56,72.76
4880.0,69.94,68.34,71.54
4900.0,70.64,68.71,72.57
4920.0,70.10,68.37,71.83
4940.0,71.26,69.68,72.84
4960.0,70.60,68.95,72.25
4980.0,71.06,69.33,72.79
5000.0,71.28,69.71,72.85
