trial,mean,ci_down,ci_up
0.0,38.75,35.88,41.62
20.0,42.54,40.04,45.05
40.0,43.87,40.62,47.12
60.0,59.48,55.26,63.71
80.0,60.95,56.70,65.21
100.0,67.53,63.46,71.59
120.0,74.63,70.66,78.60
140.0,79.93,76.92,82.93
160.0,80.45,77.74,83.16
180.0,84.72,82.30,87.14
200.0,87.21,84.79,89.63
220.0,88.31,86.22,90.40
240.0,89.25,87.12,91.38
260.0,89.69,87.51,91.86
280.0,93.57,91.82,95.31
300.0,93.07,90.59,95.55
320.0,93.96,92.10,95.81
340.0,95.36,93.77,96.95
360.0,95.50,93.87,97.12
380.0,96.24,94.72,97.75
400.0,96.39,94.98,97.81
420.0,97.87,96.68,99.06
440.0,97.96,96.27,99.65
460.0,97.85,96.51,99.19
480.0,99.25,97.99,100.52
500.0,99.64,98.55,100.74
520.0,99.74,98.27,101.20
540.0,99.60,98.17,101.03
560.0,99.22,98.08,100.36
580.0,101.02,99.67,102.38
600.0,100.09,98.58,101.60
620.0,101.69,100.41,102.98
640.0,101.31,100.28,102.34
660.0,101.87,100.89,102.86
680.0,101.56,100.44,102.68
700.0,100.99,99.95,102.03
720.0,101.95,100.96,102.94
740.0,102.41,101.26,103.57
760.0,101.60,100.58,102.62
780.0,101.84,100.64,103.05
800.0,101.90,100.71,103.09
820.0,102.63,101.43,103.83
840.0,102.63,101.63,103.64
860.0,102.58,101.78,103.38
880.0,101.64,100.70,102.59
900.0,102.36,101.46,103.25
920.0,102.44,101.35,103.53
940.0,102.85,101.76,103.93
960.0,102.38,101.35,103.40
980.0,102.73,101.71,103.75
1000.0,102.48,101.67,103.28
1020.0,102.98,101.90,104.06
1040.0,102.69,101.69,103.69
1060.0,103.59,102.51,104.67
1080.0,102.97,102.07,103.87
1100.0,102.54,101.43,103.64
1120.0,102.96,101.98,103.95
1140.0,103.09,101.99,104.19
1160.0,104.32,103.44,105.21
1180.0,102.67,101.84,103.50
1200.0,103.08,102.15,104.01
1220.0,102.73,101.77,103.70
1240.0,102.28,101.30,103.26
1260.0,103.56,102.61,104.52
1280.0,103.40,102.44,104.37
1300.0,102.88,102.12,103.65
1320.0,102.92,101.96,103.88
1340.0,102.53,101.66,103.41
1360.0,102.75,101.95,103.54
1380.0,102.60,101.65,103.55
1400.0,103.27,102.41,104.13
1420.0,103.32,102.32,104.32
1440.0,102.54,101.70,103.38
1460.0,102.81,101.97,103.65
1480.0,103.30,102.45,104.16
1500.0,103.51,102.45,104.57
1520.0,102.82,102.07,103.57
1540.0,102.82,101.99,103.65
1560.0,102.82,101.96,103.67
1580.0,102.11,101.26,102.96
1600.0,102.50,101.60,103.40
1620.0,102.78,101.68,103.87
1640.0,103.47,102.64,104.31
1660.0,103.13,102.08,104.18
1680.0,102.44,101.56,103.33
1700.0,103.07,102.08,104.05
1720.0,102.45,101.40,103.51
1740.0,102.52,101.61,103.43
1760.0,102.81,102.00,103.62
1780.0,102.30,101.38,103.21
1800.0,102.59,101.59,103.59
1820.0,102.83,102.02,103.64
1840.0,102.85,101.76,103.93
1860.0,102.20,101.27,103.13
1880.0,102.10,101.30,102.89
1900.0,101.77,100.80,102.73
1920.0,101.63,100.89,102.37
1940.0,102.13,101.25,103.01
1960.0,102.19,101.32,103.06
1980.0,102.36,101.52,103.20
2000.0,102.47,101.54,103.40
2020.0,101.72,100.85,102.58
2040.0,101.70,100.92,102.48
2060.0,101.67,100.86,102.48
2080.0,101.71,101.01,102.41
2100.0,102.13,101.26,103.01
2120.0,101.19,100.34,102.04
2140.0,102.35,101.46,103.23
2160.0,101.87,100.93,102.81
2180.0,101.93,101.00,102.87
2200.0,101.63,100.67,102.59
2220.0,101.61,100.74,102.47
2240.0,101.66,100.74,102.59
2260.0,102.30,101.43,103.17
2280.0,101.52,100.76,102.29
2300.0,101.91,101.15,102.67
2320.0,101.77,100.91,102.64
2340.0,101.68,100.78,102.58
2360.0,100.75,99.93,101.57
2380.0,101.04,100.20,101.89
2400.0,101.43,100.65,102.21
2420.0,101.32,100.55,102.09
2440.0,101.74,100.98,102.51
2460.0,102.25,101.35,103.15
2480.0,102.00,101.19,102.80
2500.0,101.71,100.81,102.62
2520.0,102.58,101.83,103.33
2540.0,101.34,100.45,102.22
2560.0,101.33,100.39,102.27
2580.0,101.25,100.39,102.10
2600.0,101.50,100.67,102.34
2620.0,102.30,101.51,103.09
2640.0,101.19,100.26,102.12
2660.0,101.12,100.21,102.02
2680.0,101.21,100.31,102.11
2700.0,100.90,99.94,101.87
2720.0,100.89,99.97,101.81
2740.0,100.92,99.95,101.89
2760.0,101.17,100.22,102.11
2780.0,100.79,100.02,101.57
2800.0,100.52,99.63,101.40
2820.0,100.94,100.03,101.85
2840.0,101.23,100.13,102.33
2860.0,100.85,100.03,101.67
2880.0,100.83,99.88,101.78
2900.0,101.44,100.50,102.38
2920.0,101.15,100.32,101.99
2940.0,101.31,100.29,102.32
2960.0,101.66,100.88,102.44
2980.0,101.17,100.25,102.09
3000.0,100.95,100.13,101.78
3020.0,101.20,100.46,101.93
3040.0,100.88,100.02,101.74
3060.0,101.01,100.13,101.89
3080.0,100.55,99.67,101.43
3100.0,101.30,100.44,102.16
3120.0,100.89,100.09,101.69
3140.0,101.23,100.24,102.22
3160.0,100.86,100.02,101.70
3180.0,100.68,99.83,101.53
3200.0,100.22,99.34,101.10
3220.0,100.80,99.97,101.63
3240.0,100.83,99.93,101.74
3260.0,100.99,100.05,101.94
3280.0,100.46,99.45,101.47
3300.0,100.18,99.27,101.09
3320.0,101.24,100.49,101.99
3340.0,100.96,99.96,101.95
3360.0,100.30,99.40,101.20
3380.0,100.47,99.72,101.21
3400.0,100.44,99.51,101.36
3420.0,99.93,99.08,100.78
3440.0,99.80,98.98,100.62
3460.0,99.82,98.89,100.76
3480.0,100.16,99.32,101.00
3500.0,100.44,99.63,101.25
3520.0,99.63,98.80,100.45
3540.0,99.37,98.51,100.22
3560.0,100.05,99.18,100.93
3580.0,100.13,99.26,101.00
3600.0,99.45,98.62,100.27
3620.0,99.88,99.00,100.76
3640.0,101.10,100.31,101.89
3660.0,99.72,98.87,100.58
3680.0,100.46,99.66,101.25
3700.0,100.66,99.76,101.55
3720.0,99.75,98.86,100.64
3740.0,100.07,99.25,100.89
3760.0,100.11,99.18,101.04
3780.0,100.02,99.28,100.76
3800.0,99.26,98.38,100.14
3820.0,99.86,99.02,100.70
3840.0,99.43,98.52,100.34
3860.0,99.02,98.13,99.91
3880.0,99.87,98.79,100.96
3900.0,99.27,98.35,100.19
3920.0,98.99,98.06,99.91
3940.0,99.58,98.79,100.37
3960.0,100.22,99.35,101.10
3980.0,99.68,98.70,100.65
4000.0,99.92,98.93,100.91
4020.0,100.63,99.81,101.45
4040.0,100.69,99.73,101.66
4060.0,99.98,99.05,100.91
4080.0,100.33,99.52,101.14
4100.0,100.44,99.70,101.18
4120.0,99.97,99.06,100.87
4140.0,99.88,98.97,100.80
4160.0,100.18,99.36,101.00
4180.0,99.94,99.05,100.83
4200.0,100.31,99.49,101.14
4220.0,99.61,98.73,100.49
4240.0,99.60,98.71,100.48
4260.0,99.91,99.04,100.78
4280.0,100.07,99.31,100.83
4300.0,99.30,98.53,100.06
4320.0,99.65,98.80,100.49
4340.0,100.22,99.39,101.06
4360.0,100.09,99.18,101.01
4380.0,99.31,98.52,100.10
4400.0,98.85,97.99,99.71
4420.0,100.43,99.50,101.37
4440.0,99.34,98.37,100.32
4460.0,99.31,98.40,100.23
4480.0,98.82,98.01,99.63
4500.0,99.13,98.40,99.87
4520.0,99.49,98.70,100.29
4540.0,99.41,98.57,100.24
4560.0,99.53,98.64,100.42
4580.0,99.44,98.72,100.16
4600.0,98.27,97.14,99.40
4620.0,99.16,98.33,99.99
4640.0,99.09,98.04,100.14
4660.0,99.08,98.29,99.87
4680.0,99.56,98.65,100.47
4700.0,99.31,98.53,100.08
4720.0,98.80,98.06,99.54
4740.0,99.26,98.38,100.14
4760.0,98.91,98.13,99.69
4780.0,99.29,98.33,100.24
4800.0,98.92,98.02,99.82
4820.0,98.90,98.18,99.63
4840.0,99.29,98.29,100.29
4860.0,99.09,98.10,100.08
4880.0,99.27,98.29,100.25
4900.0,98.68,97.86,99.50
4920.0,98.48,97.68,99.29
4940.0,99.30,98.45,100.16
4960.0,99.20,98.23,100.18
4980.0,98.58,97.79,99.37
5000.0,98.69,97.83,99.56
