trial,mean,ci_down,ci_up
0.0,3.48,3.05,3.91
20.0,3.08,2.65,3.51
40.0,2.82,2.43,3.21
60.0,3.54,3.03,4.05
80.0,4.14,3.70,4.58
100.0,5.58,4.99,6.17
120.0,6.00,5.45,6.55
140.0,6.60,5.98,7.22
160.0,7.80,7.02,8.58
180.0,8.80,7.96,9.64
200.0,9.08,8.18,9.98
220.0,9.60,8.87,10.33
240.0,9.74,8.88,10.60
260.0,11.32,10.40,12.24
280.0,12.78,11.81,13.75
300.0,12.36,11.39,13.33
320.0,12.82,11.80,13.84
340.0,15.12,13.98,16.26
360.0,14.84,13.75,15.93
380.0,15.90,14.85,16.95
400.0,15.80,14.56,17.04
420.0,17.54,16.25,18.83
440.0,18.00,16.86,19.14
460.0,20.40,19.09,21.71
480.0,19.46,17.96,20.96
500.0,20.04,18.84,21.24
520.0,22.16,20.88,23.44
540.0,23.24,21.95,24.53
560.0,23.28,21.99,24.57
580.0,24.40,22.82,25.98
600.0,24.62,23.21,26.03
620.0,25.00,23.44,26.56
640.0,26.40,24.92,27.88
660.0,27.70,26.25,29.15
680.0,28.94,27.53,30.35
700.0,31.64,29.89,33.39
720.0,31.46,29.53,33.39
740.0,32.38,30.70,34.06
760.0,33.32,31.85,34.79
780.0,33.86,32.21,35.51
800.0,34.94,32.95,36.93
820.0,36.00,34.20,37.80
840.0,37.80,35.94,39.66
860.0,39.74,37.94,41.54
880.0,39.92,38.54,41.30
900.0,41.80,39.87,43.73
920.0,40.88,39.42,42.34
940.0,43.64,42.04,45.24
960.0,43.78,42.23,45.33
980.0,42.78,41.00,44.56
1000.0,43.12,41.18,45.06
1020.0,44.98,43.25,46.71
1040.0,45.42,43.69,47.15
1060.0,45.88,44.26,47.50
1080.0,46.50,45.05,47.95
1100.0,46.84,45.23,48.45
1120.0,46.08,44.21,47.95
1140.0,47.90,46.25,49.55
1160.0,48.92,47.20,50.64
1180.0,48.44,46.75,50.13
1200.0,48.86,47.09,50.63
1220.0,49.18,47.49,50.87
1240.0,50.42,48.66,52.18
1260.0,49.02,47.37,50.67
1280.0,49.42,47.85,50.99
1300.0,50.14,48.22,52.06
1320.0,50.64,48.94,52.34
1340.0,50.82,49.18,52.46
1360.0,51.68,50.32,53.04
1380.0,51.36,49.76,52.96
1400.0,52.06,50.67,53.45
1420.0,52.56,51.01,54.11
1440.0,52.98,51.49,54.47
1460.0,52.04,50.24,53.84
1480.0,53.58,51.88,55.28
1500.0,53.20,51.70,54.70
1520.0,52.08,50.58,53.58
1540.0,53.32,51.84,54.80
1560.0,54.00,52.53,55.47
1580.0,52.74,51.37,54.11
1600.0,54.02,52.33,55.71
1620.0,54.92,53.62,56.22
1640.0,53.82,52.39,55.25
1660.0,53.88,52.42,55.34
1680.0,54.26,52.60,55.92
1700.0,56.28,54.79,57.77
1720.0,54.90,53.37,56.43
1740.0,55.30,53.57,57.03
1760.0,54.34,52.71,55.97
1780.0,55.46,53.71,57.21
1800.0,53.28,51.91,54.65
1820.0,55.12,53.35,56.89
1840.0,55.36,53.87,56.85
1860.0,56.70,55.28,58.12
1880.0,56.48,55.08,57.88
1900.0,56.90,55.63,58.17
1920.0,56.88,55.33,58.43
1940.0,55.80,54.57,57.03
1960.0,55.10,53.67,56.53
1980.0,57.28,55.80,58.76
2000.0,55.64,54.40,56.88
2020.0,55.88,54.30,57.46
2040.0,55.88,54.25,57.51
2060.0,56.62,55.09,58.15
2080.0,56.52,55.03,58.01
2100.0,57.08,55.60,58.56
2120.0,56.08,54.86,57.30
2140.0,59.14,57.87,60.41
2160.0,57.64,56.07,59.21
2180.0,56.78,55.21,58.35
2200.0,57.82,56.30,59.34
2220.0,56.78,55.17,58.39
2240.0,58.54,57.17,59.91
2260.0,58.18,56.74,59.62
2280.0,57.64,56.35,58.93
2300.0,58.54,57.22,59.86
2320.0,59.28,57.94,60.62
2340.0,57.66,56.33,58.99
2360.0,57.00,55.68,58.32
2380.0,58.22,56.81,59.63
2400.0,58.18,56.78,59.58
2420.0,59.94,58.59,61.29
2440.0,59.32,57.87,60.77
2460.0,58.30,56.72,59.88
2480.0,59.52,57.86,61.18
2500.0,58.90,57.38,60.42
2520.0,59.38,57.94,60.82
2540.0,58.72,57.37,60.07
2560.0,59.86,58.38,61.34
2580.0,59.40,57.95,60.85
2600.0,59.96,58.69,61.23
2620.0,60.30,58.92,61.68
2640.0,59.18,57.49,60.87
2660.0,59.18,57.90,60.46
2680.0,60.08,58.80,61.36
2700.0,59.04,57.43,60.65
2720.0,59.60,58.10,61.10
2740.0,59.76,58.17,61.35
2760.0,58.96,57.44,60.48
2780.0,59.04,57.63,60.45
2800.0,60.60,59.23,61.97
2820.0,59.86,58.40,61.32
2840.0,58.98,57.49,60.47
2860.0,60.18,58.70,61.66
2880.0,59.92,58.47,61.37
2900.0,59.32,57.93,60.71
2920.0,58.62,57.25,59.99
2940.0,60.60,59.21,61.99
2960.0,60.14,58.80,61.48
2980.0,60.32,59.03,61.61
3000.0,58.84,57.60,60.08
3020.0,61.20,59.83,62.57
3040.0,60.04,58.71,61.37
3060.0,60.12,58.88,61.36
3080.0,61.10,59.66,62.54
3100.0,60.12,58.89,61.35
3120.0,59.68,58.17,61.19
3140.0,60.38,59.01,61.75
3160.0,59.92,58.65,61.19
3180.0,60.12,58.92,61.32
3200.0,60.68,59.42,61.94
3220.0,59.98,58.77,61.19
3240.0,59.84,58.47,61.21
3260.0,60.56,59.08,62.04
3280.0,59.34,58.11,60.57
3300.0,60.20,58.81,61.59
3320.0,61.54,59.92,63.16
3340.0,61.06,59.42,62.70
3360.0,59.96,58.66,61.26
3380.0,62.58,61.29,63.87
3400.0,61.02,59.92,62.12
3420.0,62.02,60.78,63.26
3440.0,61.00,59.75,62.25
3460.0,62.18,60.62,63.74
3480.0,62.46,61.33,63.59
3500.0,60.34,59.20,61.48
3520.0,61.18,59.85,62.51
3540.0,61.70,60.27,63.13
3560.0,62.08,60.67,63.49
3580.0,60.24,58.76,61.72
3600.0,60.60,59.18,62.02
3620.0,62.34,60.93,63.75
3640.0,61.98,60.47,63.49
3660.0,61.72,60.49,62.95
3680.0,61.38,59.60,63.16
3700.0,62.58,61.23,63.93
3720.0,59.86,58.44,61.28
3740.0,61.50,60.02,62.98
3760.0,60.48,58.99,61.97
3780.0,61.10,60.01,62.19
3800.0,60.56,59.17,61.95
3820.0,60.74,59.07,62.41
3840.0,60.90,59.38,62.42
3860.0,61.14,59.68,62.60
3880.0,62.42,61.00,63.84
3900.0,62.66,61.33,63.99
3920.0,61.88,60.51,63.25
3940.0,60.66,59.25,62.07
3960.0,61.54,59.75,63.33
3980.0,61.50,60.09,62.91
4000.0,61.90,60.58,63.22
4020.0,61.22,59.85,62.59
4040.0,62.38,61.16,63.60
4060.0,61.78,60.17,63.39
4080.0,61.64,60.30,62.98
4100.0,60.98,59.59,62.37
4120.0,60.52,59.14,61.90
4140.0,62.40,61.05,63.75
4160.0,60.16,58.69,61.63
4180.0,61.74,60.20,63.28
4200.0,61.58,60.09,63.07
4220.0,62.08,60.41,63.75
4240.0,63.38,61.93,64.83
4260.0,62.24,60.70,63.78
4280.0,62.30,61.00,63.60
4300.0,62.26,60.87,63.65
4320.0,62.00,60.35,63.65
4340.0,62.78,61.37,64.19
4360.0,62.62,61.23,64.01
4380.0,61.94,60.44,63.44
4400.0,61.48,59.86,63.10
4420.0,61.34,60.28,62.40
4440.0,60.74,59.14,62.34
4460.0,62.38,60.99,63.77
4480.0,61.84,60.38,63.30
4500.0,62.50,60.94,64.06
4520.0,62.12,60.96,63.28
4540.0,61.46,60.00,62.92
4560.0,60.80,59.49,62.11
4580.0,61.26,59.91,62.61
4600.0,61.84,60.35,63.33
4620.0,61.06,59.56,62.56
4640.0,62.56,61.30,63.82
4660.0,63.86,62.48,65.24
4680.0,61.58,60.09,63.07
4700.0,61.54,60.26,62.82
4720.0,61.84,60.45,63.23
4740.0,61.34,59.80,62.88
4760.0,62.24,60.67,63.81
4780.0,63.14,61.40,64.88
4800.0,62.50,60.90,64.10
4820.0,63.02,61.91,64.13
4840.0,62.20,60.87,63.53
4860.0,62.40,61.19,63.61
4880.0,62.02,60.32,63.72
4900.0,61.82,60.26,63.38
4920.0,62.32,60.83,63.81
4940.0,61.80,60.41,63.19
4960.0,62.38,61.07,63.69
4980.0,61.66,60.14,63.18
5000.0,62.34,60.78,63.90
