trial,mean,ci_down,ci_up
0.0,37.65,35.60,39.70
20.0,39.09,35.79,42.38
40.0,44.25,39.91,48.58
60.0,50.13,45.38,54.88
80.0,62.25,58.38,66.12
100.0,64.95,62.01,67.90
120.0,71.32,68.47,74.18
140.0,76.80,73.83,79.77
160.0,78.94,76.05,81.84
180.0,78.23,75.31,81.15
200.0,81.17,78.43,83.90
220.0,83.85,81.80,85.90
240.0,84.64,80.95,88.33
260.0,88.41,86.52,90.31
280.0,89.58,87.76,91.39
300.0,87.63,85.65,89.62
320.0,90.05,87.56,92.53
340.0,90.98,89.09,92.88
360.0,91.18,89.50,92.86
380.0,91.93,90.45,93.41
400.0,93.85,92.26,95.45
420.0,93.78,92.12,95.44
440.0,93.53,91.95,95.10
460.0,96.07,94.30,97.85
480.0,95.43,93.74,97.11
500.0,95.79,94.55,97.04
520.0,96.70,95.00,98.39
540.0,98.20,96.67,99.73
560.0,97.80,96.63,98.97
580.0,98.01,96.68,99.34
600.0,98.16,96.98,99.34
620.0,97.97,96.78,99.16
640.0,98.73,97.34,100.13
660.0,97.99,96.34,99.65
680.0,98.99,98.24,99.74
700.0,97.43,96.44,98.41
720.0,98.40,97.33,99.48
740.0,99.13,97.89,100.36
760.0,98.93,97.71,100.15
780.0,100.39,99.19,101.59
800.0,100.69,99.78,101.60
820.0,100.09,98.99,101.19
840.0,100.87,99.79,101.96
860.0,101.11,100.16,102.06
880.0,100.71,99.56,101.85
900.0,101.55,100.53,102.58
920.0,100.95,99.90,102.01
940.0,101.65,100.72,102.58
960.0,102.02,100.98,103.06
980.0,101.36,100.26,102.47
1000.0,101.68,100.52,102.83
1020.0,101.27,100.36,102.18
1040.0,101.66,100.81,102.51
1060.0,102.82,101.86,103.77
1080.0,102.12,101.28,102.96
1100.0,102.54,101.42,103.66
1120.0,101.94,101.08,102.80
1140.0,102.87,101.95,103.80
1160.0,103.11,101.83,104.40
1180.0,102.94,101.94,103.94
1200.0,103.12,102.05,104.19
1220.0,102.06,101.29,102.84
1240.0,102.75,101.74,103.76
1260.0,103.01,102.04,103.98
1280.0,102.27,101.29,103.25
1300.0,103.36,102.55,104.16
1320.0,102.67,101.74,103.60
1340.0,102.85,101.93,103.77
1360.0,103.60,102.74,104.46
1380.0,103.40,102.37,104.44
1400.0,103.27,102.33,104.20
1420.0,103.07,102.09,104.04
1440.0,102.92,101.93,103.91
1460.0,102.96,102.01,103.92
1480.0,102.66,101.75,103.58
1500.0,104.13,103.14,105.12
1520.0,103.60,102.55,104.65
1540.0,104.09,103.21,104.97
1560.0,104.42,103.48,105.37
1580.0,103.69,102.80,104.59
1600.0,103.59,102.68,104.50
1620.0,103.37,102.50,104.24
1640.0,104.09,103.25,104.94
1660.0,103.72,102.89,104.55
1680.0,103.90,103.05,104.75
1700.0,103.94,103.07,104.81
1720.0,103.63,102.61,104.65
1740.0,103.26,102.23,104.28
1760.0,103.43,102.51,104.35
1780.0,103.57,102.52,104.63
1800.0,103.65,102.85,104.45
1820.0,103.31,102.54,104.07
1840.0,103.73,102.55,104.90
1860.0,104.19,103.31,105.06
1880.0,103.74,102.97,104.50
1900.0,103.83,102.99,104.67
1920.0,103.61,102.53,104.69
1940.0,104.12,103.06,105.18
1960.0,104.35,103.42,105.28
1980.0,104.60,103.57,105.64
2000.0,104.69,103.93,105.46
2020.0,104.68,103.63,105.73
2040.0,104.42,103.37,105.47
2060.0,104.82,103.82,105.82
2080.0,104.18,103.36,105.00
2100.0,103.82,102.75,104.89
2120.0,104.33,103.39,105.27
2140.0,104.41,103.57,105.25
2160.0,104.28,103.29,105.27
2180.0,103.94,103.06,104.82
2200.0,103.77,102.83,104.70
2220.0,103.50,102.57,104.42
2240.0,104.60,103.54,105.66
2260.0,103.98,103.18,104.79
2280.0,104.22,103.23,105.21
2300.0,105.08,104.13,106.03
2320.0,105.09,103.99,106.18
2340.0,104.05,103.14,104.97
2360.0,105.07,104.23,105.92
2380.0,104.90,104.17,105.63
2400.0,103.69,102.60,104.77
2420.0,105.23,104.31,106.15
2440.0,104.28,103.42,105.13
2460.0,104.44,103.51,105.37
2480.0,104.41,103.57,105.25
2500.0,105.32,104.38,106.27
2520.0,105.34,104.39,106.30
2540.0,104.16,103.23,105.09
2560.0,105.05,104.01,106.09
2580.0,105.00,104.02,105.97
2600.0,105.39,104.51,106.26
2620.0,104.33,103.18,105.48
2640.0,104.03,103.11,104.95
2660.0,103.66,102.72,104.60
2680.0,103.63,102.89,104.37
2700.0,105.40,104.48,106.32
2720.0,104.50,103.77,105.23
2740.0,105.52,104.69,106.35
2760.0,105.11,104.15,106.06
2780.0,104.14,103.07,105.22
2800.0,104.68,103.92,105.44
2820.0,105.09,104.25,105.93
2840.0,104.99,103.95,106.02
2860.0,104.93,103.91,105.96
2880.0,104.47,103.58,105.37
2900.0,105.41,104.55,106.26
2920.0,105.90,104.88,106.91
2940.0,104.79,103.88,105.71
2960.0,104.95,104.09,105.81
2980.0,104.92,103.99,105.84
3000.0,105.40,104.28,106.52
3020.0,105.53,104.54,106.51
3040.0,104.14,103.24,105.04
3060.0,105.48,104.31,106.65
3080.0,104.78,103.86,105.71
3100.0,105.13,104.26,106.01
3120.0,104.49,103.45,105.52
3140.0,105.68,104.67,106.70
3160.0,105.49,104.52,106.47
3180.0,105.06,103.98,106.14
3200.0,105.44,104.50,106.38
3220.0,104.71,103.77,105.65
3240.0,105.35,104.42,106.27
3260.0,104.25,103.26,105.24
3280.0,105.96,104.93,106.99
3300.0,104.47,103.63,105.30
3320.0,105.23,104.36,106.10
3340.0,105.36,104.32,106.40
3360.0,105.32,104.26,106.38
3380.0,105.08,104.23,105.93
3400.0,105.87,104.96,106.77
3420.0,105.12,104.10,106.15
3440.0,105.16,104.25,106.08
3460.0,105.58,104.56,106.59
3480.0,104.90,103.93,105.87
3500.0,105.72,105.00,106.43
3520.0,105.66,104.82,106.50
3540.0,105.33,104.42,106.24
3560.0,104.54,103.58,105.50
3580.0,104.95,104.02,105.88
3600.0,104.93,104.12,105.75
3620.0,105.16,104.31,106.00
3640.0,105.54,104.42,106.66
3660.0,105.15,104.27,106.03
3680.0,105.01,104.18,105.85
3700.0,105.17,104.22,106.12
3720.0,105.56,104.52,106.61
3740.0,105.67,104.70,106.64
3760.0,105.73,104.67,106.78
3780.0,104.81,103.89,105.73
3800.0,104.97,103.96,105.97
3820.0,105.69,104.71,106.66
3840.0,104.57,103.67,105.48
3860.0,105.85,104.96,106.75
3880.0,105.28,104.63,105.93
3900.0,105.42,104.34,106.49
3920.0,104.88,103.90,105.87
3940.0,104.83,104.00,105.67
3960.0,105.21,104.30,106.11
3980.0,105.73,104.61,106.85
4000.0,105.93,104.96,106.90
4020.0,105.80,104.79,106.80
4040.0,105.02,104.24,105.79
4060.0,105.32,104.31,106.33
4080.0,105.23,104.17,106.28
4100.0,106.34,105.33,107.36
4120.0,105.16,104.22,106.11
4140.0,104.92,103.97,105.88
4160.0,104.98,104.03,105.92
4180.0,105.54,104.65,106.44
4200.0,104.78,103.97,105.60
4220.0,105.72,104.85,106.59
4240.0,104.67,103.76,105.58
4260.0,105.97,105.03,106.90
4280.0,104.83,103.86,105.81
4300.0,105.16,104.25,106.08
4320.0,104.98,104.01,105.94
4340.0,105.79,105.00,106.58
4360.0,105.17,104.41,105.93
4380.0,106.28,105.30,107.25
4400.0,105.68,104.76,106.60
4420.0,105.52,104.74,106.29
4440.0,106.00,105.06,106.94
4460.0,105.47,104.44,106.50
4480.0,105.50,104.62,106.38
4500.0,105.37,104.44,106.31
4520.0,105.40,104.53,106.26
4540.0,105.20,104.16,106.23
4560.0,104.84,103.88,105.79
4580.0,105.56,104.56,106.56
4600.0,105.34,104.45,106.23
4620.0,105.46,104.61,106.32
4640.0,106.22,105.13,107.31
4660.0,105.90,104.90,106.89
4680.0,106.24,105.29,107.19
4700.0,105.49,104.57,106.40
4720.0,106.86,105.89,107.84
4740.0,105.22,104.42,106.02
4760.0,104.90,104.05,105.76
4780.0,105.48,104.37,106.59
4800.0,106.56,105.81,107.31
4820.0,105.88,104.81,106.94
4840.0,105.52,104.75,106.29
4860.0,105.86,104.85,106.87
4880.0,106.04,105.08,107.01
4900.0,105.28,104.31,106.26
4920.0,105.32,104.31,106.33
4940.0,106.10,105.21,106.98
4960.0,105.43,104.55,106.32
4980.0,106.16,105.17,107.15
5000.0,105.48,104.48,106.49
