trial,mean,ci_down,ci_up
0.0,0.00,0.00,0.00
20.0,25.68,24.56,26.80
40.0,46.07,44.76,47.37
60.0,63.73,62.33,65.13
80.0,83.03,81.33,84.73
100.0,102.32,100.47,104.17
120.0,122.95,121.03,124.88
140.0,144.50,142.31,146.69
160.0,167.16,164.69,169.63
180.0,190.70,188.04,193.36
200.0,215.07,211.91,218.22
220.0,240.99,237.70,244.29
240.0,266.69,263.10,270.27
260.0,293.54,289.94,297.14
280.0,321.13,317.14,325.13
300.0,350.65,346.24,355.06
320.0,378.95,374.22,383.69
340.0,407.20,402.17,412.23
360.0,437.47,431.97,442.97
380.0,468.40,462.40,474.40
400.0,498.68,492.25,505.11
420.0,529.34,522.57,536.11
440.0,560.83,553.85,567.80
460.0,592.49,585.09,599.88
480.0,624.45,616.96,631.95
500.0,655.26,647.34,663.18
520.0,687.18,678.53,695.83
540.0,719.43,710.93,727.93
560.0,750.31,741.84,758.77
580.0,781.07,772.26,789.87
600.0,811.74,802.80,820.68
620.0,843.43,834.33,852.52
640.0,873.90,865.16,882.64
660.0,903.46,895.12,911.80
680.0,929.01,921.25,936.78
700.0,951.03,944.11,957.95
720.0,968.93,963.17,974.69
740.0,981.80,977.22,986.38
760.0,990.15,986.79,993.51
780.0,995.61,993.38,997.85
800.0,998.26,996.67,999.85
820.0,999.15,997.77,1000.52
840.0,999.34,998.23,1000.45
860.0,999.45,998.52,1000.37
880.0,999.59,998.89,1000.28
900.0,999.77,999.39,1000.15
920.0,999.93,999.82,1000.05
940.0,1000.00,1000.00,1000.00
960.0,1000.00,1000.00,1000.00
980.0,1000.00,1000.00,1000.00
1000.0,1000.00,1000.00,1000.00
1020.0,1000.00,1000.00,1000.00
1040.0,1000.00,1000.00,1000.00
1060.0,1000.00,1000.00,1000.00
1080.0,1000.00,1000.00,1000.00
1100.0,1000.00,1000.00,1000.00
1120.0,1000.00,1000.00,1000.00
1140.0,1000.00,1000.00,1000.00
1160.0,1000.00,1000.00,1000.00
1180.0,1000.00,1000.00,1000.00
1200.0,1000.00,1000.00,1000.00
1220.0,1000.00,1000.00,1000.00
1240.0,1000.00,1000.00,1000.00
1260.0,1000.00,1000.00,1000.00
1280.0,1000.00,1000.00,1000.00
1300.0,1000.00,1000.00,1000.00
1320.0,1000.00,1000.00,1000.00
1340.0,1000.00,1000.00,1000.00
1360.0,1000.00,1000.00,1000.00
1380.0,1000.00,1000.00,1000.00
1400.0,1000.00,1000.00,1000.00
1420.0,1000.00,1000.00,1000.00
1440.0,1000.00,1000.00,1000.00
1460.0,1000.00,1000.00,1000.00
1480.0,1000.00,1000.00,1000.00
1500.0,1000.00,1000.00,1000.00
1520.0,1000.00,1000.00,1000.00
1540.0,1000.00,1000.00,1000.00
1560.0,1000.00,1000.00,1000.00
1580.0,1000.00,1000.00,1000.00
1600.0,1000.00,1000.00,1000.00
1620.0,1000.00,1000.00,1000.00
1640.0,1000.00,1000.00,1000.00
1660.0,1000.00,1000.00,1000.00
1680.0,1000.00,1000.00,1000.00
1700.0,1000.00,1000.00,1000.00
1720.0,1000.00,1000.00,1000.00
1740.0,1000.00,1000.00,1000.00
1760.0,1000.00,1000.00,1000.00
1780.0,1000.00,1000.00,1000.00
1800.0,1000.00,1000.00,1000.00
1820.0,1000.00,1000.00,1000.00
1840.0,1000.00,1000.00,1000.00
1860.0,1000.00,1000.00,1000.00
1880.0,1000.00,1000.00,1000.00
1900.0,1000.00,1000.00,1000.00
1920.0,1000.00,1000.00,1000.00
1940.0,1000.00,1000.00,1000.00
1960.0,1000.00,1000.00,1000.00
1980.0,1000.00,1000.00,1000.00
2000.0,1000.00,1000.00,1000.00
2020.0,1000.00,1000.00,1000.00
2040.0,1000.00,1000.00,1000.00
2060.0,1000.00,1000.00,1000.00
2080.0,1000.00,1000.00,1000.00
2100.0,1000.00,1000.00,1000.00
2120.0,1000.00,1000.00,1000.00
2140.0,1000.00,1000.00,1000.00
2160.0,1000.00,1000.00,1000.00
2180.0,1000.00,1000.00,1000.00
2200.0,1000.00,1000.00,1000.00
2220.0,1000.00,1000.00,1000.00
2240.0,1000.00,1000.00,1000.00
2260.0,1000.00,1000.00,1000.00
2280.0,1000.00,1000.00,1000.00
2300.0,1000.00,1000.00,1000.00
2320.0,1000.00,1000.00,1000.00
2340.0,1000.00,1000.00,1000.00
2360.0,1000.00,1000.00,1000.00
2380.0,1000.00,1000.00,1000.00
2400.0,1000.00,1000.00,1000.00
2420.0,1000.00,1000.00,1000.00
2440.0,1000.00,1000.00,1000.00
2460.0,1000.00,1000.00,1000.00
2480.0,1000.00,1000.00,1000.00
2500.0,1000.00,1000.00,1000.00
2520.0,1000.00,1000.00,1000.00
2540.0,1000.00,1000.00,1000.00
2560.0,1000.00,1000.00,1000.00
2580.0,1000.00,1000.00,1000.00
2600.0,1000.00,1000.00,1000.00
2620.0,1000.00,1000.00,1000.00
2640.0,1000.00,1000.00,1000.00
2660.0,1000.00,1000.00,1000.00
2680.0,1000.00,1000.00,1000.00
2700.0,1000.00,1000.00,1000.00
2720.0,1000.00,1000.00,1000.00
2740.0,1000.00,1000.00,1000.00
2760.0,1000.00,1000.00,1000.00
2780.0,1000.00,1000.00,1000.00
2800.0,1000.00,1000.00,1000.00
2820.0,1000.00,1000.00,1000.00
2840.0,1000.00,1000.00,1000.00
2860.0,1000.00,1000.00,1000.00
2880.0,1000.00,1000.00,1000.00
2900.0,1000.00,1000.00,1000.00
2920.0,1000.00,1000.00,1000.00
2940.0,1000.00,1000.00,1000.00
2960.0,1000.00,1000.00,1000.00
2980.0,1000.00,1000.00,1000.00
3000.0,1000.00,1000.00,1000.00
3020.0,1000.00,1000.00,1000.00
3040.0,1000.00,1000.00,1000.00
3060.0,1000.00,1000.00,1000.00
3080.0,1000.00,1000.00,1000.00
3100.0,1000.00,1000.00,1000.00
3120.0,1000.00,1000.00,1000.00
3140.0,1000.00,1000.00,1000.00
3160.0,1000.00,1000.00,1000.00
3180.0,1000.00,1000.00,1000.00
3200.0,1000.00,1000.00,1000.00
3220.0,1000.00,1000.00,1000.00
3240.0,1000.00,1000.00,1000.00
3260.0,1000.00,1000.00,1000.00
3280.0,1000.00,1000.00,1000.00
3300.0,1000.00,1000.00,1000.00
3320.0,1000.00,1000.00,1000.00
3340.0,1000.00,1000.00,1000.00
3360.0,1000.00,1000.00,1000.00
3380.0,1000.00,1000.00,1000.00
3400.0,1000.00,1000.00,1000.00
3420.0,1000.00,1000.00,1000.00
3440.0,1000.00,1000.00,1000.00
3460.0,1000.00,1000.00,1000.00
3480.0,1000.00,1000.00,1000.00
3500.0,1000.00,1000.00,1000.00
3520.0,1000.00,1000.00,1000.00
3540.0,1000.00,1000.00,1000.00
3560.0,1000.00,1000.00,1000.00
3580.0,1000.00,1000.00,1000.00
3600.0,1000.00,1000.00,1000.00
3620.0,1000.00,1000.00,1000.00
3640.0,1000.00,1000.00,1000.00
3660.0,1000.00,1000.00,1000.00
3680.0,1000.00,1000.00,1000.00
3700.0,1000.00,1000.00,1000.00
3720.0,1000.00,1000.00,1000.00
3740.0,1000.00,1000.00,1000.00
3760.0,1000.00,1000.00,1000.00
3780.0,1000.00,1000.00,1000.00
3800.0,1000.00,1000.00,1000.00
3820.0,1000.00,1000.00,1000.00
3840.0,1000.00,1000.00,1000.00
3860.0,1000.00,1000.00,1000.00
3880.0,1000.00,1000.00,1000.00
3900.0,1000.00,1000.00,1000.00
3920.0,1000.00,1000.00,1000.00
3940.0,1000.00,1000.00,1000.00
3960.0,1000.00,1000.00,1000.00
3980.0,1000.00,1000.00,1000.00
4000.0,1000.00,1000.00,1000.00
4020.0,1000.00,1000.00,1000.00
4040.0,1000.00,1000.00,1000.00
4060.0,1000.00,1000.00,1000.00
4080.0,1000.00,1000.00,1000.00
4100.0,1000.00,1000.00,1000.00
4120.0,1000.00,1000.00,1000.00
4140.0,1000.00,1000.00,1000.00
4160.0,1000.00,1000.00,1000.00
4180.0,1000.00,1000.00,1000.00
4200.0,1000.00,1000.00,1000.00
4220.0,1000.00,1000.00,1000.00
4240.0,1000.00,1000.00,1000.00
4260.0,1000.00,1000.00,1000.00
4280.0,1000.00,1000.00,1000.00
4300.0,1000.00,1000.00,1000.00
4320.0,1000.00,1000.00,1000.00
4340.0,1000.00,1000.00,1000.00
4360.0,1000.00,1000.00,1000.00
4380.0,1000.00,1000.00,1000.00
4400.0,1000.00,1000.00,1000.00
4420.0,1000.00,1000.00,1000.00
4440.0,1000.00,1000.00,1000.00
4460.0,1000.00,1000.00,1000.00
4480.0,1000.00,1000.00,1000.00
4500.0,1000.00,1000.00,1000.00
4520.0,1000.00,1000.00,1000.00
4540.0,1000.00,1000.00,1000.00
4560.0,1000.00,1000.00,1000.00
4580.0,1000.00,1000.00,1000.00
4600.0,1000.00,1000.00,1000.00
4620.0,1000.00,1000.00,1000.00
4640.0,1000.00,1000.00,1000.00
4660.0,1000.00,1000.00,1000.00
4680.0,1000.00,1000.00,1000.00
4700.0,1000.00,1000.00,1000.00
4720.0,1000.00,1000.00,1000.00
4740.0,1000.00,1000.00,1000.00
4760.0,1000.00,1000.00,1000.00
4780.0,1000.00,1000.00,1000.00
4800.0,1000.00,1000.00,1000.00
4820.0,1000.00,1000.00,1000.00
4840.0,1000.00,1000.00,1000.00
4860.0,1000.00,1000.00,1000.00
4880.0,1000.00,1000.00,1000.00
4900.0,1000.00,1000.00,1000.00
4920.0,1000.00,1000.00,1000.00
4940.0,1000.00,1000.00,1000.00
4960.0,1000.00,1000.00,1000.00
4980.0,1000.00,1000.00,1000.00
5000.0,1000.00,1000.00,1000.00
