trial,mean,ci_down,ci_up
0.0,3.42,2.95,3.89
20.0,8.84,8.17,9.51
40.0,15.12,14.17,16.07
60.0,24.06,22.68,25.44
80.0,33.62,31.88,35.36
100.0,44.38,42.32,46.44
120.0,56.14,53.81,58.47
140.0,69.62,66.84,72.40
160.0,84.52,81.45,87.59
180.0,99.60,96.01,103.19
200.0,116.22,112.13,120.31
220.0,134.10,129.27,138.93
240.0,152.80,147.54,158.06
260.0,172.48,166.74,178.22
280.0,194.22,188.16,200.28
300.0,215.66,209.06,222.26
320.0,238.38,231.39,245.37
340.0,262.48,254.68,270.28
360.0,285.94,277.51,294.37
380.0,309.62,300.87,318.37
400.0,333.32,324.09,342.55
420.0,358.56,348.82,368.30
440.0,384.98,374.68,395.28
460.0,413.62,403.20,424.04
480.0,443.10,432.15,454.05
500.0,471.62,460.29,482.95
520.0,501.62,489.45,513.79
540.0,534.18,521.19,547.17
560.0,566.62,553.05,580.19
580.0,600.14,585.95,614.33
600.0,634.14,619.36,648.92
620.0,668.86,653.48,684.24
640.0,705.70,689.45,721.95
660.0,743.22,726.48,759.96
680.0,782.32,764.99,799.65
700.0,822.04,804.52,839.56
720.0,861.98,843.46,880.50
740.0,902.86,883.82,921.90
760.0,945.54,925.72,965.36
780.0,989.48,968.78,1010.18
800.0,1033.52,1012.08,1054.96
820.0,1077.52,1054.96,1100.08
840.0,1121.10,1097.96,1144.24
860.0,1167.40,1143.36,1191.44
880.0,1213.94,1188.95,1238.93
900.0,1261.64,1236.04,1287.24
920.0,1309.38,1282.90,1335.86
940.0,1357.28,1330.14,1384.42
960.0,1405.30,1377.96,1432.64
980.0,1454.66,1426.83,1482.49
1000.0,1504.06,1475.48,1532.64
1020.0,1554.42,1525.27,1583.57
1040.0,1604.74,1575.30,1634.18
1060.0,1655.80,1626.15,1685.45
1080.0,1706.62,1676.34,1736.90
1100.0,1758.48,1727.62,1789.34
1120.0,1810.64,1779.05,1842.23
1140.0,1863.44,1831.12,1895.76
1160.0,1914.60,1881.65,1947.55
1180.0,1967.46,1934.05,2000.87
1200.0,2020.24,1986.70,2053.78
1220.0,2073.58,2039.95,2107.21
1240.0,2127.80,2093.95,2161.65
1260.0,2181.94,2147.96,2215.92
1280.0,2236.96,2202.92,2271.00
1300.0,2290.92,2256.34,2325.50
1320.0,2346.92,2311.67,2382.17
1340.0,2401.20,2365.81,2436.59
1360.0,2454.90,2419.02,2490.78
1380.0,2508.94,2472.51,2545.37
1400.0,2563.94,2527.31,2600.57
1420.0,2619.60,2582.54,2656.66
1440.0,2675.88,2638.50,2713.26
1460.0,2732.86,2694.86,2770.86
1480.0,2788.20,2749.85,2826.55
1500.0,2844.94,2806.04,2883.84
1520.0,2901.76,2862.60,2940.92
1540.0,2959.96,2920.22,2999.70
1560.0,3017.58,2977.48,3057.68
1580.0,3075.68,3035.40,3115.96
1600.0,3133.24,3092.77,3173.71
1620.0,3190.84,3150.05,3231.63
1640.0,3249.08,3208.15,3290.01
1660.0,3308.20,3266.76,3349.64
1680.0,3365.90,3324.72,3407.08
1700.0,3424.38,3382.89,3465.87
1720.0,3483.00,3440.81,3525.19
1740.0,3541.88,3499.56,3584.20
1760.0,3599.44,3556.70,3642.18
1780.0,3657.90,3614.72,3701.08
1800.0,3715.66,3671.91,3759.41
1820.0,3774.24,3729.91,3818.57
1840.0,3833.22,3788.33,3878.11
1860.0,3891.44,3845.65,3937.23
1880.0,3950.96,3904.73,3997.19
1900.0,4011.02,3964.20,4057.84
1920.0,4070.80,4023.37,4118.23
1940.0,4132.46,4084.47,4180.45
1960.0,4192.28,4143.78,4240.78
1980.0,4253.72,4204.69,4302.75
2000.0,4314.30,4264.51,4364.09
2020.0,4374.90,4324.62,4425.18
2040.0,4435.12,4383.98,4486.26
2060.0,4496.36,4444.18,4548.54
2080.0,4556.92,4504.19,4609.65
2100.0,4620.60,4567.08,4674.12
2120.0,4682.30,4627.94,4736.66
2140.0,4744.88,4690.05,4799.71
2160.0,4808.26,4752.86,4863.66
2180.0,4870.14,4814.02,4926.26
2200.0,4933.26,4876.60,4989.92
2220.0,4994.98,4938.11,5051.85
2240.0,5058.14,5000.63,5115.65
2260.0,5121.76,5063.75,5179.77
2280.0,5184.08,5125.18,5242.98
2300.0,5246.76,5187.34,5306.18
2320.0,5308.74,5248.86,5368.62
2340.0,5370.88,5310.31,5431.45
2360.0,5434.82,5373.63,5496.01
2380.0,5498.70,5436.71,5560.69
2400.0,5562.60,5500.02,5625.18
2420.0,5624.62,5561.36,5687.88
2440.0,5688.28,5624.31,5752.25
2460.0,5751.48,5686.32,5816.64
2480.0,5815.54,5749.62,5881.46
2500.0,5879.30,5812.55,5946.05
2520.0,5943.82,5876.25,6011.39
2540.0,6007.68,5939.72,6075.64
2560.0,6071.58,6002.89,6140.27
2580.0,6135.26,6066.15,6204.37
2600.0,6200.42,6130.82,6270.02
2620.0,6265.32,6194.95,6335.69
2640.0,6330.36,6259.61,6401.11
2660.0,6394.82,6323.59,6466.05
2680.0,6458.82,6387.19,6530.45
2700.0,6523.42,6450.95,6595.89
2720.0,6587.34,6514.22,6660.46
2740.0,6652.24,6578.94,6725.54
2760.0,6716.52,6642.57,6790.47
2780.0,6781.10,6706.77,6855.43
2800.0,6847.16,6772.28,6922.04
2820.0,6911.54,6835.53,6987.55
2840.0,6976.76,6900.30,7053.22
2860.0,7041.72,6964.91,7118.53
2880.0,7105.62,7028.43,7182.81
2900.0,7171.84,7093.60,7250.08
2920.0,7236.66,7157.70,7315.62
2940.0,7300.94,7221.44,7380.44
2960.0,7366.04,7286.03,7446.05
2980.0,7431.30,7350.81,7511.79
3000.0,7496.36,7415.35,7577.37
3020.0,7562.10,7480.47,7643.73
3040.0,7627.70,7546.02,7709.38
3060.0,7693.20,7611.19,7775.21
3080.0,7758.54,7675.88,7841.20
3100.0,7823.72,7740.54,7906.90
3120.0,7889.50,7805.61,7973.39
3140.0,7955.78,7871.38,8040.18
3160.0,8021.96,7936.90,8107.02
3180.0,8089.60,8003.88,8175.32
3200.0,8156.90,8070.71,8243.09
3220.0,8222.74,8136.19,8309.29
3240.0,8289.34,8201.95,8376.73
3260.0,8355.26,8267.27,8443.25
3280.0,8421.70,8332.79,8510.61
3300.0,8488.46,8398.96,8577.96
3320.0,8555.46,8465.46,8645.46
3340.0,8623.52,8532.97,8714.07
3360.0,8690.54,8599.59,8781.49
3380.0,8756.22,8664.77,8847.67
3400.0,8823.40,8731.39,8915.41
3420.0,8889.84,8796.84,8982.84
3440.0,8957.56,8863.75,9051.37
3460.0,9024.38,8929.88,9118.88
3480.0,9090.54,8995.63,9185.45
3500.0,9157.06,9061.68,9252.44
3520.0,9224.00,9128.10,9319.90
3540.0,9290.90,9194.34,9387.46
3560.0,9358.92,9261.78,9456.06
3580.0,9425.40,9327.81,9522.99
3600.0,9492.30,9394.18,9590.42
3620.0,9559.96,9461.36,9658.56
3640.0,9627.02,9527.65,9726.39
3660.0,9694.32,9594.03,9794.61
3680.0,9760.74,9659.73,9861.75
3700.0,9827.70,9726.10,9929.30
3720.0,9894.14,9791.86,9996.42
3740.0,9960.50,9857.56,10063.44
3760.0,10027.62,9923.89,10131.35
3780.0,10093.70,9989.21,10198.19
3800.0,10161.04,10055.57,10266.51
3820.0,10229.58,10123.71,10335.45
3840.0,10296.14,10189.38,10402.90
3860.0,10365.18,10257.61,10472.75
3880.0,10432.46,10324.66,10540.26
3900.0,10498.76,10390.50,10607.02
3920.0,10565.72,10456.82,10674.62
3940.0,10631.24,10521.61,10740.87
3960.0,10699.68,10588.87,10810.49
3980.0,10770.20,10658.73,10881.67
4000.0,10838.16,10725.98,10950.34
4020.0,10906.10,10793.23,11018.97
4040.0,10973.00,10859.58,11086.42
4060.0,11042.38,10928.37,11156.39
4080.0,11111.70,10997.43,11225.97
4100.0,11181.30,11066.32,11296.28
4120.0,11249.20,11133.45,11364.95
4140.0,11317.80,11201.54,11434.06
4160.0,11385.48,11268.30,11502.66
4180.0,11453.44,11335.39,11571.49
4200.0,11521.20,11402.24,11640.16
4220.0,11590.20,11470.53,11709.87
4240.0,11658.90,11538.53,11779.27
4260.0,11727.88,11606.90,11848.86
4280.0,11795.46,11673.82,11917.10
4300.0,11865.24,11742.43,11988.05
4320.0,11933.88,11810.24,12057.52
4340.0,12003.36,11879.04,12127.68
4360.0,12073.72,11948.75,12198.69
4380.0,12144.82,12018.91,12270.73
4400.0,12214.02,12087.05,12340.99
4420.0,12284.68,12156.89,12412.47
4440.0,12354.48,12226.18,12482.78
4460.0,12424.94,12295.96,12553.92
4480.0,12495.34,12365.60,12625.08
4500.0,12566.78,12436.47,12697.09
4520.0,12637.82,12506.63,12769.01
4540.0,12706.82,12575.07,12838.57
4560.0,12776.76,12644.48,12909.04
4580.0,12846.78,12714.19,12979.37
4600.0,12916.36,12782.94,13049.78
4620.0,12984.76,12850.87,13118.65
4640.0,13055.40,12920.98,13189.82
4660.0,13124.06,12989.01,13259.11
4680.0,13191.14,13055.48,13326.80
4700.0,13260.12,13123.69,13396.55
4720.0,13327.50,13190.79,13464.21
4740.0,13397.48,13260.23,13534.73
4760.0,13468.22,13330.28,13606.16
4780.0,13536.64,13398.01,13675.27
4800.0,13606.98,13467.62,13746.34
4820.0,13676.00,13535.81,13816.19
4840.0,13743.88,13603.27,13884.49
4860.0,13814.36,13673.16,13955.56
4880.0,13882.90,13741.29,14024.51
4900.0,13952.54,13810.46,14094.62
4920.0,14022.32,13879.98,14164.66
4940.0,14091.60,13948.30,14234.90
4960.0,14160.66,14016.32,14305.00
4980.0,14231.44,14086.24,14376.64
5000.0,14301.58,14155.29,14447.87
