trial,mean,ci_down,ci_up
0.0,0.01,-0.00,0.02
20.0,41.74,40.51,42.97
40.0,120.07,117.25,122.89
60.0,232.36,227.53,237.19
80.0,377.91,370.57,385.24
100.0,555.92,545.60,566.24
120.0,768.63,755.21,782.06
140.0,1017.28,1000.69,1033.87
160.0,1301.17,1281.13,1321.21
180.0,1619.86,1596.13,1643.60
200.0,1974.94,1947.23,2002.66
220.0,2367.12,2335.89,2398.36
240.0,2796.09,2761.11,2831.07
260.0,3264.32,3225.13,3303.51
280.0,3771.40,3727.95,3814.85
300.0,4317.30,4269.70,4364.91
320.0,4901.95,4850.04,4953.86
340.0,5526.69,5470.34,5583.04
360.0,6191.16,6130.17,6252.15
380.0,6897.14,6830.88,6963.40
400.0,7644.78,7572.92,7716.64
420.0,8433.67,8355.99,8511.35
440.0,9259.30,9176.32,9342.29
460.0,10116.63,10029.51,10203.76
480.0,10998.06,10907.91,11088.22
500.0,11900.68,11808.25,11993.10
520.0,12820.40,12726.10,12914.71
540.0,13754.07,13658.23,13849.91
560.0,14700.08,14602.61,14797.55
580.0,15658.05,15558.83,15757.27
600.0,16628.19,16527.16,16729.22
620.0,17608.45,17505.88,17711.02
640.0,18597.39,18493.59,18701.20
660.0,19592.80,19488.37,19697.24
680.0,20591.03,20486.21,20695.85
700.0,21590.31,21485.32,21695.31
720.0,22590.26,22485.24,22695.27
740.0,23590.26,23485.24,23695.27
760.0,24590.26,24485.24,24695.27
780.0,25590.26,25485.24,25695.27
800.0,26590.26,26485.24,26695.27
820.0,27590.26,27485.24,27695.27
840.0,28590.26,28485.24,28695.27
860.0,29590.26,29485.24,29695.27
880.0,30590.26,30485.24,30695.27
900.0,31590.26,31485.24,31695.27
920.0,32590.26,32485.24,32695.27
940.0,33590.26,33485.24,33695.27
960.0,34590.26,34485.24,34695.27
980.0,35590.26,35485.24,35695.27
1000.0,36590.26,36485.24,36695.27
1020.0,37590.26,37485.24,37695.27
1040.0,38590.26,38485.24,38695.27
1060.0,39590.26,39485.24,39695.27
1080.0,40590.26,40485.24,40695.27
1100.0,41590.26,41485.24,41695.27
1120.0,42590.26,42485.24,42695.27
1140.0,43590.26,43485.24,43695.27
1160.0,44590.26,44485.24,44695.27
1180.0,45590.26,45485.24,45695.27
1200.0,46590.26,46485.24,46695.27
1220.0,47590.26,47485.24,47695.27
1240.0,48590.26,48485.24,48695.27
1260.0,49590.26,49485.24,49695.27
1280.0,50590.26,50485.24,50695.27
1300.0,51590.26,51485.24,51695.27
1320.0,52590.26,52485.24,52695.27
1340.0,53590.26,53485.24,53695.27
1360.0,54590.26,54485.24,54695.27
1380.0,55590.26,55485.24,55695.27
1400.0,56590.26,56485.24,56695.27
1420.0,57590.26,57485.24,57695.27
1440.0,58590.26,58485.24,58695.27
1460.0,59590.26,59485.24,59695.27
1480.0,60590.26,60485.24,60695.27
1500.0,61590.26,61485.24,61695.27
1520.0,62590.26,62485.24,62695.27
1540.0,63590.26,63485.24,63695.27
1560.0,64590.26,64485.24,64695.27
1580.0,65590.26,65485.24,65695.27
1600.0,66590.26,66485.24,66695.27
1620.0,67590.26,67485.24,67695.27
1640.0,68590.26,68485.24,68695.27
1660.0,69590.26,69485.24,69695.27
1680.0,70590.26,70485.24,70695.27
1700.0,71590.26,71485.24,71695.27
1720.0,72590.26,72485.24,72695.27
1740.0,73590.26,73485.24,73695.27
1760.0,74590.26,74485.24,74695.27
1780.0,75590.26,75485.24,75695.27
1800.0,76590.26,76485.24,76695.27
1820.0,77590.26,77485.24,77695.27
1840.0,78590.26,78485.24,78695.27
1860.0,79590.26,79485.24,79695.27
1880.0,80590.26,80485.24,80695.27
1900.0,81590.26,81485.24,81695.27
1920.0,82590.26,82485.24,82695.27
1940.0,83590.26,83485.24,83695.27
1960.0,84590.26,84485.24,84695.27
1980.0,85590.26,85485.24,85695.27
2000.0,86590.26,86485.24,86695.27
2020.0,87590.26,87485.24,87695.27
2040.0,88590.26,88485.24,88695.27
2060.0,89590.26,89485.24,89695.27
2080.0,90590.26,90485.24,90695.27
2100.0,91590.26,91485.24,91695.27
2120.0,92590.26,92485.24,92695.27
2140.0,93590.26,93485.24,93695.27
2160.0,94590.26,94485.24,94695.27
2180.0,95590.26,95485.24,95695.27
2200.0,96590.26,96485.24,96695.27
2220.0,97590.26,97485.24,97695.27
2240.0,98590.26,98485.24,98695.27
2260.0,99590.26,99485.24,99695.27
2280.0,100590.26,100485.24,100695.27
2300.0,101590.26,101485.24,101695.27
2320.0,102590.26,102485.24,102695.27
2340.0,103590.26,103485.24,103695.27
2360.0,104590.26,104485.24,104695.27
2380.0,105590.26,105485.24,105695.27
2400.0,106590.26,106485.24,106695.27
2420.0,107590.26,107485.24,107695.27
2440.0,108590.26,108485.24,108695.27
2460.0,109590.26,109485.24,109695.27
2480.0,110590.26,110485.24,110695.27
2500.0,111590.26,111485.24,111695.27
2520.0,112590.26,112485.24,112695.27
2540.0,113590.26,113485.24,113695.27
2560.0,114590.26,114485.24,114695.27
2580.0,115590.26,115485.24,115695.27
2600.0,116590.26,116485.24,116695.27
2620.0,117590.26,117485.24,117695.27
2640.0,118590.26,118485.24,118695.27
2660.0,119590.26,119485.24,119695.27
2680.0,120590.26,120485.24,120695.27
2700.0,121590.26,121485.24,121695.27
2720.0,122590.26,122485.24,122695.27
2740.0,123590.26,123485.24,123695.27
2760.0,124590.26,124485.24,124695.27
2780.0,125590.26,125485.24,125695.27
2800.0,126590.26,126485.24,126695.27
2820.0,127590.26,127485.24,127695.27
2840.0,128590.26,128485.24,128695.27
2860.0,129590.26,129485.24,129695.27
2880.0,130590.26,130485.24,130695.27
2900.0,131590.26,131485.24,131695.27
2920.0,132590.26,132485.24,132695.27
2940.0,133590.26,133485.24,133695.27
2960.0,134590.26,134485.24,134695.27
2980.0,135590.26,135485.24,135695.27
3000.0,136590.26,136485.24,136695.27
3020.0,137590.26,137485.24,137695.27
3040.0,138590.26,138485.24,138695.27
3060.0,139590.26,139485.24,139695.27
3080.0,140590.26,140485.24,140695.27
3100.0,141590.26,141485.24,141695.27
3120.0,142590.26,142485.24,142695.27
3140.0,143590.26,143485.24,143695.27
3160.0,144590.26,144485.24,144695.27
3180.0,145590.26,145485.24,145695.27
3200.0,146590.26,146485.24,146695.27
3220.0,147590.26,147485.24,147695.27
3240.0,148590.26,148485.24,148695.27
3260.0,149590.26,149485.24,149695.27
3280.0,150590.26,150485.24,150695.27
3300.0,151590.26,151485.24,151695.27
3320.0,152590.26,152485.24,152695.27
3340.0,153590.26,153485.24,153695.27
3360.0,154590.26,154485.24,154695.27
3380.0,155590.26,155485.24,155695.27
3400.0,156590.26,156485.24,156695.27
3420.0,157590.26,157485.24,157695.27
3440.0,158590.26,158485.24,158695.27
3460.0,159590.26,159485.24,159695.27
3480.0,160590.26,160485.24,160695.27
3500.0,161590.26,161485.24,161695.27
3520.0,162590.26,162485.24,162695.27
3540.0,163590.26,163485.24,163695.27
3560.0,164590.26,164485.24,164695.27
3580.0,165590.26,165485.24,165695.27
3600.0,166590.26,166485.24,166695.27
3620.0,167590.26,167485.24,167695.27
3640.0,168590.26,168485.24,168695.27
3660.0,169590.26,169485.24,169695.27
3680.0,170590.26,170485.24,170695.27
3700.0,171590.26,171485.24,171695.27
3720.0,172590.26,172485.24,172695.27
3740.0,173590.26,173485.24,173695.27
3760.0,174590.26,174485.24,174695.27
3780.0,175590.26,175485.24,175695.27
3800.0,176590.26,176485.24,176695.27
3820.0,177590.26,177485.24,177695.27
3840.0,178590.26,178485.24,178695.27
3860.0,179590.26,179485.24,179695.27
3880.0,180590.26,180485.24,180695.27
3900.0,181590.26,181485.24,181695.27
3920.0,182590.26,182485.24,182695.27
3940.0,183590.26,183485.24,183695.27
3960.0,184590.26,184485.24,184695.27
3980.0,185590.26,185485.24,185695.27
4000.0,186590.26,186485.24,186695.27
4020.0,187590.26,187485.24,187695.27
4040.0,188590.26,188485.24,188695.27
4060.0,189590.26,189485.24,189695.27
4080.0,190590.26,190485.24,190695.27
4100.0,191590.26,191485.24,191695.27
4120.0,192590.26,192485.24,192695.27
4140.0,193590.26,193485.24,193695.27
4160.0,194590.26,194485.24,194695.27
4180.0,195590.26,195485.24,195695.27
4200.0,196590.26,196485.24,196695.27
4220.0,197590.26,197485.24,197695.27
4240.0,198590.26,198485.24,198695.27
4260.0,199590.26,199485.24,199695.27
4280.0,200590.26,200485.24,200695.27
4300.0,201590.26,201485.24,201695.27
4320.0,202590.26,202485.24,202695.27
4340.0,203590.26,203485.24,203695.27
4360.0,204590.26,204485.24,204695.27
4380.0,205590.26,205485.24,205695.27
4400.0,206590.26,206485.24,206695.27
4420.0,207590.26,207485.24,207695.27
4440.0,208590.26,208485.24,208695.27
4460.0,209590.26,209485.24,209695.27
4480.0,210590.26,210485.24,210695.27
4500.0,211590.26,211485.24,211695.27
4520.0,212590.26,212485.24,212695.27
4540.0,213590.26,213485.24,213695.27
4560.0,214590.26,214485.24,214695.27
4580.0,215590.26,215485.24,215695.27
4600.0,216590.26,216485.24,216695.27
4620.0,217590.26,217485.24,217695.27
4640.0,218590.26,218485.24,218695.27
4660.0,219590.26,219485.24,219695.27
4680.0,220590.26,220485.24,220695.27
4700.0,221590.26,221485.24,221695.27
4720.0,222590.26,222485.24,222695.27
4740.0,223590.26,223485.24,223695.27
4760.0,224590.26,224485.24,224695.27
4780.0,225590.26,225485.24,225695.27
4800.0,226590.26,226485.24,226695.27
4820.0,227590.26,227485.24,227695.27
4840.0,228590.26,228485.24,228695.27
4860.0,229590.26,229485.24,229695.27
4880.0,230590.26,230485.24,230695.27
4900.0,231590.26,231485.24,231695.27
4920.0,232590.26,232485.24,232695.27
4940.0,233590.26,233485.24,233695.27
4960.0,234590.26,234485.24,234695.27
4980.0,235590.26,235485.24,235695.27
5000.0,236590.26,236485.24,236695.27
