trial,mean,ci_down,ci_up
0.0,53.10,49.67,56.52
20.0,121.19,115.61,126.77
40.0,195.82,189.49,202.15
60.0,275.35,268.30,282.39
80.0,356.85,348.86,364.84
100.0,443.00,434.94,451.06
120.0,530.24,521.94,538.54
140.0,621.56,613.25,629.87
160.0,712.13,703.15,721.12
180.0,805.62,796.65,814.59
200.0,898.73,889.41,908.05
220.0,994.91,984.94,1004.88
240.0,1089.47,1079.11,1099.84
260.0,1186.25,1175.25,1197.25
280.0,1281.97,1271.18,1292.77
300.0,1380.25,1369.07,1391.42
320.0,1477.30,1465.99,1488.60
340.0,1575.69,1564.23,1587.16
360.0,1673.26,1661.71,1684.82
380.0,1771.97,1760.25,1783.69
400.0,1869.41,1857.88,1880.94
420.0,1968.51,1956.69,1980.32
440.0,2066.80,2055.22,2078.37
460.0,2165.64,2154.11,2177.17
480.0,2264.24,2252.66,2275.83
500.0,2364.82,2353.25,2376.40
520.0,2466.25,2454.61,2477.88
540.0,2565.31,2553.51,2577.11
560.0,2666.49,2654.55,2678.42
580.0,2767.43,2755.27,2779.58
600.0,2868.70,2856.22,2881.18
620.0,2970.47,2957.80,2983.14
640.0,3071.68,3058.60,3084.77
660.0,3173.15,3159.83,3186.47
680.0,3274.63,3261.18,3288.08
700.0,3375.92,3362.38,3389.46
720.0,3477.70,3463.84,3491.56
740.0,3578.95,3564.92,3592.98
760.0,3681.08,3666.95,3695.22
780.0,3782.76,3768.37,3797.15
800.0,3885.73,3871.37,3900.09
820.0,3986.76,3972.37,4001.15
840.0,4089.23,4074.53,4103.93
860.0,4192.07,4177.28,4206.87
880.0,4295.41,4280.56,4310.25
900.0,4397.51,4382.45,4412.56
920.0,4500.71,4485.50,4515.92
940.0,4603.65,4588.36,4618.93
960.0,4706.89,4691.55,4722.24
980.0,4809.19,4793.79,4824.59
1000.0,4912.04,4896.33,4927.75
1020.0,5014.66,4998.71,5030.60
1040.0,5118.28,5102.07,5134.49
1060.0,5221.72,5205.17,5238.26
1080.0,5324.70,5308.03,5341.37
1100.0,5427.24,5410.47,5444.02
1120.0,5530.44,5513.52,5547.36
1140.0,5632.79,5615.69,5649.89
1160.0,5735.69,5718.26,5753.13
1180.0,5838.77,5820.99,5856.55
1200.0,5941.97,5924.04,5959.90
1220.0,6045.29,6027.16,6063.42
1240.0,6148.56,6130.41,6166.71
1260.0,6251.88,6233.35,6270.41
1280.0,6354.34,6335.64,6373.04
1300.0,6456.97,6437.91,6476.02
1320.0,6559.33,6540.17,6578.49
1340.0,6662.65,6643.56,6681.75
1360.0,6765.32,6746.05,6784.60
1380.0,6868.26,6848.92,6887.60
1400.0,6971.65,6951.88,6991.41
1420.0,7074.32,7054.23,7094.41
1440.0,7177.30,7157.18,7197.42
1460.0,7280.89,7260.69,7301.09
1480.0,7383.29,7362.90,7403.67
1500.0,7486.02,7465.40,7506.64
1520.0,7587.97,7567.28,7608.67
1540.0,7690.86,7670.03,7711.69
1560.0,7794.14,7773.00,7815.28
1580.0,7897.47,7876.26,7918.68
1600.0,8000.22,7978.84,8021.61
1620.0,8102.84,8081.09,8124.60
1640.0,8206.33,8184.48,8228.18
1660.0,8309.76,8287.70,8331.82
1680.0,8413.42,8391.05,8435.79
1700.0,8516.71,8494.01,8539.42
1720.0,8619.89,8596.86,8642.91
1740.0,8722.88,8699.74,8746.01
1760.0,8825.36,8802.12,8848.60
1780.0,8928.28,8904.90,8951.65
1800.0,9032.07,9008.52,9055.61
1820.0,9134.73,9110.93,9158.54
1840.0,9237.87,9213.92,9261.83
1860.0,9341.40,9317.15,9365.65
1880.0,9444.71,9420.07,9469.34
1900.0,9548.15,9523.22,9573.09
1920.0,9650.94,9625.83,9676.05
1940.0,9754.96,9729.65,9780.26
1960.0,9858.20,9832.64,9883.75
1980.0,9961.13,9935.27,9986.99
2000.0,10064.81,10038.57,10091.05
2020.0,10167.27,10140.85,10193.69
2040.0,10270.18,10243.52,10296.84
2060.0,10372.72,10345.77,10399.68
2080.0,10475.77,10448.44,10503.10
2100.0,10578.97,10551.34,10606.59
2120.0,10682.13,10654.02,10710.24
2140.0,10785.66,10757.35,10813.97
2160.0,10888.55,10859.75,10917.35
2180.0,10991.59,10962.55,11020.63
2200.0,11094.83,11065.55,11124.11
2220.0,11198.70,11169.07,11228.34
2240.0,11302.25,11272.53,11331.97
2260.0,11405.14,11375.03,11435.25
2280.0,11508.55,11478.05,11539.06
2300.0,11611.80,11581.03,11642.58
2320.0,11715.50,11684.43,11746.57
2340.0,11819.21,11787.95,11850.46
2360.0,11921.79,11890.10,11953.48
2380.0,12024.50,11992.57,12056.42
2400.0,12126.97,12094.55,12159.40
2420.0,12229.79,12197.05,12262.53
2440.0,12332.69,12299.56,12365.83
2460.0,12434.82,12401.37,12468.27
2480.0,12537.28,12503.56,12571.01
2500.0,12639.85,12605.66,12674.03
2520.0,12742.69,12708.27,12777.10
2540.0,12845.32,12810.73,12879.91
2560.0,12948.05,12913.30,12982.80
2580.0,13050.83,13015.82,13085.83
2600.0,13153.23,13117.75,13188.72
2620.0,13255.76,13219.92,13291.60
2640.0,13358.66,13322.42,13394.91
2660.0,13461.51,13425.00,13498.03
2680.0,13564.34,13527.52,13601.17
2700.0,13666.23,13629.26,13703.20
2720.0,13769.04,13731.73,13806.35
2740.0,13870.87,13833.26,13908.47
2760.0,13973.01,13934.91,14011.10
2780.0,14075.02,14036.50,14113.55
2800.0,14178.07,14139.11,14217.03
2820.0,14280.32,14241.08,14319.57
2840.0,14383.01,14343.36,14422.67
2860.0,14484.97,14445.00,14524.95
2880.0,14587.51,14547.12,14627.91
2900.0,14689.82,14649.05,14730.59
2920.0,14791.80,14750.59,14833.01
2940.0,14894.23,14852.76,14935.70
2960.0,14996.13,14954.28,15037.98
2980.0,15098.46,15056.29,15140.64
3000.0,15200.62,15158.14,15243.10
3020.0,15303.06,15260.09,15346.04
3040.0,15405.75,15362.31,15449.18
3060.0,15508.30,15464.54,15552.07
3080.0,15610.92,15566.72,15655.12
3100.0,15713.29,15668.69,15757.89
3120.0,15815.40,15770.47,15860.32
3140.0,15917.67,15872.49,15962.85
3160.0,16019.81,15974.21,16065.40
3180.0,16121.71,16075.66,16167.75
3200.0,16223.68,16177.30,16270.06
3220.0,16326.04,16279.47,16372.61
3240.0,16427.82,16380.87,16474.77
3260.0,16529.32,16481.64,16576.99
3280.0,16631.04,16583.04,16679.04
3300.0,16732.71,16684.23,16781.19
3320.0,16834.85,16785.91,16883.78
3340.0,16936.21,16886.78,16985.65
3360.0,17037.63,16987.77,17087.50
3380.0,17139.41,17089.20,17189.62
3400.0,17240.34,17189.60,17291.08
3420.0,17342.92,17291.73,17394.11
3440.0,17445.46,17393.87,17497.04
3460.0,17547.11,17495.16,17599.07
3480.0,17649.44,17597.00,17701.89
3500.0,17751.46,17698.69,17804.23
3520.0,17853.58,17800.25,17906.91
3540.0,17955.16,17901.31,18009.02
3560.0,18057.26,18002.82,18111.70
3580.0,18159.07,18104.11,18214.03
3600.0,18260.76,18205.45,18316.08
3620.0,18362.33,18306.49,18418.18
3640.0,18463.61,18407.29,18519.94
3660.0,18565.04,18508.18,18621.91
3680.0,18666.29,18608.80,18723.78
3700.0,18767.51,18709.57,18825.45
3720.0,18869.17,18810.76,18927.59
3740.0,18970.72,18911.71,19029.72
3760.0,19071.58,19012.27,19130.90
3780.0,19172.78,19112.92,19232.64
3800.0,19274.60,19214.28,19334.92
3820.0,19375.98,19315.36,19436.60
3840.0,19477.57,19416.43,19538.71
3860.0,19579.04,19517.36,19640.73
3880.0,19680.92,19618.88,19742.95
3900.0,19782.40,19719.96,19844.83
3920.0,19884.62,19821.94,19947.30
3940.0,19986.34,19923.25,20049.42
3960.0,20088.19,20024.54,20151.83
3980.0,20190.01,20125.95,20254.08
4000.0,20291.12,20226.66,20355.59
4020.0,20392.14,20327.44,20456.83
4040.0,20494.10,20428.94,20559.25
4060.0,20595.09,20529.56,20660.63
4080.0,20696.61,20630.66,20762.55
4100.0,20798.83,20732.57,20865.08
4120.0,20900.23,20833.58,20966.88
4140.0,21001.05,20934.04,21068.07
4160.0,21102.05,21034.70,21169.40
4180.0,21202.60,21134.86,21270.35
4200.0,21303.89,21235.59,21372.18
4220.0,21404.81,21336.15,21473.46
4240.0,21506.56,21437.36,21575.76
4260.0,21608.32,21538.83,21677.81
4280.0,21710.00,21640.16,21779.83
4300.0,21811.75,21741.39,21882.10
4320.0,21913.13,21842.36,21983.89
4340.0,22013.42,21942.24,22084.61
4360.0,22114.82,22043.08,22186.55
4380.0,22216.35,22144.12,22288.58
4400.0,22317.21,22244.68,22389.73
4420.0,22417.72,22344.72,22490.72
4440.0,22518.63,22445.09,22592.17
4460.0,22619.38,22545.51,22693.25
4480.0,22720.06,22645.69,22794.44
4500.0,22820.75,22745.75,22895.76
4520.0,22921.38,22845.88,22996.89
4540.0,23021.93,22945.94,23097.92
4560.0,23123.01,23046.61,23199.41
4580.0,23223.11,23146.24,23299.99
4600.0,23323.48,23246.17,23400.80
4620.0,23425.03,23347.31,23502.75
4640.0,23525.51,23447.39,23603.64
4660.0,23626.24,23547.66,23704.82
4680.0,23726.65,23647.65,23805.65
4700.0,23827.23,23747.91,23906.55
4720.0,23928.00,23848.25,24007.75
4740.0,24028.78,23948.56,24109.00
4760.0,24129.66,24049.04,24210.29
4780.0,24230.62,24149.47,24311.77
4800.0,24331.30,24249.78,24412.83
4820.0,24431.57,24349.57,24513.58
4840.0,24531.92,24449.52,24614.31
4860.0,24631.96,24549.22,24714.70
4880.0,24732.66,24649.41,24815.92
4900.0,24832.45,24748.83,24916.07
4920.0,24933.23,24849.15,25017.32
4940.0,25033.66,24949.16,25118.16
4960.0,25134.04,25049.16,25218.92
4980.0,25234.40,25149.14,25319.67
5000.0,25334.63,25248.85,25420.40
