trial,mean,ci_down,ci_up
0.0,0.01,-0.00,0.02
20.0,41.73,40.51,42.96
40.0,78.33,76.45,80.20
60.0,112.29,109.95,114.63
80.0,145.55,142.72,148.38
100.0,178.01,174.70,181.33
120.0,212.71,209.07,216.35
140.0,248.65,244.88,252.41
160.0,283.89,279.77,288.02
180.0,318.69,314.27,323.12
200.0,355.08,350.45,359.71
220.0,392.18,387.68,396.68
240.0,428.97,424.27,433.66
260.0,468.23,463.05,473.42
280.0,507.08,501.70,512.46
300.0,545.90,540.35,551.45
320.0,584.65,578.76,590.53
340.0,624.74,618.40,631.08
360.0,664.47,657.87,671.08
380.0,705.97,698.63,713.32
400.0,747.64,739.79,755.49
420.0,788.89,780.94,796.84
440.0,825.63,818.06,833.20
460.0,857.33,850.80,863.85
480.0,881.43,876.12,886.75
500.0,902.61,897.82,907.40
520.0,919.73,915.25,924.20
540.0,933.67,929.47,937.86
560.0,946.01,941.63,950.38
580.0,957.97,953.65,962.28
600.0,970.15,965.84,974.45
620.0,980.26,976.53,983.99
640.0,988.94,985.94,991.94
660.0,995.41,993.39,997.43
680.0,998.23,996.92,999.53
700.0,999.28,998.61,999.95
720.0,999.95,999.87,1000.03
740.0,1000.00,1000.00,1000.00
760.0,1000.00,1000.00,1000.00
780.0,1000.00,1000.00,1000.00
800.0,1000.00,1000.00,1000.00
820.0,1000.00,1000.00,1000.00
840.0,1000.00,1000.00,1000.00
860.0,1000.00,1000.00,1000.00
880.0,1000.00,1000.00,1000.00
900.0,1000.00,1000.00,1000.00
920.0,1000.00,1000.00,1000.00
940.0,1000.00,1000.00,1000.00
960.0,1000.00,1000.00,1000.00
980.0,1000.00,1000.00,1000.00
1000.0,1000.00,1000.00,1000.00
1020.0,1000.00,1000.00,1000.00
1040.0,1000.00,1000.00,1000.00
1060.0,1000.00,1000.00,1000.00
1080.0,1000.00,1000.00,1000.00
1100.0,1000.00,1000.00,1000.00
1120.0,1000.00,1000.00,1000.00
1140.0,1000.00,1000.00,1000.00
1160.0,1000.00,1000.00,1000.00
1180.0,1000.00,1000.00,1000.00
1200.0,1000.00,1000.00,1000.00
1220.0,1000.00,1000.00,1000.00
1240.0,1000.00,1000.00,1000.00
1260.0,1000.00,1000.00,1000.00
1280.0,1000.00,1000.00,1000.00
1300.0,1000.00,1000.00,1000.00
1320.0,1000.00,1000.00,1000.00
1340.0,1000.00,1000.00,1000.00
1360.0,1000.00,1000.00,1000.00
1380.0,1000.00,1000.00,1000.00
1400.0,1000.00,1000.00,1000.00
1420.0,1000.00,1000.00,1000.00
1440.0,1000.00,1000.00,1000.00
1460.0,1000.00,1000.00,1000.00
1480.0,1000.00,1000.00,1000.00
1500.0,1000.00,1000.00,1000.00
1520.0,1000.00,1000.00,1000.00
1540.0,1000.00,1000.00,1000.00
1560.0,1000.00,1000.00,1000.00
1580.0,1000.00,1000.00,1000.00
1600.0,1000.00,1000.00,1000.00
1620.0,1000.00,1000.00,1000.00
1640.0,1000.00,1000.00,1000.00
1660.0,1000.00,1000.00,1000.00
1680.0,1000.00,1000.00,1000.00
1700.0,1000.00,1000.00,1000.00
1720.0,1000.00,1000.00,1000.00
1740.0,1000.00,1000.00,1000.00
1760.0,1000.00,1000.00,1000.00
1780.0,1000.00,1000.00,1000.00
1800.0,1000.00,1000.00,1000.00
1820.0,1000.00,1000.00,1000.00
1840.0,1000.00,1000.00,1000.00
1860.0,1000.00,1000.00,1000.00
1880.0,1000.00,1000.00,1000.00
1900.0,1000.00,1000.00,1000.00
1920.0,1000.00,1000.00,1000.00
1940.0,1000.00,1000.00,1000.00
1960.0,1000.00,1000.00,1000.00
1980.0,1000.00,1000.00,1000.00
2000.0,1000.00,1000.00,1000.00
2020.0,1000.00,1000.00,1000.00
2040.0,1000.00,1000.00,1000.00
2060.0,1000.00,1000.00,1000.00
2080.0,1000.00,1000.00,1000.00
2100.0,1000.00,1000.00,1000.00
2120.0,1000.00,1000.00,1000.00
2140.0,1000.00,1000.00,1000.00
2160.0,1000.00,1000.00,1000.00
2180.0,1000.00,1000.00,1000.00
2200.0,1000.00,1000.00,1000.00
2220.0,1000.00,1000.00,1000.00
2240.0,1000.00,1000.00,1000.00
2260.0,1000.00,1000.00,1000.00
2280.0,1000.00,1000.00,1000.00
2300.0,1000.00,1000.00,1000.00
2320.0,1000.00,1000.00,1000.00
2340.0,1000.00,1000.00,1000.00
2360.0,1000.00,1000.00,1000.00
2380.0,1000.00,1000.00,1000.00
2400.0,1000.00,1000.00,1000.00
2420.0,1000.00,1000.00,1000.00
2440.0,1000.00,1000.00,1000.00
2460.0,1000.00,1000.00,1000.00
2480.0,1000.00,1000.00,1000.00
2500.0,1000.00,1000.00,1000.00
2520.0,1000.00,1000.00,1000.00
2540.0,1000.00,1000.00,1000.00
2560.0,1000.00,1000.00,1000.00
2580.0,1000.00,1000.00,1000.00
2600.0,1000.00,1000.00,1000.00
2620.0,1000.00,1000.00,1000.00
2640.0,1000.00,1000.00,1000.00
2660.0,1000.00,1000.00,1000.00
2680.0,1000.00,1000.00,1000.00
2700.0,1000.00,1000.00,1000.00
2720.0,1000.00,1000.00,1000.00
2740.0,1000.00,1000.00,1000.00
2760.0,1000.00,1000.00,1000.00
2780.0,1000.00,1000.00,1000.00
2800.0,1000.00,1000.00,1000.00
2820.0,1000.00,1000.00,1000.00
2840.0,1000.00,1000.00,1000.00
2860.0,1000.00,1000.00,1000.00
2880.0,1000.00,1000.00,1000.00
2900.0,1000.00,1000.00,1000.00
2920.0,1000.00,1000.00,1000.00
2940.0,1000.00,1000.00,1000.00
2960.0,1000.00,1000.00,1000.00
2980.0,1000.00,1000.00,1000.00
3000.0,1000.00,1000.00,1000.00
3020.0,1000.00,1000.00,1000.00
3040.0,1000.00,1000.00,1000.00
3060.0,1000.00,1000.00,1000.00
3080.0,1000.00,1000.00,1000.00
3100.0,1000.00,1000.00,1000.00
3120.0,1000.00,1000.00,1000.00
3140.0,1000.00,1000.00,1000.00
3160.0,1000.00,1000.00,1000.00
3180.0,1000.00,1000.00,1000.00
3200.0,1000.00,1000.00,1000.00
3220.0,1000.00,1000.00,1000.00
3240.0,1000.00,1000.00,1000.00
3260.0,1000.00,1000.00,1000.00
3280.0,1000.00,1000.00,1000.00
3300.0,1000.00,1000.00,1000.00
3320.0,1000.00,1000.00,1000.00
3340.0,1000.00,1000.00,1000.00
3360.0,1000.00,1000.00,1000.00
3380.0,1000.00,1000.00,1000.00
3400.0,1000.00,1000.00,1000.00
3420.0,1000.00,1000.00,1000.00
3440.0,1000.00,1000.00,1000.00
3460.0,1000.00,1000.00,1000.00
3480.0,1000.00,1000.00,1000.00
3500.0,1000.00,1000.00,1000.00
3520.0,1000.00,1000.00,1000.00
3540.0,1000.00,1000.00,1000.00
3560.0,1000.00,1000.00,1000.00
3580.0,1000.00,1000.00,1000.00
3600.0,1000.00,1000.00,1000.00
3620.0,1000.00,1000.00,1000.00
3640.0,1000.00,1000.00,1000.00
3660.0,1000.00,1000.00,1000.00
3680.0,1000.00,1000.00,1000.00
3700.0,1000.00,1000.00,1000.00
3720.0,1000.00,1000.00,1000.00
3740.0,1000.00,1000.00,1000.00
3760.0,1000.00,1000.00,1000.00
3780.0,1000.00,1000.00,1000.00
3800.0,1000.00,1000.00,1000.00
3820.0,1000.00,1000.00,1000.00
3840.0,1000.00,1000.00,1000.00
3860.0,1000.00,1000.00,1000.00
3880.0,1000.00,1000.00,1000.00
3900.0,1000.00,1000.00,1000.00
3920.0,1000.00,1000.00,1000.00
3940.0,1000.00,1000.00,1000.00
3960.0,1000.00,1000.00,1000.00
3980.0,1000.00,1000.00,1000.00
4000.0,1000.00,1000.00,1000.00
4020.0,1000.00,1000.00,1000.00
4040.0,1000.00,1000.00,1000.00
4060.0,1000.00,1000.00,1000.00
4080.0,1000.00,1000.00,1000.00
4100.0,1000.00,1000.00,1000.00
4120.0,1000.00,1000.00,1000.00
4140.0,1000.00,1000.00,1000.00
4160.0,1000.00,1000.00,1000.00
4180.0,1000.00,1000.00,1000.00
4200.0,1000.00,1000.00,1000.00
4220.0,1000.00,1000.00,1000.00
4240.0,1000.00,1000.00,1000.00
4260.0,1000.00,1000.00,1000.00
4280.0,1000.00,1000.00,1000.00
4300.0,1000.00,1000.00,1000.00
4320.0,1000.00,1000.00,1000.00
4340.0,1000.00,1000.00,1000.00
4360.0,1000.00,1000.00,1000.00
4380.0,1000.00,1000.00,1000.00
4400.0,1000.00,1000.00,1000.00
4420.0,1000.00,1000.00,1000.00
4440.0,1000.00,1000.00,1000.00
4460.0,1000.00,1000.00,1000.00
4480.0,1000.00,1000.00,1000.00
4500.0,1000.00,1000.00,1000.00
4520.0,1000.00,1000.00,1000.00
4540.0,1000.00,1000.00,1000.00
4560.0,1000.00,1000.00,1000.00
4580.0,1000.00,1000.00,1000.00
4600.0,1000.00,1000.00,1000.00
4620.0,1000.00,1000.00,1000.00
4640.0,1000.00,1000.00,1000.00
4660.0,1000.00,1000.00,1000.00
4680.0,1000.00,1000.00,1000.00
4700.0,1000.00,1000.00,1000.00
4720.0,1000.00,1000.00,1000.00
4740.0,1000.00,1000.00,1000.00
4760.0,1000.00,1000.00,1000.00
4780.0,1000.00,1000.00,1000.00
4800.0,1000.00,1000.00,1000.00
4820.0,1000.00,1000.00,1000.00
4840.0,1000.00,1000.00,1000.00
4860.0,1000.00,1000.00,1000.00
4880.0,1000.00,1000.00,1000.00
4900.0,1000.00,1000.00,1000.00
4920.0,1000.00,1000.00,1000.00
4940.0,1000.00,1000.00,1000.00
4960.0,1000.00,1000.00,1000.00
4980.0,1000.00,1000.00,1000.00
5000.0,1000.00,1000.00,1000.00
