trial,mean,ci_down,ci_up
0.0,3.42,2.95,3.89
20.0,5.42,4.80,6.04
40.0,6.28,5.64,6.92
60.0,8.94,8.23,9.65
80.0,9.56,8.65,10.47
100.0,10.76,9.86,11.66
120.0,11.76,10.78,12.74
140.0,13.48,12.49,14.47
160.0,14.90,13.96,15.84
180.0,15.08,13.86,16.30
200.0,16.62,15.49,17.75
220.0,17.88,16.52,19.24
240.0,18.70,17.59,19.81
260.0,19.68,18.30,21.06
280.0,21.74,20.42,23.06
300.0,21.44,20.25,22.63
320.0,22.72,21.44,24.00
340.0,24.10,22.58,25.62
360.0,23.46,22.03,24.89
380.0,23.68,22.20,25.16
400.0,23.70,22.39,25.01
420.0,25.24,23.81,26.67
440.0,26.42,24.92,27.92
460.0,28.64,27.33,29.95
480.0,29.48,28.01,30.95
500.0,28.52,27.04,30.00
520.0,30.00,28.27,31.73
540.0,32.56,30.86,34.26
560.0,32.44,31.00,33.88
580.0,33.52,31.80,35.24
600.0,34.00,32.43,35.57
620.0,34.72,33.07,36.37
640.0,36.84,35.29,38.39
660.0,37.52,35.89,39.15
680.0,39.10,37.60,40.60
700.0,39.72,38.14,41.30
720.0,39.94,37.87,42.01
740.0,40.88,39.28,42.48
760.0,42.68,40.76,44.60
780.0,43.94,42.01,45.87
800.0,44.04,42.13,45.95
820.0,44.00,41.99,46.01
840.0,43.58,41.88,45.28
860.0,46.30,44.68,47.92
880.0,46.54,44.68,48.40
900.0,47.70,45.85,49.55
920.0,47.74,45.98,49.50
940.0,47.90,46.43,49.37
960.0,48.02,46.66,49.38
980.0,49.36,47.78,50.94
1000.0,49.40,47.92,50.88
1020.0,50.36,48.54,52.18
1040.0,50.32,48.91,51.73
1060.0,51.06,49.56,52.56
1080.0,50.82,49.16,52.48
1100.0,51.86,50.06,53.66
1120.0,52.16,50.51,53.81
1140.0,52.80,51.03,54.57
1160.0,51.16,49.71,52.61
1180.0,52.86,51.19,54.53
1200.0,52.78,51.00,54.56
1220.0,53.34,52.09,54.59
1240.0,54.22,52.69,55.75
1260.0,54.14,52.68,55.60
1280.0,55.02,53.55,56.49
1300.0,53.96,52.25,55.67
1320.0,56.00,54.27,57.73
1340.0,54.28,52.73,55.83
1360.0,53.70,51.92,55.48
1380.0,54.04,52.33,55.75
1400.0,55.00,53.44,56.56
1420.0,55.66,54.09,57.23
1440.0,56.28,54.71,57.85
1460.0,56.98,55.30,58.66
1480.0,55.34,53.74,56.94
1500.0,56.74,55.18,58.30
1520.0,56.82,55.48,58.16
1540.0,58.20,56.76,59.64
1560.0,57.62,56.08,59.16
1580.0,58.10,56.43,59.77
1600.0,57.56,56.08,59.04
1620.0,57.60,55.96,59.24
1640.0,58.24,56.42,60.06
1660.0,59.12,57.52,60.72
1680.0,57.70,55.85,59.55
1700.0,58.48,57.19,59.77
1720.0,58.62,56.82,60.42
1740.0,58.88,57.11,60.65
1760.0,57.56,56.03,59.09
1780.0,58.46,56.49,60.43
1800.0,57.76,55.95,59.57
1820.0,58.58,56.77,60.39
1840.0,58.98,57.09,60.87
1860.0,58.22,56.36,60.08
1880.0,59.52,57.84,61.20
1900.0,60.06,58.58,61.54
1920.0,59.78,58.08,61.48
1940.0,61.66,60.15,63.17
1960.0,59.82,58.37,61.27
1980.0,61.44,59.87,63.01
2000.0,60.58,58.85,62.31
2020.0,60.60,58.98,62.22
2040.0,60.22,58.44,62.00
2060.0,61.24,59.27,63.21
2080.0,60.56,58.88,62.24
2100.0,63.68,62.01,65.35
2120.0,61.70,59.96,63.44
2140.0,62.58,61.09,64.07
2160.0,63.38,62.07,64.69
2180.0,61.88,60.36,63.40
2200.0,63.12,61.57,64.67
2220.0,61.72,60.31,63.13
2240.0,63.16,61.62,64.70
2260.0,63.62,61.96,65.28
2280.0,62.32,60.73,63.91
2300.0,62.68,61.23,64.13
2320.0,61.98,60.60,63.36
2340.0,62.14,60.50,63.78
2360.0,63.94,62.14,65.74
2380.0,63.88,62.14,65.62
2400.0,63.90,62.20,65.60
2420.0,62.02,60.44,63.60
2440.0,63.66,62.08,65.24
2460.0,63.20,61.45,64.95
2480.0,64.06,62.37,65.75
2500.0,63.76,61.96,65.56
2520.0,64.52,62.95,66.09
2540.0,63.86,62.53,65.19
2560.0,63.90,62.43,65.37
2580.0,63.68,62.09,65.27
2600.0,65.16,63.68,66.64
2620.0,64.90,63.35,66.45
2640.0,65.04,63.68,66.40
2660.0,64.46,62.92,66.00
2680.0,64.00,62.64,65.36
2700.0,64.60,62.63,66.57
2720.0,63.92,62.26,65.58
2740.0,64.90,63.44,66.36
2760.0,64.28,62.50,66.06
2780.0,64.58,62.96,66.20
2800.0,66.06,64.35,67.77
2820.0,64.38,62.28,66.48
2840.0,65.22,63.64,66.80
2860.0,64.96,63.34,66.58
2880.0,63.90,62.50,65.30
2900.0,66.22,64.42,68.02
2920.0,64.82,63.10,66.54
2940.0,64.28,62.82,65.74
2960.0,65.10,63.72,66.48
2980.0,65.26,63.53,66.99
3000.0,65.06,63.47,66.65
3020.0,65.74,64.22,67.26
3040.0,65.60,63.98,67.22
3060.0,65.50,63.86,67.14
3080.0,65.34,63.90,66.78
3100.0,65.18,63.70,66.66
3120.0,65.78,64.36,67.20
3140.0,66.28,64.79,67.77
3160.0,66.18,64.48,67.88
3180.0,67.64,66.15,69.13
3200.0,67.30,65.85,68.75
3220.0,65.84,64.38,67.30
3240.0,66.60,64.62,68.58
3260.0,65.92,63.96,67.88
3280.0,66.44,64.60,68.28
3300.0,66.76,65.15,68.37
3320.0,67.00,65.43,68.57
3340.0,68.06,66.43,69.69
3360.0,67.02,65.70,68.34
3380.0,65.68,64.14,67.22
3400.0,67.18,65.60,68.76
3420.0,66.44,64.61,68.27
3440.0,67.72,66.10,69.34
3460.0,66.82,64.79,68.85
3480.0,66.16,64.69,67.63
3500.0,66.52,64.79,68.25
3520.0,66.94,65.12,68.76
3540.0,66.90,65.54,68.26
3560.0,68.02,66.63,69.41
3580.0,66.48,64.92,68.04
3600.0,66.90,65.27,68.53
3620.0,67.66,66.36,68.96
3640.0,67.06,65.37,68.75
3660.0,67.30,65.64,68.96
3680.0,66.42,64.76,68.08
3700.0,66.96,65.31,68.61
3720.0,66.44,64.39,68.49
3740.0,66.36,64.70,68.02
3760.0,67.12,65.34,68.90
3780.0,66.08,64.44,67.72
3800.0,67.34,65.41,69.27
3820.0,68.54,66.72,70.36
3840.0,66.56,64.59,68.53
3860.0,69.04,67.34,70.74
3880.0,67.28,65.84,68.72
3900.0,66.30,64.48,68.12
3920.0,66.96,65.08,68.84
3940.0,65.52,63.72,67.32
3960.0,68.44,66.61,70.27
3980.0,70.52,69.40,71.64
4000.0,67.96,66.05,69.87
4020.0,67.94,66.45,69.43
4040.0,66.90,65.20,68.60
4060.0,69.38,67.60,71.16
4080.0,69.32,67.71,70.93
4100.0,69.60,68.10,71.10
4120.0,67.90,66.42,69.38
4140.0,68.60,66.98,70.22
4160.0,67.68,66.09,69.27
4180.0,67.96,66.34,69.58
4200.0,67.76,66.02,69.50
4220.0,69.00,67.33,70.67
4240.0,68.70,66.79,70.61
4260.0,68.98,67.15,70.81
4280.0,67.58,66.02,69.14
4300.0,69.78,67.91,71.65
4320.0,68.64,67.04,70.24
4340.0,69.48,67.99,70.97
4360.0,70.36,68.79,71.93
4380.0,71.10,69.54,72.66
4400.0,69.20,67.33,71.07
4420.0,70.66,69.06,72.26
4440.0,69.80,68.38,71.22
4460.0,70.46,69.03,71.89
4480.0,70.40,69.12,71.68
4500.0,71.44,69.98,72.90
4520.0,71.04,69.60,72.48
4540.0,69.00,67.47,70.53
4560.0,69.94,68.30,71.58
4580.0,70.02,68.74,71.30
4600.0,69.58,67.82,71.34
4620.0,68.40,66.84,69.96
4640.0,70.64,68.93,72.35
4660.0,68.66,67.05,70.27
4680.0,67.08,64.82,69.34
4700.0,68.98,66.90,71.06
4720.0,67.38,65.55,69.21
4740.0,69.98,68.38,71.58
4760.0,70.74,68.93,72.55
4780.0,68.42,66.60,70.24
4800.0,70.34,68.32,72.36
4820.0,69.02,66.88,71.16
4840.0,67.88,65.86,69.90
4860.0,70.48,68.55,72.41
4880.0,68.54,66.92,70.16
4900.0,69.64,67.59,71.69
4920.0,69.78,68.13,71.43
4940.0,69.28,66.99,71.57
4960.0,69.06,66.89,71.23
4980.0,70.78,68.85,72.71
5000.0,70.14,67.89,72.39
