trial,mean,ci_down,ci_up
0.0,53.10,49.67,56.52
20.0,68.09,63.86,72.32
40.0,74.62,72.29,76.96
60.0,79.53,77.12,81.94
80.0,81.50,78.53,84.47
100.0,86.15,84.43,87.87
120.0,87.24,85.21,89.28
140.0,91.32,89.46,93.18
160.0,90.57,88.66,92.49
180.0,93.49,91.96,95.01
200.0,93.11,91.49,94.73
220.0,96.18,94.47,97.89
240.0,94.56,93.06,96.06
260.0,96.78,95.10,98.47
280.0,95.72,94.17,97.28
300.0,98.27,96.78,99.76
320.0,97.05,95.73,98.37
340.0,98.40,96.73,100.07
360.0,97.57,95.96,99.18
380.0,98.71,97.57,99.84
400.0,97.44,96.21,98.67
420.0,99.10,97.78,100.41
440.0,98.29,96.78,99.80
460.0,98.84,97.42,100.27
480.0,98.60,97.46,99.75
500.0,100.58,99.20,101.96
520.0,101.42,100.15,102.69
540.0,99.06,97.81,100.32
560.0,101.18,99.93,102.43
580.0,100.94,99.96,101.92
600.0,101.27,100.08,102.46
620.0,101.77,100.60,102.94
640.0,101.22,100.17,102.26
660.0,101.47,100.43,102.50
680.0,101.48,100.53,102.43
700.0,101.29,100.17,102.41
720.0,101.78,100.65,102.91
740.0,101.25,100.23,102.27
760.0,102.13,101.14,103.12
780.0,101.68,100.77,102.58
800.0,102.97,101.92,104.02
820.0,101.03,99.83,102.23
840.0,102.47,101.47,103.47
860.0,102.84,101.90,103.79
880.0,103.33,102.23,104.43
900.0,102.10,101.30,102.90
920.0,103.20,102.32,104.09
940.0,102.94,101.97,103.91
960.0,103.25,102.49,104.00
980.0,102.30,101.44,103.16
1000.0,102.85,101.90,103.80
1020.0,102.61,101.69,103.54
1040.0,103.62,102.67,104.57
1060.0,103.44,102.58,104.29
1080.0,102.98,102.13,103.84
1100.0,102.55,101.62,103.47
1120.0,103.19,102.52,103.87
1140.0,102.35,101.51,103.19
1160.0,102.91,102.00,103.81
1180.0,103.08,102.19,103.97
1200.0,103.20,102.32,104.08
1220.0,103.32,102.47,104.16
1240.0,103.27,102.46,104.08
1260.0,103.32,102.38,104.27
1280.0,102.46,101.66,103.26
1300.0,102.62,101.73,103.52
1320.0,102.37,101.51,103.22
1340.0,103.32,102.46,104.18
1360.0,102.67,101.90,103.44
1380.0,102.94,102.00,103.87
1400.0,103.39,102.42,104.35
1420.0,102.67,101.75,103.59
1440.0,102.98,102.14,103.82
1460.0,103.59,102.78,104.40
1480.0,102.39,101.39,103.39
1500.0,102.74,101.94,103.53
1520.0,101.95,101.12,102.78
1540.0,102.88,101.98,103.79
1560.0,103.28,102.41,104.15
1580.0,103.33,102.47,104.20
1600.0,102.75,101.89,103.62
1620.0,102.62,101.71,103.52
1640.0,103.48,102.65,104.32
1660.0,103.43,102.60,104.26
1680.0,103.66,102.79,104.54
1700.0,103.30,102.39,104.20
1720.0,103.17,102.20,104.14
1740.0,102.99,102.20,103.78
1760.0,102.48,101.66,103.31
1780.0,102.92,102.07,103.76
1800.0,103.79,102.91,104.67
1820.0,102.67,101.79,103.54
1840.0,103.14,102.16,104.12
1860.0,103.53,102.61,104.45
1880.0,103.31,102.44,104.18
1900.0,103.45,102.64,104.25
1920.0,102.79,101.86,103.72
1940.0,104.01,103.17,104.86
1960.0,103.24,102.30,104.18
1980.0,102.93,102.10,103.77
2000.0,103.68,102.72,104.64
2020.0,102.46,101.59,103.33
2040.0,102.91,102.04,103.78
2060.0,102.54,101.62,103.46
2080.0,103.05,102.16,103.94
2100.0,103.19,102.34,104.04
2120.0,103.17,102.26,104.07
2140.0,103.53,102.78,104.28
2160.0,102.89,101.98,103.79
2180.0,103.04,102.19,103.89
2200.0,103.24,102.43,104.06
2220.0,103.87,103.06,104.69
2240.0,103.55,102.75,104.34
2260.0,102.89,101.92,103.86
2280.0,103.41,102.54,104.27
2300.0,103.25,102.51,103.99
2320.0,103.70,102.96,104.43
2340.0,103.71,102.93,104.48
2360.0,102.59,101.78,103.39
2380.0,102.71,101.97,103.44
2400.0,102.48,101.56,103.40
2420.0,102.82,101.91,103.72
2440.0,102.90,101.98,103.82
2460.0,102.13,101.30,102.96
2480.0,102.46,101.68,103.25
2500.0,102.56,101.79,103.34
2520.0,102.84,102.06,103.62
2540.0,102.63,101.81,103.45
2560.0,102.73,101.95,103.52
2580.0,102.77,102.15,103.40
2600.0,102.41,101.46,103.35
2620.0,102.53,101.88,103.18
2640.0,102.90,101.93,103.87
2660.0,102.85,102.03,103.68
2680.0,102.83,101.95,103.70
2700.0,101.88,101.26,102.50
2720.0,102.81,101.94,103.68
2740.0,101.83,100.90,102.75
2760.0,102.14,101.22,103.06
2780.0,102.02,101.20,102.84
2800.0,103.04,102.08,104.01
2820.0,102.25,101.37,103.13
2840.0,102.69,101.75,103.63
2860.0,101.96,101.21,102.71
2880.0,102.54,101.61,103.47
2900.0,102.31,101.51,103.11
2920.0,101.98,101.12,102.83
2940.0,102.43,101.68,103.18
2960.0,101.90,101.06,102.75
2980.0,102.33,101.55,103.12
3000.0,102.16,101.25,103.07
3020.0,102.44,101.57,103.31
3040.0,102.68,101.76,103.60
3060.0,102.56,101.74,103.37
3080.0,102.62,101.78,103.45
3100.0,102.37,101.33,103.41
3120.0,102.11,101.19,103.02
3140.0,102.27,101.50,103.05
3160.0,102.14,101.36,102.92
3180.0,101.90,100.94,102.85
3200.0,101.98,101.18,102.77
3220.0,102.36,101.60,103.11
3240.0,101.78,101.03,102.54
3260.0,101.49,100.45,102.54
3280.0,101.73,100.92,102.53
3300.0,101.67,100.75,102.59
3320.0,102.14,101.16,103.11
3340.0,101.37,100.59,102.15
3360.0,101.42,100.60,102.24
3380.0,101.78,100.92,102.64
3400.0,100.93,100.02,101.84
3420.0,102.58,101.70,103.45
3440.0,102.54,101.70,103.38
3460.0,101.66,100.83,102.48
3480.0,102.33,101.50,103.16
3500.0,102.02,101.13,102.90
3520.0,102.12,101.07,103.18
3540.0,101.58,100.70,102.46
3560.0,102.10,100.97,103.22
3580.0,101.81,100.87,102.76
3600.0,101.69,100.80,102.58
3620.0,101.57,100.57,102.57
3640.0,101.28,100.45,102.11
3660.0,101.43,100.48,102.38
3680.0,101.25,100.25,102.24
3700.0,101.22,100.33,102.12
3720.0,101.66,100.77,102.56
3740.0,101.54,100.52,102.56
3760.0,100.87,100.09,101.64
3780.0,101.20,100.25,102.15
3800.0,101.82,100.89,102.75
3820.0,101.38,100.52,102.24
3840.0,101.59,100.59,102.58
3860.0,101.47,100.58,102.36
3880.0,101.87,101.00,102.75
3900.0,101.48,100.59,102.37
3920.0,102.23,101.40,103.05
3940.0,101.72,100.83,102.61
3960.0,101.85,100.92,102.77
3980.0,101.83,100.95,102.70
4000.0,101.11,100.23,101.99
4020.0,101.01,100.29,101.73
4040.0,101.96,101.09,102.84
4060.0,101.00,100.08,101.91
4080.0,101.51,100.53,102.49
4100.0,102.22,101.44,103.00
4120.0,101.40,100.54,102.26
4140.0,100.82,99.98,101.66
4160.0,101.00,100.17,101.82
4180.0,100.56,99.59,101.52
4200.0,101.28,100.33,102.24
4220.0,100.92,100.05,101.79
4240.0,101.75,100.82,102.69
4260.0,101.76,100.82,102.70
4280.0,101.67,100.87,102.48
4300.0,101.75,100.88,102.62
4320.0,101.38,100.55,102.21
4340.0,100.30,99.51,101.08
4360.0,101.39,100.44,102.34
4380.0,101.53,100.70,102.36
4400.0,100.86,99.97,101.75
4420.0,100.51,99.64,101.39
4440.0,100.91,100.01,101.81
4460.0,100.75,99.89,101.60
4480.0,100.68,99.79,101.58
4500.0,100.69,99.63,101.75
4520.0,100.63,99.66,101.60
4540.0,100.55,99.71,101.38
4560.0,101.08,100.26,101.91
4580.0,100.10,99.25,100.95
4600.0,100.37,99.53,101.22
4620.0,101.55,100.69,102.40
4640.0,100.48,99.65,101.32
4660.0,100.72,99.90,101.54
4680.0,100.41,99.52,101.31
4700.0,100.58,99.80,101.36
4720.0,100.77,99.96,101.57
4740.0,100.78,99.96,101.60
4760.0,100.88,99.98,101.78
4780.0,100.96,100.06,101.86
4800.0,100.68,99.82,101.54
4820.0,100.27,99.35,101.19
4840.0,100.34,99.51,101.18
4860.0,100.05,99.31,100.79
4880.0,100.70,99.76,101.64
4900.0,99.78,99.02,100.55
4920.0,100.79,99.84,101.73
4940.0,100.42,99.51,101.34
4960.0,100.38,99.62,101.14
4980.0,100.37,99.61,101.13
5000.0,100.22,99.44,101.00
