trial,mean,ci_down,ci_up
0.0,3.71,3.31,4.12
20.0,9.55,8.74,10.36
40.0,16.67,15.53,17.82
60.0,25.31,24.00,26.61
80.0,36.08,34.42,37.74
100.0,46.78,45.08,48.47
120.0,60.57,58.51,62.63
140.0,75.47,72.98,77.96
160.0,92.31,89.49,95.12
180.0,108.94,105.72,112.16
200.0,127.80,124.00,131.59
220.0,146.71,142.45,150.98
240.0,166.39,161.80,170.98
260.0,188.65,183.48,193.82
280.0,211.14,205.58,216.71
300.0,234.33,228.40,240.25
320.0,258.59,252.41,264.78
340.0,283.12,276.12,290.13
360.0,310.20,302.50,317.90
380.0,338.45,330.00,346.90
400.0,369.00,360.02,377.98
420.0,398.31,389.06,407.55
440.0,430.12,420.23,440.01
460.0,463.00,452.50,473.50
480.0,495.88,484.91,506.84
500.0,528.98,517.20,540.76
520.0,562.65,550.38,574.93
540.0,597.24,584.14,610.35
560.0,634.33,620.69,647.97
580.0,671.35,657.19,685.51
600.0,710.39,695.71,725.06
620.0,751.49,736.12,766.86
640.0,790.92,774.90,806.94
660.0,832.12,815.65,848.59
680.0,873.45,856.20,890.70
700.0,915.39,897.66,933.12
720.0,957.20,938.85,975.56
740.0,1001.45,982.49,1020.41
760.0,1044.82,1025.35,1064.29
780.0,1088.41,1068.56,1108.25
800.0,1131.69,1111.28,1152.11
820.0,1177.06,1155.58,1198.55
840.0,1222.35,1199.85,1244.84
860.0,1267.24,1243.87,1290.62
880.0,1313.18,1288.91,1337.46
900.0,1360.10,1335.25,1384.96
920.0,1406.90,1381.10,1432.70
940.0,1454.33,1427.74,1480.91
960.0,1503.04,1475.28,1530.80
980.0,1552.76,1524.10,1581.41
1000.0,1602.61,1573.24,1631.98
1020.0,1652.71,1622.28,1683.15
1040.0,1702.33,1671.35,1733.30
1060.0,1752.29,1720.65,1783.92
1080.0,1803.06,1770.55,1835.57
1100.0,1855.84,1822.76,1888.92
1120.0,1907.73,1873.73,1941.74
1140.0,1959.67,1924.49,1994.85
1160.0,2011.82,1975.57,2048.06
1180.0,2064.06,2026.75,2101.37
1200.0,2117.31,2079.60,2155.01
1220.0,2170.27,2131.59,2208.94
1240.0,2223.59,2184.15,2263.03
1260.0,2276.94,2236.88,2317.00
1280.0,2331.57,2290.86,2372.29
1300.0,2386.84,2345.42,2428.26
1320.0,2442.20,2400.16,2484.25
1340.0,2497.43,2454.32,2540.53
1360.0,2553.14,2509.21,2597.08
1380.0,2608.45,2563.33,2653.56
1400.0,2663.16,2616.94,2709.39
1420.0,2719.37,2672.39,2766.34
1440.0,2774.20,2726.32,2822.09
1460.0,2830.73,2782.34,2879.13
1480.0,2886.41,2837.42,2935.40
1500.0,2942.59,2892.65,2992.54
1520.0,2997.39,2946.55,3048.23
1540.0,3054.73,3003.13,3106.34
1560.0,3111.84,3059.83,3163.84
1580.0,3170.45,3117.94,3222.95
1600.0,3228.35,3175.49,3281.21
1620.0,3286.20,3232.80,3339.61
1640.0,3343.71,3289.50,3397.93
1660.0,3402.49,3347.53,3457.45
1680.0,3460.12,3404.67,3515.58
1700.0,3519.88,3463.73,3576.02
1720.0,3578.53,3521.52,3635.54
1740.0,3638.10,3580.55,3695.66
1760.0,3696.55,3638.28,3754.82
1780.0,3755.80,3697.00,3814.60
1800.0,3815.37,3755.99,3874.74
1820.0,3875.16,3815.36,3934.97
1840.0,3936.80,3876.26,3997.34
1860.0,3996.94,3935.73,4058.15
1880.0,4057.78,3996.00,4119.55
1900.0,4118.82,4056.63,4181.00
1920.0,4179.96,4117.21,4242.71
1940.0,4241.53,4178.01,4305.05
1960.0,4303.78,4239.86,4367.69
1980.0,4365.84,4301.48,4430.20
2000.0,4428.51,4363.55,4493.47
2020.0,4490.10,4424.63,4555.58
2040.0,4551.78,4485.81,4617.74
2060.0,4613.73,4547.13,4680.34
2080.0,4675.16,4608.11,4742.22
2100.0,4738.57,4670.90,4806.25
2120.0,4800.08,4731.75,4868.41
2140.0,4862.86,4794.30,4931.41
2160.0,4925.90,4857.19,4994.60
2180.0,4987.51,4918.61,5056.41
2200.0,5051.27,4981.84,5120.69
2220.0,5114.80,5045.07,5184.52
2240.0,5177.16,5107.07,5247.25
2260.0,5241.39,5170.81,5311.97
2280.0,5304.22,5233.55,5374.90
2300.0,5366.63,5295.65,5437.61
2320.0,5432.04,5360.89,5503.20
2340.0,5495.47,5424.25,5566.69
2360.0,5558.22,5486.88,5629.57
2380.0,5621.59,5549.37,5693.81
2400.0,5685.27,5612.83,5757.70
2420.0,5749.92,5676.84,5823.00
2440.0,5814.94,5740.98,5888.90
2460.0,5879.24,5805.10,5953.39
2480.0,5942.94,5868.40,6017.48
2500.0,6006.94,5931.81,6082.06
2520.0,6071.57,5996.13,6147.01
2540.0,6136.16,6060.06,6212.26
2560.0,6201.37,6124.94,6277.80
2580.0,6266.49,6189.56,6343.42
2600.0,6332.86,6255.77,6409.94
2620.0,6399.02,6321.58,6476.46
2640.0,6464.37,6386.29,6542.45
2660.0,6530.55,6451.87,6609.24
2680.0,6597.27,6518.16,6676.37
2700.0,6662.65,6582.96,6742.35
2720.0,6729.43,6649.35,6809.51
2740.0,6795.14,6714.67,6875.62
2760.0,6859.90,6778.81,6940.99
2780.0,6926.47,6844.87,7008.07
2800.0,6991.78,6909.67,7073.88
2820.0,7058.41,6976.07,7140.75
2840.0,7125.33,7042.71,7207.94
2860.0,7191.35,7108.33,7274.36
2880.0,7256.37,7172.98,7339.75
2900.0,7322.80,7238.94,7406.65
2920.0,7388.78,7304.25,7473.30
2940.0,7454.57,7369.78,7539.37
2960.0,7520.82,7435.47,7606.17
2980.0,7587.37,7501.52,7673.22
3000.0,7653.29,7566.99,7739.58
3020.0,7719.29,7632.64,7805.93
3040.0,7784.16,7696.98,7871.34
3060.0,7849.06,7761.16,7936.96
3080.0,7917.00,7828.64,8005.36
3100.0,7984.61,7895.48,8073.75
3120.0,8051.88,7961.93,8141.82
3140.0,8118.57,8027.83,8209.32
3160.0,8186.43,8095.17,8277.69
3180.0,8253.88,8161.84,8345.91
3200.0,8320.80,8227.89,8413.71
3220.0,8387.49,8294.10,8480.88
3240.0,8454.47,8360.35,8548.59
3260.0,8521.94,8426.93,8616.95
3280.0,8588.80,8492.80,8684.79
3300.0,8656.10,8559.56,8752.65
3320.0,8723.35,8626.21,8820.48
3340.0,8791.51,8693.81,8889.21
3360.0,8859.04,8760.99,8957.10
3380.0,8925.73,8827.01,9024.46
3400.0,8993.71,8894.23,9093.20
3420.0,9061.45,8961.15,9161.75
3440.0,9130.71,9029.89,9231.54
3460.0,9198.53,9097.14,9299.92
3480.0,9264.92,9163.08,9366.76
3500.0,9333.20,9230.87,9435.54
3520.0,9401.90,9298.71,9505.08
3540.0,9469.71,9366.11,9573.32
3560.0,9538.86,9434.89,9642.82
3580.0,9606.04,9501.40,9710.69
3600.0,9675.35,9570.09,9780.61
3620.0,9743.55,9637.77,9849.33
3640.0,9811.14,9704.82,9917.46
3660.0,9879.82,9772.65,9986.99
3680.0,9949.12,9841.34,10056.91
3700.0,10017.45,9909.28,10125.62
3720.0,10085.96,9977.24,10194.68
3740.0,10155.31,10046.33,10264.28
3760.0,10223.55,10113.90,10333.20
3780.0,10292.51,10182.52,10402.50
3800.0,10360.84,10250.32,10471.36
3820.0,10430.14,10319.49,10540.80
3840.0,10498.94,10388.26,10609.61
3860.0,10567.59,10456.48,10678.70
3880.0,10636.90,10525.22,10748.58
3900.0,10705.96,10593.78,10818.14
3920.0,10776.22,10663.55,10888.90
3940.0,10845.88,10732.80,10958.96
3960.0,10916.41,10802.82,11030.00
3980.0,10987.04,10872.69,11101.39
4000.0,11057.47,10942.42,11172.52
4020.0,11127.16,11011.56,11242.76
4040.0,11197.18,11081.21,11313.16
4060.0,11268.24,11151.57,11384.92
4080.0,11339.55,11222.25,11456.85
4100.0,11410.86,11292.90,11528.81
4120.0,11480.96,11362.37,11599.55
4140.0,11551.73,11432.45,11671.02
4160.0,11622.00,11502.23,11741.77
4180.0,11692.59,11572.40,11812.78
4200.0,11762.78,11641.89,11883.66
4220.0,11833.51,11712.14,11954.88
4240.0,11903.88,11782.07,12025.68
4260.0,11973.47,11851.20,12095.74
4280.0,12044.59,11921.97,12167.21
4300.0,12114.98,11991.87,12238.09
4320.0,12184.57,12061.27,12307.87
4340.0,12255.12,12131.50,12378.74
4360.0,12327.45,12203.46,12451.44
4380.0,12398.71,12274.33,12523.10
4400.0,12469.73,12344.93,12594.54
4420.0,12540.14,12415.25,12665.04
4440.0,12610.73,12485.75,12735.72
4460.0,12681.55,12556.12,12806.98
4480.0,12752.86,12627.23,12878.48
4500.0,12824.14,12698.45,12949.84
4520.0,12894.67,12768.61,13020.74
4540.0,12966.45,12840.27,13092.63
4560.0,13037.22,12910.75,13163.70
4580.0,13107.73,12981.01,13234.46
4600.0,13179.90,13052.91,13306.89
4620.0,13251.71,13124.33,13379.10
4640.0,13323.92,13196.53,13451.30
4660.0,13395.61,13267.66,13523.56
4680.0,13467.71,13339.83,13595.60
4700.0,13538.94,13410.52,13667.35
4720.0,13611.67,13482.90,13740.45
4740.0,13685.02,13556.09,13813.95
4760.0,13757.00,13627.83,13886.17
4780.0,13828.92,13699.45,13958.39
4800.0,13901.14,13771.53,14030.76
4820.0,13972.33,13842.69,14101.97
4840.0,14043.20,13913.21,14173.20
4860.0,14114.94,13984.82,14245.06
4880.0,14186.96,14056.80,14317.11
4900.0,14258.71,14128.22,14389.21
4920.0,14329.16,14198.26,14460.07
4940.0,14401.90,14270.70,14533.10
4960.0,14473.80,14342.57,14605.03
4980.0,14545.20,14413.91,14676.50
5000.0,14617.08,14485.70,14748.46
