trial,mean,ci_down,ci_up
0.0,0.00,0.00,0.00
20.0,21.89,21.20,22.58
40.0,60.47,58.95,61.99
60.0,114.59,112.18,116.99
80.0,182.52,179.15,185.89
100.0,263.38,258.98,267.78
120.0,357.15,351.67,362.63
140.0,462.02,455.43,468.62
160.0,579.16,571.27,587.04
180.0,708.78,699.35,718.20
200.0,850.08,839.26,860.91
220.0,1002.26,990.01,1014.51
240.0,1165.17,1151.40,1178.94
260.0,1338.04,1322.60,1353.49
280.0,1520.55,1503.53,1537.58
300.0,1711.78,1693.09,1730.48
320.0,1912.24,1891.78,1932.70
340.0,2122.30,2100.04,2144.56
360.0,2341.38,2317.28,2365.49
380.0,2568.61,2542.64,2594.58
400.0,2804.27,2776.44,2832.11
420.0,3048.52,3018.72,3078.32
440.0,3301.37,3269.53,3333.21
460.0,3562.98,3529.11,3596.86
480.0,3832.26,3796.33,3868.20
500.0,4108.51,4070.44,4146.58
520.0,4391.30,4351.11,4431.48
540.0,4681.10,4638.72,4723.48
560.0,4977.66,4933.02,5022.31
580.0,5281.25,5234.28,5328.21
600.0,5591.38,5542.04,5640.72
620.0,5907.19,5855.42,5958.96
640.0,6228.93,6174.72,6283.15
660.0,6556.66,6499.89,6613.42
680.0,6890.47,6831.16,6949.78
700.0,7230.51,7168.62,7292.41
720.0,7576.52,7512.00,7641.04
740.0,7928.39,7861.36,7995.42
760.0,8285.19,8215.68,8354.71
780.0,8647.24,8575.21,8719.27
800.0,9014.53,8939.98,9089.08
820.0,9386.34,9309.39,9463.28
840.0,9763.17,9683.80,9842.55
860.0,10144.80,10062.94,10226.66
880.0,10531.42,10447.03,10615.82
900.0,10922.70,10835.74,11009.67
920.0,11319.21,11229.64,11408.77
940.0,11720.93,11628.86,11813.00
960.0,12127.09,12032.55,12221.63
980.0,12537.66,12440.65,12634.67
1000.0,12952.20,12852.77,13051.63
1020.0,13370.91,13269.01,13472.81
1040.0,13793.76,13689.39,13898.13
1060.0,14220.79,14114.04,14327.53
1080.0,14651.87,14542.78,14760.96
1100.0,15086.97,14975.52,15198.42
1120.0,15526.39,15412.64,15640.14
1140.0,15970.38,15854.31,16086.45
1160.0,16418.32,16299.87,16536.76
1180.0,16870.24,16749.40,16991.09
1200.0,17326.11,17202.90,17449.32
1220.0,17785.41,17659.96,17910.87
1240.0,18247.68,18120.12,18375.23
1260.0,18713.10,18583.59,18842.61
1280.0,19181.39,19050.07,19312.71
1300.0,19652.13,19519.18,19785.07
1320.0,20125.34,19990.91,20259.76
1340.0,20600.53,20464.83,20736.24
1360.0,21077.64,20940.83,21214.44
1380.0,21556.77,21419.08,21694.46
1400.0,22037.42,21898.92,22175.92
1420.0,22519.37,22380.11,22658.63
1440.0,23002.68,22862.67,23142.70
1460.0,23487.09,23346.31,23627.86
1480.0,23972.57,23831.03,24114.11
1500.0,24459.00,24316.68,24601.32
1520.0,24946.45,24803.35,25089.54
1540.0,25434.85,25290.99,25578.72
1560.0,25924.20,25779.56,26068.84
1580.0,26414.47,26269.04,26559.89
1600.0,26905.66,26759.44,27051.89
1620.0,27397.92,27250.89,27544.94
1640.0,27891.26,27743.41,28039.11
1660.0,28385.64,28236.94,28534.34
1680.0,28880.88,28731.33,29030.42
1700.0,29377.42,29227.02,29527.82
1720.0,29874.84,29723.52,30026.16
1740.0,30373.17,30220.92,30525.42
1760.0,30872.48,30719.29,31025.67
1780.0,31372.78,31218.64,31526.92
1800.0,31874.12,31719.05,32029.19
1820.0,32376.75,32220.73,32532.78
1840.0,32880.30,32723.28,33037.31
1860.0,33384.98,33226.93,33543.02
1880.0,33890.60,33731.52,34049.67
1900.0,34397.28,34237.14,34557.41
1920.0,34904.90,34743.67,35066.12
1940.0,35413.49,35251.18,35575.81
1960.0,35923.09,35759.64,36086.54
1980.0,36433.56,36269.00,36598.12
2000.0,36944.91,36779.25,37110.56
2020.0,37457.11,37290.32,37623.89
2040.0,37970.12,37802.17,38138.07
2060.0,38484.09,38314.96,38653.21
2080.0,38998.92,38828.60,39169.25
2100.0,39514.61,39343.06,39686.16
2120.0,40031.11,39858.28,40203.93
2140.0,40548.41,40374.31,40722.50
2160.0,41066.56,40891.18,41241.93
2180.0,41585.63,41408.98,41762.28
2200.0,42105.54,41927.57,42283.50
2220.0,42626.52,42447.23,42805.80
2240.0,43148.43,42967.77,43329.09
2260.0,43671.19,43489.16,43853.22
2280.0,44194.92,44011.51,44378.34
2300.0,44719.57,44534.75,44904.39
2320.0,45245.13,45058.89,45431.37
2340.0,45771.37,45583.69,45959.04
2360.0,46298.50,46109.36,46487.64
2380.0,46826.49,46635.84,47017.13
2400.0,47355.18,47163.02,47547.34
2420.0,47884.60,47690.91,48078.29
2440.0,48414.84,48219.61,48610.07
2460.0,48945.93,48749.13,49142.73
2480.0,49477.71,49279.30,49676.13
2500.0,50010.17,49810.12,50210.22
2520.0,50543.20,50341.51,50744.89
2540.0,51077.04,50873.67,51280.41
2560.0,51611.77,51406.71,51816.83
2580.0,52147.09,51940.30,52353.87
2600.0,52683.20,52474.65,52891.75
2620.0,53220.12,53009.83,53430.41
2640.0,53757.78,53545.73,53969.82
2660.0,54296.16,54082.34,54509.98
2680.0,54835.36,54619.78,55050.95
2700.0,55375.31,55157.93,55592.69
2720.0,55915.93,55696.74,56135.11
2740.0,56457.23,56236.23,56678.23
2760.0,56999.12,56776.29,57221.96
2780.0,57541.80,57317.14,57766.46
2800.0,58085.16,57858.66,58311.65
2820.0,58629.25,58400.89,58857.60
2840.0,59174.04,58943.84,59404.23
2860.0,59719.57,59487.52,59951.63
2880.0,60265.76,60031.84,60499.67
2900.0,60812.59,60576.79,61048.40
2920.0,61360.26,61122.54,61597.98
2940.0,61908.56,61668.89,62148.23
2960.0,62457.47,62215.87,62699.07
2980.0,63006.99,62763.46,63250.53
3000.0,63557.14,63311.65,63802.62
3020.0,64107.82,63860.38,64355.27
3040.0,64659.17,64409.76,64908.58
3060.0,65211.16,64959.77,65462.56
3080.0,65763.56,65510.17,66016.95
3100.0,66316.51,66061.14,66571.88
3120.0,66870.14,66612.79,67127.50
3140.0,67424.41,67165.04,67683.78
3160.0,67979.37,67717.95,68240.79
3180.0,68534.88,68271.42,68798.34
3200.0,69090.91,68825.38,69356.44
3220.0,69647.56,69379.95,69915.17
3240.0,70204.78,69935.07,70474.50
3260.0,70762.52,70490.70,71034.34
3280.0,71320.82,71046.87,71594.76
3300.0,71879.72,71603.62,72155.81
3320.0,72439.19,72160.91,72717.47
3340.0,72999.19,72718.71,73279.67
3360.0,73559.75,73277.06,73842.44
3380.0,74121.03,73836.11,74405.95
3400.0,74682.95,74395.78,74970.13
3420.0,75245.45,74956.01,75534.89
3440.0,75808.53,75516.84,76100.23
3460.0,76372.14,76078.22,76666.07
3480.0,76936.31,76640.16,77232.47
3500.0,77501.17,77202.81,77799.52
3520.0,78066.50,77765.94,78367.06
3540.0,78632.51,78329.75,78935.26
3560.0,79198.99,78894.03,79503.95
3580.0,79766.10,79458.91,80073.30
3600.0,80333.66,80024.20,80643.12
3620.0,80901.81,80590.06,81213.55
3640.0,81470.48,81156.45,81784.51
3660.0,82039.70,81723.36,82356.04
3680.0,82609.42,82290.77,82928.07
3700.0,83179.76,82858.80,83500.71
3720.0,83750.74,83427.47,84074.00
3740.0,84322.27,83996.72,84647.82
3760.0,84894.44,84566.60,85222.27
3780.0,85467.17,85137.07,85797.27
3800.0,86040.56,85708.23,86372.89
3820.0,86614.45,86279.88,86949.02
3840.0,87189.00,86852.19,87525.81
3860.0,87764.02,87424.97,88103.07
3880.0,88339.56,87998.25,88680.87
3900.0,88915.67,88572.03,89259.30
3920.0,89492.38,89146.42,89838.34
3940.0,90069.61,89721.33,90417.90
3960.0,90647.37,90296.77,90997.97
3980.0,91225.70,90872.79,91578.61
4000.0,91804.49,91449.27,92159.71
4020.0,92383.83,92026.28,92741.38
4040.0,92963.79,92603.90,93323.68
4060.0,93544.30,93182.06,93906.54
4080.0,94125.27,93760.65,94489.88
4100.0,94706.88,94339.90,95073.87
4120.0,95289.01,94919.62,95658.39
4140.0,95871.65,95499.85,96243.45
4160.0,96454.86,96080.66,96829.07
4180.0,97038.52,96661.91,97415.13
4200.0,97622.70,97243.67,98001.73
4220.0,98207.42,97825.97,98588.87
4240.0,98792.56,98408.70,99176.43
4260.0,99378.14,98991.86,99764.41
4280.0,99964.31,99575.64,100352.97
4300.0,100550.94,100159.89,100942.00
4320.0,101138.16,100744.69,101531.62
4340.0,101725.80,101329.90,102121.69
4360.0,102313.80,101915.48,102712.12
4380.0,102902.24,102501.51,103302.96
4400.0,103491.14,103088.02,103894.26
4420.0,104080.55,103675.00,104486.10
4440.0,104670.52,104262.54,105078.50
4460.0,105261.02,104850.61,105671.44
4480.0,105851.96,105439.08,106264.83
4500.0,106443.28,106027.92,106858.63
4520.0,107035.11,106617.28,107452.93
4540.0,107627.39,107207.10,108047.67
4560.0,108220.00,107797.25,108642.76
4580.0,108813.09,108387.87,109238.31
4600.0,109406.73,108979.07,109834.39
4620.0,110000.83,109570.71,110430.95
4640.0,110595.37,110162.80,111027.93
4660.0,111190.41,110755.41,111625.41
4680.0,111785.92,111348.49,112223.36
4700.0,112381.84,111941.95,112821.72
4720.0,112978.16,112535.83,113420.49
4740.0,113574.94,113130.14,114019.73
4760.0,114172.12,113724.84,114619.40
4780.0,114769.84,114320.04,115219.63
4800.0,115367.94,114915.64,115820.25
4820.0,115966.45,115511.62,116421.27
4840.0,116565.42,116108.06,117022.78
4860.0,117164.69,116704.81,117624.58
4880.0,117764.35,117301.94,118226.76
4900.0,118364.41,117899.48,118829.33
4920.0,118964.88,118497.45,119432.30
4940.0,119565.79,119095.87,120035.72
4960.0,120167.19,119694.78,120639.60
4980.0,120769.01,120294.12,121243.90
5000.0,121371.31,120893.91,121848.71
