trial,mean,ci_down,ci_up
0.0,49.81,46.32,53.29
20.0,121.33,116.78,125.87
40.0,197.01,191.54,202.49
60.0,276.43,270.17,282.69
80.0,359.78,352.90,366.66
100.0,446.55,439.46,453.64
120.0,535.85,528.71,542.98
140.0,626.53,619.21,633.84
160.0,720.63,712.79,728.46
180.0,812.32,804.15,820.49
200.0,905.56,896.64,914.47
220.0,999.67,990.63,1008.70
240.0,1095.17,1085.90,1104.44
260.0,1190.73,1181.32,1200.14
280.0,1288.61,1278.99,1298.24
300.0,1387.83,1378.08,1397.57
320.0,1486.56,1476.55,1496.57
340.0,1586.15,1575.80,1596.49
360.0,1686.22,1675.58,1696.87
380.0,1785.55,1774.96,1796.14
400.0,1886.40,1876.02,1896.78
420.0,1987.22,1976.97,1997.46
440.0,2088.68,2078.15,2099.21
460.0,2188.73,2177.95,2199.50
480.0,2291.71,2280.77,2302.65
500.0,2392.59,2381.52,2403.65
520.0,2493.83,2482.44,2505.22
540.0,2595.27,2583.69,2606.85
560.0,2696.24,2684.48,2708.00
580.0,2798.15,2786.12,2810.19
600.0,2900.89,2888.63,2913.14
620.0,3002.97,2990.79,3015.15
640.0,3105.77,3093.26,3118.27
660.0,3207.55,3194.99,3220.11
680.0,3309.60,3296.82,3322.38
700.0,3412.04,3399.07,3425.02
720.0,3514.42,3501.30,3527.53
740.0,3617.15,3603.89,3630.40
760.0,3720.65,3707.32,3733.98
780.0,3822.63,3808.99,3836.27
800.0,3925.07,3911.17,3938.98
820.0,4026.66,4012.54,4040.79
840.0,4129.67,4115.36,4143.98
860.0,4232.86,4218.34,4247.37
880.0,4335.12,4320.45,4349.78
900.0,4437.59,4422.77,4452.40
920.0,4540.05,4525.13,4554.98
940.0,4642.53,4627.42,4657.63
960.0,4745.39,4730.03,4760.75
980.0,4848.73,4832.99,4864.46
1000.0,4951.84,4935.70,4967.97
1020.0,5055.22,5039.05,5071.40
1040.0,5157.72,5141.42,5174.02
1060.0,5260.44,5244.02,5276.86
1080.0,5362.59,5345.98,5379.21
1100.0,5465.55,5448.64,5482.46
1120.0,5568.37,5551.35,5585.40
1140.0,5670.19,5652.96,5687.43
1160.0,5771.38,5753.99,5788.77
1180.0,5873.77,5856.00,5891.54
1200.0,5975.63,5957.70,5993.56
1220.0,6078.35,6059.96,6096.75
1240.0,6181.26,6162.62,6199.90
1260.0,6283.88,6264.96,6302.79
1280.0,6385.97,6366.86,6405.09
1300.0,6488.20,6468.98,6507.41
1320.0,6589.66,6570.18,6609.14
1340.0,6692.17,6672.40,6711.94
1360.0,6794.80,6774.57,6815.03
1380.0,6896.44,6875.93,6916.95
1400.0,6998.60,6977.86,7019.33
1420.0,7100.68,7079.55,7121.81
1440.0,7202.51,7181.17,7223.85
1460.0,7304.57,7282.85,7326.29
1480.0,7407.26,7384.97,7429.56
1500.0,7509.70,7486.95,7532.45
1520.0,7612.48,7589.56,7635.39
1540.0,7714.27,7691.11,7737.43
1560.0,7816.91,7793.28,7840.54
1580.0,7919.60,7895.63,7943.57
1600.0,8022.00,7997.66,8046.34
1620.0,8123.02,8098.32,8147.71
1640.0,8225.26,8200.21,8250.30
1660.0,8327.44,8301.91,8352.97
1680.0,8429.66,8403.65,8455.66
1700.0,8532.70,8506.43,8558.97
1720.0,8635.15,8608.45,8661.86
1740.0,8738.23,8711.13,8765.33
1760.0,8840.99,8813.43,8868.54
1780.0,8943.60,8916.00,8971.20
1800.0,9045.89,9017.97,9073.81
1820.0,9149.13,9120.88,9177.37
1840.0,9251.18,9222.67,9279.70
1860.0,9353.42,9324.54,9382.31
1880.0,9455.30,9426.12,9484.49
1900.0,9557.25,9527.67,9586.83
1920.0,9659.85,9629.98,9689.73
1940.0,9762.05,9732.03,9792.08
1960.0,9864.17,9833.67,9894.67
1980.0,9966.18,9935.34,9997.03
2000.0,10068.07,10037.22,10098.91
2020.0,10170.06,10138.90,10201.23
2040.0,10272.21,10240.83,10303.59
2060.0,10374.06,10342.39,10405.73
2080.0,10475.48,10443.48,10507.48
2100.0,10577.17,10544.71,10609.63
2120.0,10678.73,10645.91,10711.55
2140.0,10780.26,10747.38,10813.14
2160.0,10882.23,10849.02,10915.44
2180.0,10983.69,10950.19,11017.20
2200.0,11085.09,11051.28,11118.90
2220.0,11187.11,11153.03,11221.18
2240.0,11288.27,11253.95,11322.60
2260.0,11389.57,11355.07,11424.07
2280.0,11491.05,11456.40,11525.69
2300.0,11592.90,11558.06,11627.74
2320.0,11693.45,11658.34,11728.56
2340.0,11794.21,11758.81,11829.61
2360.0,11896.05,11860.29,11931.80
2380.0,11996.66,11960.64,12032.69
2400.0,12097.70,12061.41,12134.00
2420.0,12199.37,12162.78,12235.96
2440.0,12300.54,12263.59,12337.50
2460.0,12401.21,12363.86,12438.55
2480.0,12502.50,12464.78,12540.22
2500.0,12603.97,12565.87,12642.07
2520.0,12704.74,12666.29,12743.20
2540.0,12806.50,12767.54,12845.46
2560.0,12907.50,12868.17,12946.83
2580.0,13008.47,12968.77,13048.17
2600.0,13110.19,13070.17,13150.20
2620.0,13210.59,13170.21,13250.98
2640.0,13311.19,13270.46,13351.92
2660.0,13411.49,13370.23,13452.75
2680.0,13512.28,13470.65,13553.91
2700.0,13613.30,13571.35,13655.25
2720.0,13714.60,13672.34,13756.87
2740.0,13815.44,13772.96,13857.92
2760.0,13915.80,13873.05,13958.54
2780.0,14016.71,13973.70,14059.71
2800.0,14117.57,14074.13,14161.00
2820.0,14218.43,14174.64,14262.23
2840.0,14319.31,14275.35,14363.28
2860.0,14420.28,14376.04,14464.51
2880.0,14520.44,14476.00,14564.88
2900.0,14620.50,14575.86,14665.14
2920.0,14721.20,14676.10,14766.30
2940.0,14821.40,14776.11,14866.69
2960.0,14922.97,14877.24,14968.70
2980.0,15023.35,14977.26,15069.44
3000.0,15123.89,15077.28,15170.49
3020.0,15223.92,15176.97,15270.86
3040.0,15324.75,15277.41,15372.09
3060.0,15425.43,15377.65,15473.21
3080.0,15526.30,15478.06,15574.53
3100.0,15626.64,15577.95,15675.34
3120.0,15727.20,15678.12,15776.29
3140.0,15827.80,15778.48,15877.12
3160.0,15929.24,15879.42,15979.06
3180.0,16030.31,15979.97,16080.66
3200.0,16131.31,16080.64,16181.98
3220.0,16232.07,16181.24,16282.90
3240.0,16332.38,16281.29,16383.47
3260.0,16433.21,16381.64,16484.78
3280.0,16533.23,16481.24,16585.22
3300.0,16633.65,16581.15,16686.15
3320.0,16733.84,16680.72,16786.96
3340.0,16833.88,16780.26,16887.51
3360.0,16934.25,16880.37,16988.13
3380.0,17034.39,16979.98,17088.81
3400.0,17134.95,17080.03,17189.86
3420.0,17236.09,17180.63,17291.55
3440.0,17336.70,17280.91,17392.49
3460.0,17437.25,17380.98,17493.52
3480.0,17537.28,17480.55,17594.02
3500.0,17637.83,17580.80,17694.85
3520.0,17738.38,17680.98,17795.78
3540.0,17838.56,17780.72,17896.41
3560.0,17938.69,17880.43,17996.96
3580.0,18039.56,17980.81,18098.31
3600.0,18140.64,18081.60,18199.69
3620.0,18241.69,18182.23,18301.15
3640.0,18342.18,18282.14,18402.22
3660.0,18442.68,18382.19,18503.16
3680.0,18543.58,18482.58,18604.58
3700.0,18643.56,18582.13,18704.98
3720.0,18743.60,18681.89,18805.30
3740.0,18844.30,18782.27,18906.32
3760.0,18944.22,18881.81,19006.62
3780.0,19044.31,18981.74,19106.87
3800.0,19144.40,19081.36,19207.44
3820.0,19244.83,19181.30,19308.36
3840.0,19345.28,19281.44,19409.11
3860.0,19445.30,19380.89,19509.71
3880.0,19545.36,19480.58,19610.14
3900.0,19645.50,19580.27,19710.74
3920.0,19745.50,19679.86,19811.15
3940.0,19846.00,19779.94,19912.07
3960.0,19945.81,19879.34,20012.28
3980.0,20046.13,19979.09,20113.17
4000.0,20146.07,20078.72,20213.43
4020.0,20246.44,20178.58,20314.31
4040.0,20346.65,20278.37,20414.93
4060.0,20446.09,20377.43,20514.74
4080.0,20546.34,20477.19,20615.49
4100.0,20646.96,20577.29,20716.63
4120.0,20745.80,20675.78,20815.82
4140.0,20845.75,20775.16,20916.33
4160.0,20945.80,20874.69,21016.91
4180.0,21045.81,20974.16,21117.45
4200.0,21145.87,21073.87,21217.86
4220.0,21245.11,21172.68,21317.53
4240.0,21344.62,21271.88,21417.36
4260.0,21443.90,21370.73,21517.07
4280.0,21542.95,21469.51,21616.39
4300.0,21642.90,21569.10,21716.70
4320.0,21742.11,21667.75,21816.47
4340.0,21841.60,21766.74,21916.46
4360.0,21941.74,21866.31,22017.18
4380.0,22041.97,21966.06,22117.89
4400.0,22141.79,22065.35,22218.23
4420.0,22240.66,22163.72,22317.59
4440.0,22340.15,22262.72,22417.59
4460.0,22438.90,22361.05,22516.75
4480.0,22539.04,22460.72,22617.36
4500.0,22638.92,22560.07,22717.77
4520.0,22738.14,22658.90,22817.38
4540.0,22837.36,22757.58,22917.14
4560.0,22936.65,22856.34,23016.96
4580.0,23036.12,22955.51,23116.73
4600.0,23135.59,23054.72,23216.47
4620.0,23234.65,23153.23,23316.07
4640.0,23334.10,23252.39,23415.82
4660.0,23433.11,23350.92,23515.29
4680.0,23532.04,23449.36,23614.73
4700.0,23631.39,23548.28,23714.50
4720.0,23730.89,23647.20,23814.59
4740.0,23829.76,23745.64,23913.88
4760.0,23929.69,23845.06,24014.31
4780.0,24028.45,23943.47,24113.44
4800.0,24127.69,24042.24,24213.15
4820.0,24226.45,24140.57,24312.33
4840.0,24326.11,24239.81,24412.41
4860.0,24425.72,24339.12,24512.31
4880.0,24524.12,24437.11,24611.12
4900.0,24622.17,24534.63,24709.72
4920.0,24721.44,24633.60,24809.28
4940.0,24820.16,24731.90,24908.41
4960.0,24919.21,24830.50,25007.92
4980.0,25017.66,24928.48,25106.83
5000.0,25116.46,25026.86,25206.06
