trial,mean,ci_down,ci_up
0.0,3.71,3.31,4.12
20.0,5.84,5.23,6.44
40.0,7.12,6.43,7.82
60.0,8.63,7.91,9.35
80.0,10.78,9.76,11.79
100.0,10.69,9.86,11.53
120.0,13.80,12.74,14.85
140.0,14.90,13.89,15.91
160.0,16.84,15.66,18.02
180.0,16.63,15.50,17.76
200.0,18.86,17.71,20.01
220.0,18.92,17.73,20.11
240.0,19.67,18.45,20.90
260.0,22.27,20.82,23.71
280.0,22.49,21.37,23.61
300.0,23.18,21.76,24.61
320.0,24.27,22.77,25.76
340.0,24.53,22.99,26.07
360.0,27.08,25.25,28.91
380.0,28.24,26.80,29.69
400.0,30.55,28.97,32.13
420.0,29.31,27.94,30.67
440.0,31.82,30.20,33.43
460.0,32.88,31.34,34.41
480.0,32.88,31.23,34.53
500.0,33.10,31.25,34.95
520.0,33.67,32.18,35.16
540.0,34.59,32.89,36.29
560.0,37.08,35.54,38.62
580.0,37.02,35.68,38.36
600.0,39.04,37.33,40.75
620.0,41.10,39.28,42.93
640.0,39.43,37.79,41.06
660.0,41.20,39.56,42.85
680.0,41.33,39.71,42.95
700.0,41.94,40.20,43.68
720.0,41.82,39.89,43.74
740.0,44.24,42.48,46.01
760.0,43.37,41.59,45.15
780.0,43.59,42.02,45.16
800.0,43.29,41.68,44.89
820.0,45.37,43.65,47.09
840.0,45.29,43.27,47.30
860.0,44.90,42.99,46.80
880.0,45.94,44.03,47.85
900.0,46.92,44.75,49.09
920.0,46.80,44.95,48.64
940.0,47.43,45.72,49.14
960.0,48.71,46.58,50.85
980.0,49.71,48.00,51.43
1000.0,49.86,48.33,51.39
1020.0,50.10,48.20,52.00
1040.0,49.61,47.86,51.37
1060.0,49.96,48.46,51.46
1080.0,50.78,48.78,52.77
1100.0,52.78,50.97,54.58
1120.0,51.90,50.19,53.61
1140.0,51.94,50.11,53.77
1160.0,52.14,50.05,54.23
1180.0,52.24,50.34,54.15
1200.0,53.24,51.43,55.06
1220.0,52.96,51.16,54.76
1240.0,53.33,51.73,54.92
1260.0,53.35,51.75,54.95
1280.0,54.63,53.05,56.21
1300.0,55.27,53.80,56.73
1320.0,55.37,53.95,56.79
1340.0,55.22,53.41,57.04
1360.0,55.71,54.11,57.31
1380.0,55.31,53.45,57.16
1400.0,54.71,52.70,56.72
1420.0,56.20,54.53,57.87
1440.0,54.84,53.01,56.67
1460.0,56.53,54.78,58.29
1480.0,55.67,53.91,57.43
1500.0,56.18,54.32,58.04
1520.0,54.80,53.11,56.48
1540.0,57.35,55.53,59.16
1560.0,57.10,55.34,58.86
1580.0,58.61,57.02,60.20
1600.0,57.90,56.50,59.30
1620.0,57.86,56.17,59.54
1640.0,57.51,55.91,59.11
1660.0,58.78,56.95,60.60
1680.0,57.63,56.26,59.01
1700.0,59.76,58.06,61.45
1720.0,58.65,57.28,60.03
1740.0,59.57,58.01,61.13
1760.0,58.45,56.73,60.17
1780.0,59.24,57.71,60.77
1800.0,59.57,57.80,61.34
1820.0,59.80,58.27,61.32
1840.0,61.63,59.95,63.32
1860.0,60.14,58.49,61.80
1880.0,60.84,59.51,62.16
1900.0,61.04,59.61,62.47
1920.0,61.14,59.80,62.48
1940.0,61.57,59.97,63.17
1960.0,62.24,61.08,63.41
1980.0,62.06,60.71,63.41
2000.0,62.67,61.38,63.97
2020.0,61.59,60.07,63.12
2040.0,61.67,60.18,63.17
2060.0,61.96,60.45,63.47
2080.0,61.43,60.23,62.63
2100.0,63.41,62.01,64.80
2120.0,61.51,59.98,63.04
2140.0,62.78,61.57,63.98
2160.0,63.04,61.61,64.47
2180.0,61.61,60.35,62.87
2200.0,63.76,61.98,65.53
2220.0,63.53,62.17,64.89
2240.0,62.37,60.84,63.90
2260.0,64.22,62.61,65.84
2280.0,62.84,61.55,64.13
2300.0,62.41,61.04,63.78
2320.0,65.41,63.94,66.87
2340.0,63.43,62.11,64.75
2360.0,62.76,61.20,64.31
2380.0,63.37,61.34,65.39
2400.0,63.67,62.30,65.05
2420.0,64.65,62.87,66.44
2440.0,65.02,63.36,66.68
2460.0,64.31,62.71,65.90
2480.0,63.69,62.15,65.23
2500.0,64.00,62.26,65.74
2520.0,64.63,63.08,66.19
2540.0,64.59,62.78,66.40
2560.0,65.20,63.36,67.05
2580.0,65.12,63.66,66.58
2600.0,66.37,64.94,67.79
2620.0,66.16,64.81,67.52
2640.0,65.35,63.55,67.14
2660.0,66.18,64.46,67.90
2680.0,66.71,64.95,68.48
2700.0,65.39,63.65,67.13
2720.0,66.78,65.13,68.42
2740.0,65.71,64.03,67.40
2760.0,64.76,63.00,66.51
2780.0,66.57,65.07,68.08
2800.0,65.31,63.66,66.95
2820.0,66.63,65.09,68.17
2840.0,66.92,65.43,68.40
2860.0,66.02,64.50,67.54
2880.0,65.02,63.47,66.57
2900.0,66.43,64.82,68.04
2920.0,65.98,64.57,67.39
2940.0,65.80,64.15,67.44
2960.0,66.24,64.87,67.62
2980.0,66.55,64.99,68.11
3000.0,65.92,64.00,67.84
3020.0,66.00,64.35,67.65
3040.0,64.88,63.02,66.74
3060.0,64.90,63.19,66.60
3080.0,67.94,66.18,69.70
3100.0,67.61,65.96,69.27
3120.0,67.27,65.57,68.96
3140.0,66.69,64.83,68.55
3160.0,67.86,66.11,69.61
3180.0,67.45,65.54,69.36
3200.0,66.92,64.88,68.96
3220.0,66.69,65.15,68.24
3240.0,66.98,64.99,68.97
3260.0,67.47,65.59,69.35
3280.0,66.86,64.88,68.83
3300.0,67.31,65.91,68.70
3320.0,67.24,65.33,69.16
3340.0,68.16,66.70,69.63
3360.0,67.53,66.25,68.81
3380.0,66.69,64.81,68.58
3400.0,67.98,66.22,69.74
3420.0,67.73,65.83,69.63
3440.0,69.27,67.70,70.83
3460.0,67.82,66.42,69.21
3480.0,66.39,64.48,68.30
3500.0,68.29,66.74,69.83
3520.0,68.69,66.95,70.43
3540.0,67.82,65.86,69.77
3560.0,69.14,67.36,70.92
3580.0,67.18,65.58,68.79
3600.0,69.31,67.59,71.02
3620.0,68.20,66.68,69.73
3640.0,67.59,66.03,69.15
3660.0,68.67,66.91,70.44
3680.0,69.31,67.75,70.86
3700.0,68.33,66.90,69.75
3720.0,68.51,66.70,70.32
3740.0,69.35,67.76,70.93
3760.0,68.24,66.09,70.40
3780.0,68.96,67.43,70.49
3800.0,68.33,66.76,69.90
3820.0,69.31,67.69,70.92
3840.0,68.80,67.30,70.29
3860.0,68.65,67.04,70.27
3880.0,69.31,67.77,70.84
3900.0,69.06,67.61,70.51
3920.0,70.27,68.73,71.80
3940.0,69.65,68.26,71.05
3960.0,70.53,69.01,72.05
3980.0,70.63,69.12,72.14
4000.0,70.43,68.95,71.91
4020.0,69.69,68.27,71.11
4040.0,70.02,68.25,71.79
4060.0,71.06,69.56,72.56
4080.0,71.31,69.76,72.85
4100.0,71.31,69.86,72.75
4120.0,70.10,68.43,71.78
4140.0,70.78,69.01,72.55
4160.0,70.27,68.54,72.00
4180.0,70.59,69.10,72.08
4200.0,70.18,68.59,71.78
4220.0,70.73,69.06,72.41
4240.0,70.37,68.48,72.25
4260.0,69.59,67.96,71.22
4280.0,71.12,69.74,72.51
4300.0,70.39,68.95,71.83
4320.0,69.59,68.17,71.01
4340.0,70.55,68.82,72.28
4360.0,72.33,70.79,73.86
4380.0,71.27,69.70,72.83
4400.0,71.02,69.60,72.44
4420.0,70.41,69.13,71.68
4440.0,70.59,69.10,72.08
4460.0,70.82,69.14,72.49
4480.0,71.31,70.03,72.58
4500.0,71.29,69.81,72.77
4520.0,70.53,69.17,71.89
4540.0,71.78,70.27,73.28
4560.0,70.78,69.24,72.31
4580.0,70.51,69.05,71.97
4600.0,72.16,70.60,73.73
4620.0,71.82,70.10,73.53
4640.0,72.20,70.69,73.72
4660.0,71.69,70.34,73.05
4680.0,72.10,71.05,73.15
4700.0,71.22,69.79,72.66
4720.0,72.73,71.04,74.43
4740.0,73.35,71.94,74.76
4760.0,71.98,70.77,73.19
4780.0,71.92,70.66,73.18
4800.0,72.22,70.97,73.48
4820.0,71.18,69.55,72.81
4840.0,70.88,69.46,72.30
4860.0,71.73,70.37,73.10
4880.0,72.02,70.68,73.36
4900.0,71.76,70.66,72.85
4920.0,70.45,68.65,72.25
4940.0,72.73,71.36,74.10
4960.0,71.90,70.45,73.34
4980.0,71.41,69.91,72.90
5000.0,71.88,70.17,73.59
