trial,mean,ci_down,ci_up
0.0,49.81,46.32,53.29
20.0,71.52,69.12,73.92
40.0,75.69,72.01,79.36
60.0,79.42,76.80,82.03
80.0,83.35,81.15,85.55
100.0,86.77,84.78,88.77
120.0,89.29,87.02,91.57
140.0,90.68,88.83,92.53
160.0,94.10,92.31,95.89
180.0,91.69,90.03,93.35
200.0,93.24,91.57,94.90
220.0,94.11,92.66,95.57
240.0,95.50,93.93,97.07
260.0,95.56,94.36,96.75
280.0,97.88,96.27,99.50
300.0,99.21,97.81,100.62
320.0,98.73,97.28,100.19
340.0,99.58,98.28,100.89
360.0,100.08,98.48,101.68
380.0,99.33,98.18,100.48
400.0,100.85,99.55,102.15
420.0,100.82,99.59,102.04
440.0,101.46,100.05,102.87
460.0,100.05,99.10,101.00
480.0,102.98,101.69,104.28
500.0,100.88,99.55,102.21
520.0,101.24,100.02,102.46
540.0,101.45,100.34,102.56
560.0,100.97,99.78,102.16
580.0,101.91,100.98,102.85
600.0,102.73,101.60,103.86
620.0,102.08,101.30,102.87
640.0,102.80,101.64,103.96
660.0,101.78,100.81,102.76
680.0,102.05,100.96,103.14
700.0,102.45,101.30,103.59
720.0,102.37,101.24,103.51
740.0,102.73,101.86,103.60
760.0,103.50,102.50,104.51
780.0,101.98,100.98,102.97
800.0,102.45,101.58,103.31
820.0,101.59,100.63,102.56
840.0,103.01,102.10,103.91
860.0,103.19,102.19,104.18
880.0,102.26,101.48,103.04
900.0,102.47,101.83,103.11
920.0,102.47,101.45,103.48
940.0,102.47,101.64,103.31
960.0,102.86,101.85,103.87
980.0,103.34,102.32,104.35
1000.0,103.11,101.92,104.30
1020.0,103.39,102.66,104.12
1040.0,102.50,101.60,103.39
1060.0,102.72,101.96,103.49
1080.0,102.15,101.28,103.02
1100.0,102.96,102.01,103.90
1120.0,102.83,102.12,103.53
1140.0,101.82,100.98,102.65
1160.0,101.19,100.24,102.14
1180.0,102.39,101.49,103.30
1200.0,101.86,101.02,102.70
1220.0,102.73,101.70,103.75
1240.0,102.90,102.03,103.77
1260.0,102.62,101.87,103.37
1280.0,102.10,101.32,102.87
1300.0,102.22,101.54,102.90
1320.0,101.47,100.73,102.20
1340.0,102.50,101.58,103.43
1360.0,102.64,101.69,103.58
1380.0,101.64,100.83,102.45
1400.0,102.16,101.18,103.14
1420.0,102.09,101.18,102.99
1440.0,101.82,101.06,102.59
1460.0,102.06,101.17,102.96
1480.0,102.69,101.70,103.68
1500.0,102.44,101.53,103.35
1520.0,102.78,102.00,103.55
1540.0,101.79,100.94,102.64
1560.0,102.64,101.65,103.64
1580.0,102.69,101.87,103.52
1600.0,102.40,101.57,103.23
1620.0,101.02,100.10,101.94
1640.0,102.24,101.35,103.13
1660.0,102.19,101.23,103.15
1680.0,102.21,101.21,103.21
1700.0,103.05,102.16,103.93
1720.0,102.45,101.55,103.35
1740.0,103.07,102.20,103.95
1760.0,102.76,101.78,103.73
1780.0,102.61,101.78,103.45
1800.0,102.29,101.43,103.16
1820.0,103.24,102.16,104.32
1840.0,102.05,101.28,102.83
1860.0,102.24,101.42,103.06
1880.0,101.88,101.02,102.73
1900.0,101.95,101.19,102.70
1920.0,102.60,101.85,103.36
1940.0,102.20,101.43,102.97
1960.0,102.11,101.27,102.95
1980.0,102.02,101.23,102.80
2000.0,101.88,101.25,102.52
2020.0,102.00,101.23,102.77
2040.0,102.15,101.24,103.05
2060.0,101.85,101.15,102.56
2080.0,101.42,100.59,102.25
2100.0,101.69,100.79,102.59
2120.0,101.56,100.76,102.37
2140.0,101.52,100.74,102.31
2160.0,101.97,101.15,102.80
2180.0,101.46,100.64,102.29
2200.0,101.40,100.56,102.24
2220.0,102.02,101.16,102.87
2240.0,101.17,100.42,101.92
2260.0,101.30,100.52,102.08
2280.0,101.48,100.72,102.23
2300.0,101.85,101.01,102.69
2320.0,100.55,99.77,101.33
2340.0,100.76,99.93,101.59
2360.0,101.84,100.95,102.72
2380.0,100.62,99.68,101.55
2400.0,101.04,100.03,102.06
2420.0,101.66,100.77,102.56
2440.0,101.17,100.35,101.99
2460.0,100.67,99.89,101.45
2480.0,101.29,100.55,102.03
2500.0,101.48,100.61,102.34
2520.0,100.77,99.92,101.63
2540.0,101.75,100.80,102.71
2560.0,101.00,100.11,101.89
2580.0,100.97,100.00,101.93
2600.0,101.72,100.86,102.57
2620.0,100.41,99.74,101.07
2640.0,100.60,99.86,101.33
2660.0,100.30,99.32,101.28
2680.0,100.79,99.92,101.65
2700.0,101.02,100.32,101.73
2720.0,101.30,100.31,102.30
2740.0,100.84,100.13,101.54
2760.0,100.36,99.44,101.27
2780.0,100.91,100.11,101.71
2800.0,100.86,99.97,101.75
2820.0,100.87,100.00,101.73
2840.0,100.88,100.05,101.71
2860.0,100.96,100.10,101.82
2880.0,100.16,99.28,101.05
2900.0,100.06,99.22,100.89
2920.0,100.70,99.77,101.63
2940.0,100.20,99.34,101.07
2960.0,101.57,100.54,102.59
2980.0,100.38,99.40,101.37
3000.0,100.54,99.62,101.45
3020.0,100.03,99.35,100.71
3040.0,100.84,99.97,101.70
3060.0,100.68,99.78,101.57
3080.0,100.87,100.00,101.73
3100.0,100.35,99.47,101.23
3120.0,100.56,99.80,101.32
3140.0,100.59,99.86,101.33
3160.0,101.44,100.53,102.35
3180.0,101.07,100.23,101.91
3200.0,101.00,100.16,101.84
3220.0,100.76,99.98,101.55
3240.0,100.31,99.56,101.06
3260.0,100.83,99.87,101.79
3280.0,100.02,99.28,100.75
3300.0,100.43,99.45,101.40
3320.0,100.19,99.03,101.34
3340.0,100.04,99.06,101.02
3360.0,100.36,99.51,101.21
3380.0,100.15,99.17,101.12
3400.0,100.55,99.71,101.40
3420.0,101.14,100.21,102.07
3440.0,100.61,99.83,101.39
3460.0,100.55,99.63,101.48
3480.0,100.03,99.06,101.00
3500.0,100.55,99.74,101.36
3520.0,100.55,99.75,101.35
3540.0,100.18,99.32,101.05
3560.0,100.13,99.15,101.11
3580.0,100.87,99.89,101.84
3600.0,101.08,100.23,101.93
3620.0,101.05,100.17,101.93
3640.0,100.49,99.57,101.41
3660.0,100.49,99.78,101.20
3680.0,100.90,99.89,101.91
3700.0,99.98,99.10,100.86
3720.0,100.04,99.24,100.84
3740.0,100.70,99.93,101.47
3760.0,99.92,99.09,100.75
3780.0,100.09,99.34,100.84
3800.0,100.09,99.20,100.97
3820.0,100.43,99.60,101.26
3840.0,100.45,99.55,101.34
3860.0,100.03,99.08,100.98
3880.0,100.05,99.19,100.92
3900.0,100.15,99.26,101.04
3920.0,100.00,99.21,100.79
3940.0,100.50,99.56,101.44
3960.0,99.81,99.03,100.59
3980.0,100.32,99.40,101.25
4000.0,99.94,99.12,100.75
4020.0,100.37,99.46,101.29
4040.0,100.20,99.52,100.89
4060.0,99.44,98.60,100.27
4080.0,100.25,99.26,101.25
4100.0,100.62,99.75,101.49
4120.0,98.83,98.07,99.60
4140.0,99.95,98.94,100.97
4160.0,100.05,99.06,101.04
4180.0,100.01,99.06,100.95
4200.0,100.06,99.39,100.74
4220.0,99.24,98.38,100.10
4240.0,99.52,98.65,100.38
4260.0,99.28,98.44,100.12
4280.0,99.05,98.26,99.84
4300.0,99.95,99.01,100.89
4320.0,99.21,98.13,100.28
4340.0,99.49,98.68,100.30
4360.0,100.15,99.10,101.20
4380.0,100.23,99.33,101.12
4400.0,99.82,98.93,100.70
4420.0,98.87,98.03,99.70
4440.0,99.50,98.52,100.47
4460.0,98.75,97.96,99.54
4480.0,100.14,99.25,101.03
4500.0,99.88,98.89,100.86
4520.0,99.22,98.38,100.06
4540.0,99.22,98.26,100.18
4560.0,99.29,98.25,100.33
4580.0,99.47,98.63,100.31
4600.0,99.47,98.72,100.23
4620.0,99.06,98.11,100.01
4640.0,99.45,98.69,100.22
4660.0,99.00,98.17,99.83
4680.0,98.94,98.03,99.84
4700.0,99.35,98.49,100.20
4720.0,99.50,98.56,100.44
4740.0,98.87,98.02,99.71
4760.0,99.93,99.07,100.78
4780.0,98.77,97.85,99.68
4800.0,99.24,98.46,100.02
4820.0,98.75,97.87,99.63
4840.0,99.66,98.77,100.56
4860.0,99.60,98.86,100.35
4880.0,98.40,97.57,99.23
4900.0,98.06,97.14,98.98
4920.0,99.27,98.52,100.01
4940.0,98.71,97.91,99.52
4960.0,99.05,98.18,99.92
4980.0,98.45,97.58,99.32
5000.0,98.80,97.83,99.77
