trial,mean,ci_down,ci_up
0.0,0.00,0.00,0.00
20.0,21.89,21.20,22.58
40.0,38.58,37.62,39.53
60.0,54.12,53.09,55.14
80.0,67.93,66.79,69.08
100.0,80.86,79.63,82.09
120.0,93.77,92.45,95.09
140.0,104.87,103.51,106.23
160.0,117.14,115.52,118.75
180.0,129.62,127.88,131.36
200.0,141.31,139.54,143.07
220.0,152.18,150.41,153.94
240.0,162.91,161.02,164.79
260.0,172.88,170.87,174.88
280.0,182.51,180.67,184.35
300.0,191.23,189.34,193.12
320.0,200.46,198.43,202.48
340.0,210.06,207.95,212.18
360.0,219.08,216.92,221.24
380.0,227.22,225.06,229.39
400.0,235.67,233.42,237.92
420.0,244.25,241.84,246.65
440.0,252.85,250.35,255.35
460.0,261.61,259.11,264.11
480.0,269.28,266.76,271.79
500.0,276.24,273.65,278.84
520.0,282.79,280.16,285.42
540.0,289.80,287.11,292.50
560.0,296.56,293.75,299.38
580.0,303.59,300.74,306.43
600.0,310.13,307.25,313.00
620.0,315.81,312.90,318.72
640.0,321.75,318.86,324.64
660.0,327.72,324.72,330.73
680.0,333.82,330.81,336.82
700.0,340.04,337.06,343.02
720.0,346.01,342.95,349.06
740.0,351.87,348.89,354.85
760.0,356.80,353.81,359.80
780.0,362.05,359.05,365.04
800.0,367.29,364.19,370.38
820.0,371.81,368.84,374.78
840.0,376.84,373.83,379.85
860.0,381.63,378.53,384.72
880.0,386.63,383.42,389.83
900.0,391.28,387.99,394.57
920.0,396.50,393.25,399.75
940.0,401.72,398.50,404.94
960.0,406.16,403.07,409.25
980.0,410.57,407.46,413.68
1000.0,414.54,411.44,417.63
1020.0,418.71,415.56,421.85
1040.0,422.85,419.71,425.99
1060.0,427.03,423.90,430.16
1080.0,431.09,428.00,434.17
1100.0,435.10,431.99,438.20
1120.0,439.42,436.33,442.51
1140.0,443.99,440.88,447.09
1160.0,447.94,444.82,451.06
1180.0,451.92,448.80,455.05
1200.0,455.87,452.83,458.91
1220.0,459.30,456.44,462.16
1240.0,462.26,459.56,464.97
1260.0,465.42,462.87,467.97
1280.0,468.29,465.90,470.68
1300.0,470.73,468.52,472.94
1320.0,473.21,471.17,475.25
1340.0,475.20,473.33,477.06
1360.0,477.10,475.36,478.85
1380.0,479.14,477.57,480.71
1400.0,480.65,479.13,482.16
1420.0,481.95,480.42,483.48
1440.0,483.31,481.80,484.82
1460.0,484.40,482.89,485.91
1480.0,485.48,483.97,486.99
1500.0,486.44,484.92,487.95
1520.0,487.44,485.92,488.96
1540.0,488.41,486.88,489.94
1560.0,489.35,487.81,490.88
1580.0,490.27,488.71,491.82
1600.0,491.20,489.62,492.77
1620.0,492.25,490.67,493.84
1640.0,493.35,491.77,494.92
1660.0,494.37,492.75,496.00
1680.0,495.24,493.61,496.86
1700.0,496.54,494.92,498.17
1720.0,497.42,495.76,499.08
1740.0,498.33,496.66,500.00
1760.0,499.31,497.62,501.00
1780.0,500.30,498.60,502.00
1800.0,501.34,499.65,503.03
1820.0,502.63,500.91,504.35
1840.0,503.54,501.82,505.27
1860.0,504.68,502.92,506.44
1880.0,505.62,503.85,507.39
1900.0,506.68,504.87,508.49
1920.0,507.62,505.76,509.48
1940.0,508.60,506.73,510.47
1960.0,509.60,507.69,511.51
1980.0,510.47,508.58,512.36
2000.0,511.35,509.46,513.23
2020.0,512.20,510.29,514.11
2040.0,513.01,511.08,514.95
2060.0,513.97,512.01,515.92
2080.0,514.84,512.84,516.84
2100.0,515.69,513.68,517.70
2120.0,516.50,514.47,518.52
2140.0,517.30,515.28,519.32
2160.0,518.15,516.11,520.19
2180.0,519.07,517.01,521.14
2200.0,519.91,517.81,522.00
2220.0,520.98,518.88,523.08
2240.0,521.91,519.77,524.05
2260.0,522.76,520.64,524.89
2280.0,523.73,521.63,525.84
2300.0,524.65,522.55,526.75
2320.0,525.56,523.45,527.67
2340.0,526.24,524.15,528.33
2360.0,527.14,525.02,529.25
2380.0,527.99,525.81,530.16
2400.0,528.69,526.50,530.88
2420.0,529.42,527.23,531.61
2440.0,530.24,528.05,532.42
2460.0,531.09,528.88,533.29
2480.0,531.78,529.53,534.04
2500.0,532.46,530.19,534.72
2520.0,533.03,530.78,535.29
2540.0,533.84,531.55,536.12
2560.0,534.73,532.46,537.01
2580.0,535.31,533.03,537.59
2600.0,536.12,533.82,538.41
2620.0,536.92,534.65,539.18
2640.0,537.66,535.39,539.93
2660.0,538.38,536.08,540.68
2680.0,539.20,536.92,541.49
2700.0,539.94,537.65,542.24
2720.0,540.62,538.34,542.90
2740.0,541.31,539.02,543.60
2760.0,541.89,539.60,544.18
2780.0,542.67,540.39,544.96
2800.0,543.36,541.08,545.64
2820.0,544.09,541.80,546.38
2840.0,544.79,542.53,547.05
2860.0,545.54,543.26,547.82
2880.0,546.18,543.89,548.48
2900.0,546.84,544.52,549.15
2920.0,547.67,545.30,550.03
2940.0,548.30,545.92,550.68
2960.0,548.91,546.55,551.27
2980.0,549.52,547.18,551.87
3000.0,550.14,547.79,552.49
3020.0,550.69,548.36,553.02
3040.0,551.35,548.99,553.71
3060.0,551.99,549.64,554.34
3080.0,552.39,550.03,554.76
3100.0,552.95,550.59,555.31
3120.0,553.63,551.28,555.99
3140.0,554.26,551.90,556.63
3160.0,554.97,552.58,557.35
3180.0,555.51,553.12,557.90
3200.0,556.03,553.61,558.45
3220.0,556.65,554.22,559.07
3240.0,557.22,554.77,559.68
3260.0,557.74,555.30,560.18
3280.0,558.29,555.84,560.75
3300.0,558.90,556.42,561.38
3320.0,559.48,556.96,561.99
3340.0,560.00,557.48,562.52
3360.0,560.56,558.03,563.09
3380.0,561.28,558.74,563.82
3400.0,561.93,559.36,564.49
3420.0,562.50,559.93,565.06
3440.0,563.08,560.51,565.65
3460.0,563.61,561.07,566.16
3480.0,564.17,561.64,566.70
3500.0,564.85,562.35,567.35
3520.0,565.33,562.84,567.83
3540.0,566.01,563.52,568.50
3560.0,566.48,563.99,568.98
3580.0,567.12,564.59,569.64
3600.0,567.56,565.02,570.09
3620.0,568.14,565.60,570.69
3640.0,568.67,566.11,571.23
3660.0,569.22,566.64,571.80
3680.0,569.72,567.14,572.30
3700.0,570.34,567.77,572.91
3720.0,570.98,568.41,573.55
3740.0,571.53,568.98,574.08
3760.0,572.17,569.61,574.72
3780.0,572.74,570.19,575.28
3800.0,573.39,570.85,575.92
3820.0,573.89,571.36,576.43
3840.0,574.55,572.01,577.09
3860.0,575.01,572.47,577.56
3880.0,575.54,572.97,578.12
3900.0,576.11,573.48,578.74
3920.0,576.71,574.09,579.34
3940.0,577.23,574.62,579.84
3960.0,577.75,575.14,580.36
3980.0,578.33,575.73,580.94
4000.0,578.79,576.18,581.40
4020.0,579.34,576.71,581.97
4040.0,579.96,577.32,582.59
4060.0,580.51,577.85,583.17
4080.0,580.97,578.28,583.65
4100.0,581.62,578.95,584.28
4120.0,582.12,579.44,584.81
4140.0,582.65,579.94,585.35
4160.0,583.21,580.52,585.90
4180.0,583.66,580.97,586.35
4200.0,584.18,581.47,586.89
4220.0,584.72,582.01,587.43
4240.0,585.14,582.44,587.85
4260.0,585.57,582.87,588.28
4280.0,586.17,583.48,588.86
4300.0,586.64,583.96,589.32
4320.0,587.21,584.51,589.91
4340.0,587.64,584.93,590.35
4360.0,588.01,585.30,590.72
4380.0,588.44,585.74,591.13
4400.0,588.90,586.23,591.58
4420.0,589.41,586.69,592.13
4440.0,589.97,587.24,592.70
4460.0,590.50,587.76,593.24
4480.0,590.93,588.17,593.69
4500.0,591.32,588.54,594.10
4520.0,591.83,589.06,594.60
4540.0,592.28,589.52,595.04
4560.0,592.62,589.84,595.40
4580.0,593.08,590.31,595.85
4600.0,593.65,590.90,596.39
4620.0,594.10,591.34,596.85
4640.0,594.54,591.79,597.28
4660.0,595.04,592.32,597.76
4680.0,595.52,592.80,598.24
4700.0,595.91,593.17,598.65
4720.0,596.33,593.58,599.07
4740.0,596.78,594.01,599.54
4760.0,597.18,594.40,599.97
4780.0,597.71,594.91,600.52
4800.0,598.11,595.31,600.91
4820.0,598.50,595.70,601.31
4840.0,598.97,596.17,601.77
4860.0,599.27,596.48,602.07
4880.0,599.66,596.86,602.46
4900.0,600.05,597.26,602.85
4920.0,600.47,597.69,603.25
4940.0,600.92,598.13,603.70
4960.0,601.39,598.63,604.15
4980.0,601.82,599.06,604.58
5000.0,602.30,599.52,605.07
