trial,mean,ci_down,ci_up
0.0,0.00,0.00,0.00
20.0,796.00,741.72,850.28
40.0,1779.88,1716.38,1843.37
60.0,2779.88,2716.38,2843.37
80.0,3779.88,3716.38,3843.37
100.0,4779.88,4716.38,4843.37
120.0,5779.88,5716.38,5843.37
140.0,6779.88,6716.38,6843.37
160.0,7779.88,7716.38,7843.37
180.0,8779.88,8716.38,8843.37
200.0,9779.88,9716.38,9843.37
220.0,10779.88,10716.38,10843.37
240.0,11779.88,11716.38,11843.37
260.0,12779.88,12716.38,12843.37
280.0,13779.88,13716.38,13843.37
300.0,14779.88,14716.38,14843.37
320.0,15779.88,15716.38,15843.37
340.0,16779.88,16716.38,16843.37
360.0,17779.88,17716.38,17843.37
380.0,18779.88,18716.38,18843.37
400.0,19779.88,19716.38,19843.37
420.0,20779.88,20716.38,20843.37
440.0,21779.88,21716.38,21843.37
460.0,22779.88,22716.38,22843.37
480.0,23779.88,23716.38,23843.37
500.0,24779.88,24716.38,24843.37
520.0,25779.88,25716.38,25843.37
540.0,26779.88,26716.38,26843.37
560.0,27779.88,27716.38,27843.37
580.0,28779.88,28716.38,28843.37
600.0,29779.88,29716.38,29843.37
620.0,30779.88,30716.38,30843.37
640.0,31779.88,31716.38,31843.37
660.0,32779.88,32716.38,32843.37
680.0,33779.88,33716.38,33843.37
700.0,34779.88,34716.38,34843.37
720.0,35779.88,35716.38,35843.37
740.0,36779.88,36716.38,36843.37
760.0,37779.88,37716.38,37843.37
780.0,38779.88,38716.38,38843.37
800.0,39779.88,39716.38,39843.37
820.0,40779.88,40716.38,40843.37
840.0,41779.88,41716.38,41843.37
860.0,42779.88,42716.38,42843.37
880.0,43779.88,43716.38,43843.37
900.0,44779.88,44716.38,44843.37
920.0,45779.88,45716.38,45843.37
940.0,46779.88,46716.38,46843.37
960.0,47779.88,47716.38,47843.37
980.0,48779.88,48716.38,48843.37
1000.0,49779.88,49716.38,49843.37
1020.0,50779.88,50716.38,50843.37
1040.0,51779.88,51716.38,51843.37
1060.0,52779.88,52716.38,52843.37
1080.0,53779.88,53716.38,53843.37
1100.0,54779.88,54716.38,54843.37
1120.0,55779.88,55716.38,55843.37
1140.0,56779.88,56716.38,56843.37
1160.0,57779.88,57716.38,57843.37
1180.0,58779.88,58716.38,58843.37
1200.0,59779.88,59716.38,59843.37
1220.0,60779.88,60716.38,60843.37
1240.0,61779.88,61716.38,61843.37
1260.0,62779.88,62716.38,62843.37
1280.0,63779.88,63716.38,63843.37
1300.0,64779.88,64716.38,64843.37
1320.0,65779.88,65716.38,65843.37
1340.0,66779.88,66716.38,66843.37
1360.0,67779.88,67716.38,67843.37
1380.0,68779.88,68716.38,68843.37
1400.0,69779.88,69716.38,69843.37
1420.0,70779.88,70716.38,70843.37
1440.0,71779.88,71716.38,71843.37
1460.0,72779.88,72716.38,72843.37
1480.0,73779.88,73716.38,73843.37
1500.0,74779.88,74716.38,74843.37
1520.0,75779.88,75716.38,75843.37
1540.0,76779.88,76716.38,76843.37
1560.0,77779.88,77716.38,77843.37
1580.0,78779.88,78716.38,78843.37
1600.0,79779.88,79716.38,79843.37
1620.0,80779.88,80716.38,80843.37
1640.0,81779.88,81716.38,81843.37
1660.0,82779.88,82716.38,82843.37
1680.0,83779.88,83716.38,83843.37
1700.0,84779.88,84716.38,84843.37
1720.0,85779.88,85716.38,85843.37
1740.0,86779.88,86716.38,86843.37
1760.0,87779.88,87716.38,87843.37
1780.0,88779.88,88716.38,88843.37
1800.0,89779.88,89716.38,89843.37
1820.0,90779.88,90716.38,90843.37
1840.0,91779.88,91716.38,91843.37
1860.0,92779.88,92716.38,92843.37
1880.0,93779.88,93716.38,93843.37
1900.0,94779.88,94716.38,94843.37
1920.0,95779.88,95716.38,95843.37
1940.0,96779.88,96716.38,96843.37
1960.0,97779.88,97716.38,97843.37
1980.0,98779.88,98716.38,98843.37
2000.0,99779.88,99716.38,99843.37
2020.0,100779.88,100716.38,100843.37
2040.0,101779.88,101716.38,101843.37
2060.0,102779.88,102716.38,102843.37
2080.0,103779.88,103716.38,103843.37
2100.0,104779.88,104716.38,104843.37
2120.0,105779.88,105716.38,105843.37
2140.0,106779.88,106716.38,106843.37
2160.0,107779.88,107716.38,107843.37
2180.0,108779.88,108716.38,108843.37
2200.0,109779.88,109716.38,109843.37
2220.0,110779.88,110716.38,110843.37
2240.0,111779.88,111716.38,111843.37
2260.0,112779.88,112716.38,112843.37
2280.0,113779.88,113716.38,113843.37
2300.0,114779.88,114716.38,114843.37
2320.0,115779.88,115716.38,115843.37
2340.0,116779.88,116716.38,116843.37
2360.0,117779.88,117716.38,117843.37
2380.0,118779.88,118716.38,118843.37
2400.0,119779.88,119716.38,119843.37
2420.0,120779.88,120716.38,120843.37
2440.0,121779.88,121716.38,121843.37
2460.0,122779.88,122716.38,122843.37
2480.0,123779.88,123716.38,123843.37
2500.0,124779.88,124716.38,124843.37
2520.0,125779.88,125716.38,125843.37
2540.0,126779.88,126716.38,126843.37
2560.0,127779.88,127716.38,127843.37
2580.0,128779.88,128716.38,128843.37
2600.0,129779.88,129716.38,129843.37
2620.0,130779.88,130716.38,130843.37
2640.0,131779.88,131716.38,131843.37
2660.0,132779.88,132716.38,132843.37
2680.0,133779.88,133716.38,133843.37
2700.0,134779.88,134716.38,134843.37
2720.0,135779.88,135716.38,135843.37
2740.0,136779.88,136716.38,136843.37
2760.0,137779.88,137716.38,137843.37
2780.0,138779.88,138716.38,138843.37
2800.0,139779.88,139716.38,139843.37
2820.0,140779.88,140716.38,140843.37
2840.0,141779.88,141716.38,141843.37
2860.0,142779.88,142716.38,142843.37
2880.0,143779.88,143716.38,143843.37
2900.0,144779.88,144716.38,144843.37
2920.0,145779.88,145716.38,145843.37
2940.0,146779.88,146716.38,146843.37
2960.0,147779.88,147716.38,147843.37
2980.0,148779.88,148716.38,148843.37
3000.0,149779.88,149716.38,149843.37
3020.0,150779.88,150716.38,150843.37
3040.0,151779.88,151716.38,151843.37
3060.0,152779.88,152716.38,152843.37
3080.0,153779.88,153716.38,153843.37
3100.0,154779.88,154716.38,154843.37
3120.0,155779.88,155716.38,155843.37
3140.0,156779.88,156716.38,156843.37
3160.0,157779.88,157716.38,157843.37
3180.0,158779.88,158716.38,158843.37
3200.0,159779.88,159716.38,159843.37
3220.0,160779.88,160716.38,160843.37
3240.0,161779.88,161716.38,161843.37
3260.0,162779.88,162716.38,162843.37
3280.0,163779.88,163716.38,163843.37
3300.0,164779.88,164716.38,164843.37
3320.0,165779.88,165716.38,165843.37
3340.0,166779.88,166716.38,166843.37
3360.0,167779.88,167716.38,167843.37
3380.0,168779.88,168716.38,168843.37
3400.0,169779.88,169716.38,169843.37
3420.0,170779.88,170716.38,170843.37
3440.0,171779.88,171716.38,171843.37
3460.0,172779.88,172716.38,172843.37
3480.0,173779.88,173716.38,173843.37
3500.0,174779.88,174716.38,174843.37
3520.0,175779.88,175716.38,175843.37
3540.0,176779.88,176716.38,176843.37
3560.0,177779.88,177716.38,177843.37
3580.0,178779.88,178716.38,178843.37
3600.0,179779.88,179716.38,179843.37
3620.0,180779.88,180716.38,180843.37
3640.0,181779.88,181716.38,181843.37
3660.0,182779.88,182716.38,182843.37
3680.0,183779.88,183716.38,183843.37
3700.0,184779.88,184716.38,184843.37
3720.0,185779.88,185716.38,185843.37
3740.0,186779.88,186716.38,186843.37
3760.0,187779.88,187716.38,187843.37
3780.0,188779.88,188716.38,188843.37
3800.0,189779.88,189716.38,189843.37
3820.0,190779.88,190716.38,190843.37
3840.0,191779.88,191716.38,191843.37
3860.0,192779.88,192716.38,192843.37
3880.0,193779.88,193716.38,193843.37
3900.0,194779.88,194716.38,194843.37
3920.0,195779.88,195716.38,195843.37
3940.0,196779.88,196716.38,196843.37
3960.0,197779.88,197716.38,197843.37
3980.0,198779.88,198716.38,198843.37
4000.0,199779.88,199716.38,199843.37
4020.0,200779.88,200716.38,200843.37
4040.0,201779.88,201716.38,201843.37
4060.0,202779.88,202716.38,202843.37
4080.0,203779.88,203716.38,203843.37
4100.0,204779.88,204716.38,204843.37
4120.0,205779.88,205716.38,205843.37
4140.0,206779.88,206716.38,206843.37
4160.0,207779.88,207716.38,207843.37
4180.0,208779.88,208716.38,208843.37
4200.0,209779.88,209716.38,209843.37
4220.0,210779.88,210716.38,210843.37
4240.0,211779.88,211716.38,211843.37
4260.0,212779.88,212716.38,212843.37
4280.0,213779.88,213716.38,213843.37
4300.0,214779.88,214716.38,214843.37
4320.0,215779.88,215716.38,215843.37
4340.0,216779.88,216716.38,216843.37
4360.0,217779.88,217716.38,217843.37
4380.0,218779.88,218716.38,218843.37
4400.0,219779.88,219716.38,219843.37
4420.0,220779.88,220716.38,220843.37
4440.0,221779.88,221716.38,221843.37
4460.0,222779.88,222716.38,222843.37
4480.0,223779.88,223716.38,223843.37
4500.0,224779.88,224716.38,224843.37
4520.0,225779.88,225716.38,225843.37
4540.0,226779.88,226716.38,226843.37
4560.0,227779.88,227716.38,227843.37
4580.0,228779.88,228716.38,228843.37
4600.0,229779.88,229716.38,229843.37
4620.0,230779.88,230716.38,230843.37
4640.0,231779.88,231716.38,231843.37
4660.0,232779.88,232716.38,232843.37
4680.0,233779.88,233716.38,233843.37
4700.0,234779.88,234716.38,234843.37
4720.0,235779.88,235716.38,235843.37
4740.0,236779.88,236716.38,236843.37
4760.0,237779.88,237716.38,237843.37
4780.0,238779.88,238716.38,238843.37
4800.0,239779.88,239716.38,239843.37
4820.0,240779.88,240716.38,240843.37
4840.0,241779.88,241716.38,241843.37
4860.0,242779.88,242716.38,242843.37
4880.0,243779.88,243716.38,243843.37
4900.0,244779.88,244716.38,244843.37
4920.0,245779.88,245716.38,245843.37
4940.0,246779.88,246716.38,246843.37
4960.0,247779.88,247716.38,247843.37
4980.0,248779.88,248716.38,248843.37
5000.0,249779.88,249716.38,249843.37
