trial,mean,ci_down,ci_up
0.0,3.82,3.41,4.22
20.0,9.29,8.61,9.96
40.0,16.47,15.41,17.53
60.0,26.18,24.70,27.66
80.0,38.31,36.37,40.24
100.0,52.08,49.72,54.44
120.0,66.73,63.95,69.52
140.0,83.22,80.00,86.45
160.0,101.41,97.64,105.18
180.0,121.90,117.31,126.49
200.0,143.55,138.30,148.80
220.0,166.12,160.20,172.05
240.0,189.69,183.54,195.85
260.0,214.80,208.13,221.46
280.0,240.63,233.56,247.70
300.0,269.04,261.21,276.87
320.0,297.39,288.78,306.00
340.0,327.90,318.28,337.51
360.0,359.55,349.24,369.86
380.0,390.92,380.02,401.82
400.0,424.84,412.95,436.73
420.0,458.98,446.39,471.57
440.0,493.16,479.97,506.35
460.0,528.35,514.42,542.27
480.0,564.88,550.30,579.46
500.0,600.78,585.30,616.25
520.0,639.82,623.51,656.12
540.0,678.67,662.02,695.33
560.0,718.04,700.64,735.44
580.0,758.16,739.79,776.54
600.0,799.18,780.14,818.23
620.0,841.12,821.14,861.11
640.0,883.08,862.54,903.62
660.0,924.51,903.28,945.74
680.0,967.94,945.67,990.21
700.0,1011.96,989.10,1034.81
720.0,1055.59,1031.78,1079.41
740.0,1100.06,1075.05,1125.08
760.0,1145.57,1119.77,1171.37
780.0,1190.27,1163.55,1216.98
800.0,1236.49,1208.88,1264.10
820.0,1281.65,1253.08,1310.22
840.0,1326.67,1297.25,1356.10
860.0,1374.22,1343.93,1404.52
880.0,1422.31,1391.21,1453.40
900.0,1469.53,1437.67,1501.39
920.0,1517.29,1484.38,1550.19
940.0,1565.96,1532.58,1599.34
960.0,1615.04,1580.85,1649.23
980.0,1663.14,1628.17,1698.12
1000.0,1712.20,1676.51,1747.90
1020.0,1762.63,1725.99,1799.28
1040.0,1812.33,1775.00,1849.65
1060.0,1862.98,1824.87,1901.09
1080.0,1913.22,1873.99,1952.46
1100.0,1964.69,1924.55,2004.83
1120.0,2016.22,1975.30,2057.15
1140.0,2067.39,2025.67,2109.10
1160.0,2119.06,2076.38,2161.74
1180.0,2172.71,2129.21,2216.22
1200.0,2226.00,2181.93,2270.07
1220.0,2280.16,2235.28,2325.05
1240.0,2333.08,2287.41,2378.75
1260.0,2387.71,2341.21,2434.22
1280.0,2440.41,2393.20,2487.61
1300.0,2495.73,2447.65,2543.82
1320.0,2551.51,2502.55,2600.47
1340.0,2605.73,2555.96,2655.51
1360.0,2660.45,2609.63,2711.27
1380.0,2716.06,2664.23,2767.89
1400.0,2771.96,2719.26,2824.66
1420.0,2827.04,2773.38,2880.70
1440.0,2883.92,2829.36,2938.47
1460.0,2939.71,2884.53,2994.90
1480.0,2996.16,2940.43,3051.90
1500.0,3052.31,2995.64,3108.98
1520.0,3108.06,3050.60,3165.52
1540.0,3164.80,3106.60,3222.99
1560.0,3221.69,3162.80,3280.59
1580.0,3278.82,3219.31,3338.32
1600.0,3335.51,3275.26,3395.76
1620.0,3393.59,3332.41,3454.77
1640.0,3450.53,3388.42,3512.64
1660.0,3507.24,3444.36,3570.13
1680.0,3565.08,3501.43,3628.73
1700.0,3622.08,3557.85,3686.32
1720.0,3679.37,3614.22,3744.52
1740.0,3736.53,3670.70,3802.36
1760.0,3794.59,3728.22,3860.97
1780.0,3852.47,3785.84,3919.10
1800.0,3910.96,3843.73,3978.19
1820.0,3970.00,3901.85,4038.15
1840.0,4028.29,3959.82,4096.75
1860.0,4087.41,4018.50,4156.31
1880.0,4145.80,4076.47,4215.12
1900.0,4204.22,4134.17,4274.28
1920.0,4263.10,4192.33,4333.87
1940.0,4322.47,4251.46,4393.48
1960.0,4380.41,4308.61,4452.20
1980.0,4441.12,4368.83,4513.42
2000.0,4500.73,4427.90,4573.56
2020.0,4561.16,4487.93,4634.40
2040.0,4622.45,4548.49,4696.40
2060.0,4682.22,4608.06,4756.39
2080.0,4743.76,4669.45,4818.06
2100.0,4805.67,4730.98,4880.37
2120.0,4867.57,4792.19,4942.95
2140.0,4928.14,4852.19,5004.09
2160.0,4990.45,4914.02,5066.88
2180.0,5052.16,4975.19,5129.13
2200.0,5113.82,5036.39,5191.24
2220.0,5175.24,5097.45,5253.04
2240.0,5237.49,5158.59,5316.39
2260.0,5299.08,5219.57,5378.60
2280.0,5361.29,5280.78,5441.79
2300.0,5423.67,5342.41,5504.93
2320.0,5484.86,5402.84,5566.87
2340.0,5546.43,5463.76,5629.10
2360.0,5608.29,5524.98,5691.59
2380.0,5670.08,5586.29,5753.87
2400.0,5732.29,5647.75,5816.82
2420.0,5794.47,5709.33,5879.61
2440.0,5855.51,5769.66,5941.36
2460.0,5919.31,5833.08,6005.53
2480.0,5983.92,5896.65,6071.19
2500.0,6047.31,5959.25,6135.36
2520.0,6111.02,6021.96,6200.08
2540.0,6174.90,6084.98,6264.82
2560.0,6238.31,6147.57,6329.04
2580.0,6302.20,6210.89,6393.52
2600.0,6365.59,6273.88,6457.31
2620.0,6429.98,6338.21,6521.75
2640.0,6494.47,6402.44,6586.50
2660.0,6558.63,6466.26,6651.00
2680.0,6623.29,6530.87,6715.70
2700.0,6688.04,6595.44,6780.64
2720.0,6753.67,6660.56,6846.79
2740.0,6817.92,6724.55,6911.29
2760.0,6881.86,6788.19,6975.53
2780.0,6946.53,6852.34,7040.72
2800.0,7010.55,6915.88,7105.22
2820.0,7074.82,6979.72,7169.91
2840.0,7138.90,7043.54,7234.26
2860.0,7204.04,7108.36,7299.72
2880.0,7268.86,7173.24,7364.48
2900.0,7334.45,7238.51,7430.39
2920.0,7397.65,7301.56,7493.75
2940.0,7461.69,7365.07,7558.32
2960.0,7526.84,7430.29,7623.38
2980.0,7592.98,7496.28,7689.68
3000.0,7658.49,7561.61,7755.37
3020.0,7723.39,7625.83,7820.95
3040.0,7788.61,7690.69,7886.53
3060.0,7852.69,7754.33,7951.06
3080.0,7918.22,7819.70,8016.75
3100.0,7982.55,7883.54,8081.56
3120.0,8047.59,7948.33,8146.86
3140.0,8112.57,8013.14,8212.01
3160.0,8178.33,8078.52,8278.13
3180.0,8246.20,8146.04,8346.37
3200.0,8311.98,8211.32,8412.64
3220.0,8378.43,8277.56,8479.30
3240.0,8443.31,8342.00,8544.61
3260.0,8509.59,8408.17,8611.01
3280.0,8575.59,8473.70,8677.48
3300.0,8641.02,8538.81,8743.23
3320.0,8706.67,8603.84,8809.51
3340.0,8773.45,8670.30,8876.59
3360.0,8840.12,8736.70,8943.55
3380.0,8906.18,8802.39,9009.97
3400.0,8971.53,8867.66,9075.40
3420.0,9037.57,8933.42,9141.72
3440.0,9104.27,8999.25,9209.28
3460.0,9171.24,9065.73,9276.76
3480.0,9237.73,9131.46,9344.01
3500.0,9303.80,9197.22,9410.37
3520.0,9370.06,9262.93,9477.19
3540.0,9436.71,9329.46,9543.97
3560.0,9503.14,9395.62,9610.67
3580.0,9569.49,9461.93,9677.05
3600.0,9635.35,9527.69,9743.01
3620.0,9701.80,9594.29,9809.30
3640.0,9768.39,9660.87,9875.90
3660.0,9835.90,9728.23,9943.56
3680.0,9901.84,9794.02,10009.65
3700.0,9967.84,9859.87,10075.80
3720.0,10032.84,9925.09,10140.58
3740.0,10099.59,9991.46,10207.72
3760.0,10166.00,10057.52,10274.48
3780.0,10234.33,10125.25,10343.41
3800.0,10301.69,10192.34,10411.05
3820.0,10368.39,10258.67,10478.10
3840.0,10433.45,10323.35,10543.54
3860.0,10499.41,10388.93,10609.89
3880.0,10565.51,10454.77,10676.25
3900.0,10631.76,10520.97,10742.54
3920.0,10699.06,10588.12,10810.00
3940.0,10765.73,10654.61,10876.86
3960.0,10832.00,10720.56,10943.44
3980.0,10898.63,10786.83,11010.43
4000.0,10964.57,10852.46,11076.69
4020.0,11031.63,10919.15,11144.12
4040.0,11097.61,10984.69,11210.53
4060.0,11164.29,11050.91,11277.66
4080.0,11231.24,11117.37,11345.12
4100.0,11296.92,11182.59,11411.25
4120.0,11361.94,11247.34,11476.54
4140.0,11428.84,11313.70,11543.97
4160.0,11496.57,11381.13,11612.01
4180.0,11563.59,11447.93,11679.25
4200.0,11629.51,11513.31,11745.71
4220.0,11697.51,11580.80,11814.22
4240.0,11764.20,11647.15,11881.25
4260.0,11831.20,11713.65,11948.76
4280.0,11899.61,11781.63,12017.59
4300.0,11968.06,11849.95,12086.18
4320.0,12035.06,11916.57,12153.55
4340.0,12103.16,11984.27,12222.06
4360.0,12171.63,12052.82,12290.45
4380.0,12238.86,12119.71,12358.00
4400.0,12306.04,12186.95,12425.13
4420.0,12373.55,12253.97,12493.13
4440.0,12441.67,12321.76,12561.59
4460.0,12509.98,12390.02,12629.94
4480.0,12578.80,12458.51,12699.08
4500.0,12648.27,12527.98,12768.55
4520.0,12716.43,12595.70,12837.16
4540.0,12785.35,12664.41,12906.28
4560.0,12853.92,12732.48,12975.36
4580.0,12922.29,12800.56,13044.01
4600.0,12991.33,12869.25,13113.40
4620.0,13060.29,12938.09,13182.48
4640.0,13129.33,13006.97,13251.68
4660.0,13198.55,13076.11,13320.99
4680.0,13267.90,13145.06,13390.74
4700.0,13336.12,13213.37,13458.88
4720.0,13404.10,13280.71,13527.50
4740.0,13471.65,13347.95,13595.35
4760.0,13539.90,13415.76,13664.04
4780.0,13609.00,13484.47,13733.53
4800.0,13677.45,13552.86,13802.04
4820.0,13746.96,13622.13,13871.78
4840.0,13817.08,13691.69,13942.48
4860.0,13886.98,13761.22,14012.74
4880.0,13955.39,13829.20,14081.58
4900.0,14023.27,13896.50,14150.03
4920.0,14093.33,13966.17,14220.48
4940.0,14161.51,14034.03,14288.99
4960.0,14231.84,14103.77,14359.90
4980.0,14301.08,14172.43,14429.73
5000.0,14372.00,14242.79,14501.21
