trial,mean,ci_down,ci_up
0.0,55.99,52.98,59.01
20.0,124.47,119.78,129.17
40.0,200.98,195.40,206.56
60.0,285.85,279.54,292.17
80.0,372.40,365.82,378.97
100.0,462.96,455.85,470.08
120.0,555.88,548.50,563.27
140.0,649.17,641.62,656.72
160.0,743.08,734.96,751.19
180.0,838.82,830.03,847.61
200.0,935.42,926.62,944.23
220.0,1033.29,1024.55,1042.04
240.0,1132.70,1123.96,1141.44
260.0,1231.52,1222.73,1240.31
280.0,1331.73,1322.49,1340.97
300.0,1431.70,1422.14,1441.27
320.0,1533.03,1523.33,1542.72
340.0,1635.00,1625.15,1644.85
360.0,1736.59,1726.67,1746.50
380.0,1837.06,1827.04,1847.07
400.0,1939.27,1929.21,1949.34
420.0,2042.33,2032.18,2052.48
440.0,2144.77,2134.49,2155.04
460.0,2246.44,2235.90,2256.98
480.0,2349.23,2338.83,2359.64
500.0,2452.26,2441.66,2462.87
520.0,2555.75,2545.34,2566.17
540.0,2659.58,2649.08,2670.08
560.0,2762.96,2752.19,2773.74
580.0,2867.03,2856.25,2877.81
600.0,2970.98,2959.94,2982.01
620.0,3074.05,3062.85,3085.25
640.0,3176.95,3165.45,3188.45
660.0,3280.35,3268.73,3291.97
680.0,3384.53,3372.61,3396.44
700.0,3487.02,3475.07,3498.97
720.0,3590.02,3577.78,3602.27
740.0,3694.70,3682.18,3707.23
760.0,3797.85,3784.91,3810.78
780.0,3900.94,3887.75,3914.13
800.0,4004.60,3991.13,4018.07
820.0,4107.75,4094.08,4121.41
840.0,4211.15,4197.23,4225.07
860.0,4314.76,4300.48,4329.05
880.0,4418.31,4403.94,4432.68
900.0,4522.50,4508.25,4536.76
920.0,4625.13,4610.93,4639.33
940.0,4729.01,4714.49,4743.53
960.0,4831.84,4817.15,4846.53
980.0,4934.23,4919.12,4949.34
1000.0,5038.26,5023.01,5053.51
1020.0,5140.20,5124.64,5155.77
1040.0,5243.04,5227.17,5258.91
1060.0,5346.67,5330.55,5362.80
1080.0,5450.22,5433.77,5466.66
1100.0,5554.20,5537.34,5571.06
1120.0,5657.76,5640.64,5674.88
1140.0,5760.86,5743.49,5778.24
1160.0,5864.46,5846.71,5882.21
1180.0,5968.03,5949.99,5986.07
1200.0,6071.54,6053.31,6089.76
1220.0,6175.26,6156.93,6193.59
1240.0,6279.08,6260.49,6297.66
1260.0,6382.86,6364.08,6401.64
1280.0,6486.68,6467.45,6505.90
1300.0,6589.58,6569.98,6609.17
1320.0,6693.19,6673.24,6713.15
1340.0,6796.47,6776.03,6816.92
1360.0,6899.17,6878.31,6920.03
1380.0,7002.98,6981.69,7024.27
1400.0,7107.87,7086.25,7129.48
1420.0,7211.30,7189.27,7233.32
1440.0,7314.77,7292.32,7337.22
1460.0,7418.37,7395.78,7440.97
1480.0,7521.89,7498.97,7544.81
1500.0,7625.33,7601.91,7648.74
1520.0,7727.47,7703.72,7751.22
1540.0,7830.59,7806.48,7854.70
1560.0,7934.88,7910.57,7959.19
1580.0,8038.37,8013.87,8062.86
1600.0,8142.46,8117.70,8167.22
1620.0,8245.15,8220.04,8270.25
1640.0,8347.83,8322.35,8373.31
1660.0,8450.79,8424.99,8476.60
1680.0,8554.85,8528.85,8580.85
1700.0,8659.04,8632.71,8685.37
1720.0,8761.79,8735.10,8788.48
1740.0,8864.98,8838.08,8891.87
1760.0,8968.76,8941.53,8995.99
1780.0,9071.94,9044.37,9099.50
1800.0,9174.28,9146.43,9202.13
1820.0,9277.22,9249.11,9305.34
1840.0,9380.34,9351.90,9408.79
1860.0,9483.20,9454.48,9511.91
1880.0,9587.38,9558.44,9616.31
1900.0,9690.19,9660.96,9719.42
1920.0,9793.79,9764.17,9823.41
1940.0,9896.99,9866.95,9927.03
1960.0,9999.83,9969.51,10030.15
1980.0,10102.71,10072.02,10133.39
2000.0,10205.40,10174.52,10236.29
2020.0,10307.96,10276.84,10339.08
2040.0,10411.06,10379.51,10442.61
2060.0,10513.74,10481.92,10545.56
2080.0,10616.93,10584.72,10649.15
2100.0,10720.54,10688.03,10753.05
2120.0,10823.75,10791.03,10856.48
2140.0,10927.03,10894.06,10960.00
2160.0,11030.61,10997.47,11063.75
2180.0,11133.37,11099.99,11166.76
2200.0,11235.87,11202.00,11269.73
2220.0,11339.75,11305.37,11374.14
2240.0,11442.42,11407.63,11477.20
2260.0,11545.98,11510.79,11581.17
2280.0,11649.53,11614.09,11684.97
2300.0,11752.69,11716.87,11788.52
2320.0,11856.83,11820.85,11892.81
2340.0,11960.01,11923.55,11996.47
2360.0,12062.98,12026.22,12099.75
2380.0,12165.81,12128.67,12202.94
2400.0,12268.21,12230.72,12305.70
2420.0,12371.39,12333.56,12409.23
2440.0,12473.99,12435.62,12512.35
2460.0,12577.26,12538.59,12615.92
2480.0,12679.92,12640.81,12719.03
2500.0,12782.49,12742.83,12822.14
2520.0,12884.06,12844.09,12924.04
2540.0,12987.03,12946.57,13027.48
2560.0,13089.66,13048.59,13130.72
2580.0,13192.47,13151.09,13233.85
2600.0,13295.40,13253.64,13337.17
2620.0,13397.85,13355.66,13440.05
2640.0,13501.05,13458.31,13543.79
2660.0,13603.91,13560.86,13646.96
2680.0,13707.41,13664.04,13750.77
2700.0,13809.83,13765.83,13853.83
2720.0,13913.51,13869.11,13957.91
2740.0,14016.64,13971.67,14061.61
2760.0,14119.66,14074.20,14165.11
2780.0,14222.21,14176.29,14268.14
2800.0,14324.49,14277.99,14370.99
2820.0,14427.50,14380.53,14474.48
2840.0,14530.27,14482.97,14577.58
2860.0,14632.38,14584.65,14680.12
2880.0,14734.30,14686.06,14782.54
2900.0,14836.52,14787.91,14885.13
2920.0,14939.20,14889.92,14988.49
2940.0,15041.53,14992.05,15091.01
2960.0,15144.58,15094.63,15194.53
2980.0,15245.96,15195.76,15296.16
3000.0,15348.27,15297.55,15398.98
3020.0,15450.64,15399.34,15501.93
3040.0,15552.83,15501.14,15604.53
3060.0,15654.86,15602.67,15707.05
3080.0,15757.10,15704.51,15809.69
3100.0,15859.73,15806.68,15912.77
3120.0,15962.12,15908.75,16015.49
3140.0,16064.98,16011.09,16118.87
3160.0,16167.26,16112.90,16221.61
3180.0,16269.36,16214.66,16324.05
3200.0,16371.28,16316.05,16426.51
3220.0,16473.48,16417.74,16529.21
3240.0,16576.21,16520.05,16632.38
3260.0,16677.75,16621.23,16734.28
3280.0,16779.89,16723.01,16836.77
3300.0,16881.93,16824.64,16939.22
3320.0,16983.77,16926.06,17041.48
3340.0,17085.37,17027.20,17143.54
3360.0,17186.74,17127.88,17245.60
3380.0,17288.51,17229.08,17347.93
3400.0,17390.31,17330.36,17450.26
3420.0,17492.43,17432.04,17552.82
3440.0,17594.97,17534.01,17655.93
3460.0,17696.58,17635.11,17758.05
3480.0,17798.31,17736.39,17860.24
3500.0,17900.18,17837.71,17962.65
3520.0,18002.00,17938.89,18065.11
3540.0,18103.13,18039.59,18166.67
3560.0,18204.43,18140.54,18268.33
3580.0,18306.04,18241.57,18370.51
3600.0,18407.88,18342.85,18472.91
3620.0,18509.81,18444.16,18575.45
3640.0,18612.30,18546.13,18678.47
3660.0,18714.34,18647.68,18781.00
3680.0,18816.34,18749.18,18883.50
3700.0,18917.98,18850.19,18985.76
3720.0,19019.14,18950.91,19087.38
3740.0,19121.17,19052.50,19189.84
3760.0,19223.23,19154.04,19292.41
3780.0,19325.48,19255.67,19395.30
3800.0,19427.01,19356.72,19497.30
3820.0,19528.76,19458.04,19599.48
3840.0,19630.20,19559.15,19701.26
3860.0,19732.26,19660.63,19803.89
3880.0,19833.66,19761.58,19905.74
3900.0,19935.76,19863.27,20008.26
3920.0,20037.55,19964.57,20110.54
3940.0,20139.49,20066.10,20212.87
3960.0,20242.28,20168.31,20316.26
3980.0,20344.30,20269.81,20418.79
4000.0,20445.41,20370.57,20520.25
4020.0,20546.72,20471.58,20621.86
4040.0,20649.06,20573.43,20724.69
4060.0,20750.41,20674.25,20826.57
4080.0,20851.61,20774.96,20928.27
4100.0,20952.55,20875.29,21029.80
4120.0,21053.51,20975.96,21131.06
4140.0,21154.30,21076.24,21232.37
4160.0,21256.20,21177.56,21334.83
4180.0,21357.16,21278.06,21436.26
4200.0,21458.05,21378.65,21537.45
4220.0,21558.78,21479.05,21638.52
4240.0,21660.44,21580.18,21740.69
4260.0,21761.38,21680.73,21842.03
4280.0,21862.85,21781.80,21943.90
4300.0,21964.07,21882.53,22045.61
4320.0,22065.37,21983.34,22147.41
4340.0,22166.32,22083.72,22248.92
4360.0,22267.95,22185.01,22350.90
4380.0,22368.65,22285.40,22451.90
4400.0,22470.06,22386.37,22553.75
4420.0,22570.89,22486.76,22655.02
4440.0,22671.78,22587.31,22756.26
4460.0,22773.61,22688.75,22858.46
4480.0,22874.86,22789.69,22960.03
4500.0,22975.57,22890.02,23061.12
4520.0,23076.51,22990.59,23162.43
4540.0,23177.61,23091.36,23263.86
4560.0,23278.46,23191.76,23365.15
4580.0,23379.79,23292.70,23466.88
4600.0,23481.05,23393.53,23568.57
4620.0,23582.02,23494.11,23669.94
4640.0,23682.62,23594.44,23770.81
4660.0,23783.21,23694.70,23871.73
4680.0,23883.84,23794.98,23972.69
4700.0,23984.86,23895.63,24074.09
4720.0,24085.87,23996.16,24175.59
4740.0,24186.16,24096.22,24276.11
4760.0,24287.48,24197.10,24377.86
4780.0,24388.47,24297.61,24479.32
4800.0,24489.59,24398.35,24580.84
4820.0,24590.28,24498.57,24681.98
4840.0,24690.66,24598.77,24782.55
4860.0,24791.38,24699.11,24883.64
4880.0,24892.31,24799.55,24985.08
4900.0,24993.19,24899.90,25086.48
4920.0,25093.93,25000.13,25187.74
4940.0,25194.85,25100.61,25289.09
4960.0,25295.91,25201.38,25390.43
4980.0,25396.22,25301.40,25491.05
5000.0,25496.80,25401.58,25592.03
