trial,mean,ci_down,ci_up
0.0,3.82,3.33,4.30
20.0,5.47,4.64,6.30
40.0,7.18,6.29,8.08
60.0,9.71,8.73,10.70
80.0,12.12,10.97,13.28
100.0,13.78,12.46,15.09
120.0,14.65,13.41,15.89
140.0,16.49,15.13,17.85
160.0,18.18,16.71,19.66
180.0,20.49,18.66,22.32
200.0,21.65,20.00,23.30
220.0,22.57,20.65,24.49
240.0,23.57,22.18,24.96
260.0,25.10,23.32,26.88
280.0,25.84,24.12,27.55
300.0,28.41,26.38,30.44
320.0,28.35,26.62,30.07
340.0,30.51,28.12,32.90
360.0,31.65,29.65,33.65
380.0,31.37,29.48,33.26
400.0,33.92,31.93,35.91
420.0,34.14,32.21,36.07
440.0,34.18,32.28,36.09
460.0,35.18,33.10,37.27
480.0,36.53,34.54,38.52
500.0,35.90,34.01,37.78
520.0,39.04,37.00,41.08
540.0,38.86,37.09,40.63
560.0,39.37,36.93,41.81
580.0,40.12,38.11,42.14
600.0,41.02,38.90,43.15
620.0,41.94,39.69,44.19
640.0,41.96,40.09,43.82
660.0,41.43,39.31,43.55
680.0,43.43,41.16,45.69
700.0,44.02,42.16,45.88
720.0,43.63,41.68,45.59
740.0,44.47,42.42,46.52
760.0,45.51,43.52,47.50
780.0,44.69,42.78,46.61
800.0,46.22,44.40,48.05
820.0,45.16,43.01,47.31
840.0,45.02,43.12,46.93
860.0,47.55,45.62,49.48
880.0,48.08,46.07,50.09
900.0,47.22,45.06,49.39
920.0,47.76,45.62,49.89
940.0,48.67,46.81,50.54
960.0,49.08,46.94,51.22
980.0,48.10,46.27,49.94
1000.0,49.06,47.31,50.82
1020.0,50.43,48.35,52.51
1040.0,49.69,48.03,51.36
1060.0,50.65,48.59,52.71
1080.0,50.24,48.12,52.37
1100.0,51.47,49.41,53.53
1120.0,51.53,49.55,53.51
1140.0,51.16,48.93,53.40
1160.0,51.67,49.58,53.76
1180.0,53.65,51.44,55.86
1200.0,53.29,51.25,55.32
1220.0,54.16,52.06,56.26
1240.0,52.92,51.04,54.80
1260.0,54.63,52.60,56.67
1280.0,52.69,50.74,54.65
1300.0,55.33,53.31,57.34
1320.0,55.78,53.51,58.04
1340.0,54.22,51.90,56.54
1360.0,54.71,52.61,56.82
1380.0,55.61,53.35,57.87
1400.0,55.90,53.80,58.00
1420.0,55.08,53.15,57.01
1440.0,56.88,54.78,58.98
1460.0,55.80,53.94,57.65
1480.0,56.45,54.72,58.18
1500.0,56.14,54.27,58.01
1520.0,55.76,53.52,57.99
1540.0,56.73,54.72,58.75
1560.0,56.90,55.28,58.52
1580.0,57.12,55.20,59.04
1600.0,56.69,54.74,58.64
1620.0,58.08,56.05,60.11
1640.0,56.94,54.61,59.27
1660.0,56.71,54.51,58.92
1680.0,57.84,55.87,59.81
1700.0,57.00,55.03,58.97
1720.0,57.29,55.16,59.41
1740.0,57.16,55.23,59.10
1760.0,58.06,56.52,59.61
1780.0,57.88,56.19,59.57
1800.0,58.49,56.28,60.70
1820.0,59.04,56.88,61.20
1840.0,58.29,56.44,60.13
1860.0,59.12,57.22,61.03
1880.0,58.39,56.68,60.09
1900.0,58.43,56.56,60.29
1920.0,58.88,56.94,60.81
1940.0,59.37,57.48,61.26
1960.0,57.94,55.77,60.11
1980.0,60.71,58.74,62.69
2000.0,59.61,57.80,61.42
2020.0,60.43,58.33,62.52
2040.0,61.29,59.19,63.38
2060.0,59.78,57.84,61.71
2080.0,61.53,59.74,63.32
2100.0,61.92,60.13,63.71
2120.0,61.90,59.80,64.00
2140.0,60.57,58.65,62.50
2160.0,62.31,60.37,64.25
2180.0,61.71,59.98,63.45
2200.0,61.65,59.45,63.85
2220.0,61.43,59.63,63.22
2240.0,62.24,60.09,64.40
2260.0,61.59,59.64,63.54
2280.0,62.20,59.99,64.42
2300.0,62.39,60.62,64.16
2320.0,61.18,59.62,62.74
2340.0,61.57,59.41,63.73
2360.0,61.86,60.21,63.50
2380.0,61.80,60.14,63.45
2400.0,62.20,60.25,64.16
2420.0,62.18,60.20,64.16
2440.0,61.04,59.39,62.69
2460.0,63.80,62.18,65.41
2480.0,64.61,62.67,66.55
2500.0,63.39,61.66,65.12
2520.0,63.71,61.55,65.88
2540.0,63.88,61.49,66.26
2560.0,63.41,61.46,65.35
2580.0,63.90,62.27,65.53
2600.0,63.39,61.52,65.25
2620.0,64.39,62.83,65.95
2640.0,64.49,62.84,66.14
2660.0,64.16,62.78,65.54
2680.0,64.65,63.22,66.09
2700.0,64.76,63.35,66.16
2720.0,65.63,63.74,67.52
2740.0,64.24,62.69,65.80
2760.0,63.94,62.33,65.55
2780.0,64.67,62.79,66.55
2800.0,64.02,62.12,65.92
2820.0,64.27,62.47,66.06
2840.0,64.08,62.29,65.87
2860.0,65.14,63.67,66.62
2880.0,64.82,62.79,66.84
2900.0,65.59,63.68,67.50
2920.0,63.20,61.43,64.98
2940.0,64.04,62.27,65.81
2960.0,65.14,63.30,66.99
2980.0,66.14,64.07,68.21
3000.0,65.51,63.50,67.52
3020.0,64.90,63.07,66.72
3040.0,65.22,63.67,66.78
3060.0,64.08,62.22,65.95
3080.0,65.53,64.01,67.05
3100.0,64.33,62.51,66.14
3120.0,65.04,63.31,66.77
3140.0,64.98,62.97,66.99
3160.0,65.76,63.62,67.89
3180.0,67.88,66.34,69.41
3200.0,65.78,64.10,67.45
3220.0,66.45,64.76,68.14
3240.0,64.88,62.85,66.90
3260.0,66.29,64.67,67.90
3280.0,66.00,64.46,67.54
3300.0,65.43,63.85,67.00
3320.0,65.65,63.65,67.65
3340.0,66.78,65.24,68.31
3360.0,66.67,65.25,68.10
3380.0,66.06,64.12,68.00
3400.0,65.35,63.38,67.32
3420.0,66.04,64.55,67.53
3440.0,66.69,64.62,68.77
3460.0,66.98,65.23,68.73
3480.0,66.49,64.75,68.23
3500.0,66.06,64.39,67.73
3520.0,66.27,64.72,67.82
3540.0,66.65,64.92,68.38
3560.0,66.43,64.50,68.36
3580.0,66.35,64.61,68.09
3600.0,65.86,64.08,67.64
3620.0,66.45,64.41,68.48
3640.0,66.59,64.79,68.40
3660.0,67.51,66.05,68.97
3680.0,65.94,63.88,68.00
3700.0,66.00,64.30,67.70
3720.0,65.00,63.36,66.64
3740.0,66.76,64.95,68.56
3760.0,66.41,64.30,68.51
3780.0,68.33,66.17,70.48
3800.0,67.37,65.83,68.90
3820.0,66.69,64.83,68.56
3840.0,65.06,63.05,67.07
3860.0,65.96,63.97,67.95
3880.0,66.10,64.23,67.98
3900.0,66.24,64.51,67.97
3920.0,67.31,65.25,69.36
3940.0,66.67,64.86,68.49
3960.0,66.27,64.27,68.26
3980.0,66.63,64.56,68.70
4000.0,65.94,64.06,67.82
4020.0,67.06,65.07,69.05
4040.0,65.98,63.81,68.15
4060.0,66.67,64.58,68.77
4080.0,66.96,64.66,69.26
4100.0,65.67,63.46,67.89
4120.0,65.02,62.92,67.12
4140.0,66.90,64.97,68.82
4160.0,67.73,65.87,69.60
4180.0,67.02,64.93,69.11
4200.0,65.92,63.49,68.35
4220.0,68.00,65.92,70.08
4240.0,66.69,64.60,68.79
4260.0,67.00,65.22,68.78
4280.0,68.41,66.55,70.26
4300.0,68.45,66.66,70.24
4320.0,67.00,64.78,69.22
4340.0,68.10,66.15,70.05
4360.0,68.47,66.51,70.43
4380.0,67.22,65.24,69.21
4400.0,67.18,65.11,69.26
4420.0,67.51,65.22,69.80
4440.0,68.12,66.38,69.87
4460.0,68.31,66.71,69.90
4480.0,68.82,67.33,70.30
4500.0,69.47,67.57,71.37
4520.0,68.16,66.53,69.80
4540.0,68.92,67.07,70.76
4560.0,68.57,66.73,70.42
4580.0,68.37,66.36,70.38
4600.0,69.04,67.14,70.94
4620.0,68.96,66.95,70.97
4640.0,69.04,67.10,70.98
4660.0,69.22,67.52,70.93
4680.0,69.35,67.80,70.90
4700.0,68.22,66.64,69.81
4720.0,67.98,65.85,70.11
4740.0,67.55,65.64,69.46
4760.0,68.24,65.88,70.61
4780.0,69.10,67.04,71.16
4800.0,68.45,66.74,70.16
4820.0,69.51,68.03,70.99
4840.0,70.12,68.12,72.12
4860.0,69.90,68.33,71.47
4880.0,68.41,66.48,70.33
4900.0,67.88,65.79,69.97
4920.0,70.06,67.91,72.21
4940.0,68.18,66.19,70.18
4960.0,70.33,68.62,72.03
4980.0,69.24,67.21,71.28
5000.0,70.92,69.07,72.77
