trial,mean,ci_down,ci_up
0.0,3.82,3.41,4.22
20.0,5.47,4.78,6.16
40.0,7.18,6.44,7.93
60.0,9.71,8.89,10.54
80.0,12.12,11.16,13.09
100.0,13.78,12.68,14.87
120.0,14.65,13.62,15.69
140.0,16.49,15.36,17.62
160.0,18.18,16.95,19.41
180.0,20.49,18.96,22.02
200.0,21.65,20.28,23.03
220.0,22.57,20.97,24.17
240.0,23.57,22.41,24.73
260.0,25.10,23.62,26.58
280.0,25.84,24.41,27.27
300.0,28.41,26.71,30.10
320.0,28.35,26.91,29.79
340.0,30.51,28.52,32.50
360.0,31.65,29.98,33.32
380.0,31.37,29.79,32.94
400.0,33.92,32.26,35.58
420.0,34.14,32.53,35.75
440.0,34.18,32.60,35.77
460.0,35.18,33.45,36.92
480.0,36.53,34.87,38.19
500.0,35.90,34.33,37.47
520.0,39.04,37.34,40.74
540.0,38.86,37.38,40.33
560.0,39.37,37.33,41.40
580.0,40.12,38.44,41.80
600.0,41.02,39.25,42.79
620.0,41.94,40.06,43.82
640.0,41.96,40.40,43.51
660.0,41.43,39.66,43.20
680.0,43.43,41.54,45.32
700.0,44.02,42.47,45.58
720.0,43.63,42.00,45.26
740.0,44.47,42.76,46.18
760.0,45.51,43.85,47.17
780.0,44.69,43.09,46.29
800.0,46.22,44.70,47.75
820.0,45.16,43.37,46.96
840.0,45.02,43.43,46.61
860.0,47.55,45.94,49.16
880.0,48.08,46.40,49.76
900.0,47.22,45.42,49.03
920.0,47.76,45.97,49.54
940.0,48.67,47.12,50.23
960.0,49.08,47.29,50.87
980.0,48.10,46.57,49.63
1000.0,49.06,47.60,50.52
1020.0,50.43,48.69,52.16
1040.0,49.69,48.30,51.09
1060.0,50.65,48.94,52.37
1080.0,50.24,48.47,52.02
1100.0,51.47,49.75,53.19
1120.0,51.53,49.88,53.18
1140.0,51.16,49.30,53.03
1160.0,51.67,49.93,53.42
1180.0,53.65,51.81,55.50
1200.0,53.29,51.59,54.99
1220.0,54.16,52.41,55.91
1240.0,52.92,51.35,54.49
1260.0,54.63,52.94,56.33
1280.0,52.69,51.06,54.33
1300.0,55.33,53.65,57.01
1320.0,55.78,53.88,57.67
1340.0,54.22,52.29,56.16
1360.0,54.71,52.96,56.47
1380.0,55.61,53.73,57.50
1400.0,55.90,54.15,57.65
1420.0,55.08,53.47,56.69
1440.0,56.88,55.12,58.63
1460.0,55.80,54.25,57.34
1480.0,56.45,55.01,57.89
1500.0,56.14,54.58,57.70
1520.0,55.76,53.89,57.62
1540.0,56.73,55.05,58.42
1560.0,56.90,55.55,58.25
1580.0,57.12,55.52,58.72
1600.0,56.69,55.07,58.32
1620.0,58.08,56.39,59.78
1640.0,56.94,55.00,58.88
1660.0,56.71,54.87,58.56
1680.0,57.84,56.19,59.48
1700.0,57.00,55.36,58.64
1720.0,57.29,55.51,59.06
1740.0,57.16,55.55,58.78
1760.0,58.06,56.77,59.35
1780.0,57.88,56.47,59.29
1800.0,58.49,56.64,60.34
1820.0,59.04,57.24,60.84
1840.0,58.29,56.75,59.82
1860.0,59.12,57.53,60.71
1880.0,58.39,56.97,59.81
1900.0,58.43,56.87,59.99
1920.0,58.88,57.26,60.49
1940.0,59.37,57.79,60.95
1960.0,57.94,56.13,59.75
1980.0,60.71,59.07,62.36
2000.0,59.61,58.10,61.12
2020.0,60.43,58.68,62.18
2040.0,61.29,59.54,63.03
2060.0,59.78,58.16,61.39
2080.0,61.53,60.04,63.02
2100.0,61.92,60.43,63.41
2120.0,61.90,60.15,63.65
2140.0,60.57,58.97,62.18
2160.0,62.31,60.69,63.92
2180.0,61.71,60.26,63.17
2200.0,61.65,59.82,63.49
2220.0,61.43,59.93,62.92
2240.0,62.24,60.45,64.04
2260.0,61.59,59.97,63.22
2280.0,62.20,60.36,64.05
2300.0,62.39,60.91,63.86
2320.0,61.18,59.88,62.49
2340.0,61.57,59.77,63.37
2360.0,61.86,60.49,63.23
2380.0,61.80,60.42,63.18
2400.0,62.20,60.58,63.83
2420.0,62.18,60.53,63.84
2440.0,61.04,59.66,62.42
2460.0,63.80,62.45,65.14
2480.0,64.61,62.99,66.23
2500.0,63.39,61.94,64.83
2520.0,63.71,61.91,65.52
2540.0,63.88,61.89,65.87
2560.0,63.41,61.79,65.03
2580.0,63.90,62.54,65.26
2600.0,63.39,61.83,64.95
2620.0,64.39,63.08,65.69
2640.0,64.49,63.11,65.87
2660.0,64.16,63.01,65.31
2680.0,64.65,63.46,65.85
2700.0,64.76,63.59,65.92
2720.0,65.63,64.06,67.21
2740.0,64.24,62.95,65.54
2760.0,63.94,62.60,65.28
2780.0,64.67,63.11,66.24
2800.0,64.02,62.44,65.60
2820.0,64.27,62.76,65.77
2840.0,64.08,62.59,65.57
2860.0,65.14,63.91,66.37
2880.0,64.82,63.13,66.50
2900.0,65.59,64.00,67.19
2920.0,63.20,61.72,64.69
2940.0,64.04,62.56,65.52
2960.0,65.14,63.60,66.68
2980.0,66.14,64.42,67.87
3000.0,65.51,63.84,67.18
3020.0,64.90,63.38,66.42
3040.0,65.22,63.93,66.52
3060.0,64.08,62.53,65.64
3080.0,65.53,64.26,66.80
3100.0,64.33,62.81,65.84
3120.0,65.04,63.59,66.49
3140.0,64.98,63.30,66.66
3160.0,65.76,63.98,67.54
3180.0,67.88,66.60,69.16
3200.0,65.78,64.38,67.18
3220.0,66.45,65.04,67.86
3240.0,64.88,63.19,66.57
3260.0,66.29,64.94,67.63
3280.0,66.00,64.71,67.29
3300.0,65.43,64.11,66.74
3320.0,65.65,63.98,67.32
3340.0,66.78,65.50,68.05
3360.0,66.67,65.48,67.86
3380.0,66.06,64.44,67.68
3400.0,65.35,63.70,66.99
3420.0,66.04,64.80,67.28
3440.0,66.69,64.96,68.42
3460.0,66.98,65.52,68.44
3480.0,66.49,65.04,67.94
3500.0,66.06,64.67,67.45
3520.0,66.27,64.97,67.56
3540.0,66.65,65.21,68.10
3560.0,66.43,64.82,68.04
3580.0,66.35,64.89,67.80
3600.0,65.86,64.37,67.34
3620.0,66.45,64.75,68.15
3640.0,66.59,65.09,68.10
3660.0,67.51,66.29,68.73
3680.0,65.94,64.22,67.66
3700.0,66.00,64.58,67.42
3720.0,65.00,63.64,66.36
3740.0,66.76,65.25,68.26
3760.0,66.41,64.65,68.16
3780.0,68.33,66.53,70.12
3800.0,67.37,66.09,68.65
3820.0,66.69,65.14,68.25
3840.0,65.06,63.38,66.74
3860.0,65.96,64.30,67.62
3880.0,66.10,64.54,67.67
3900.0,66.24,64.80,67.69
3920.0,67.31,65.59,69.02
3940.0,66.67,65.16,68.19
3960.0,66.27,64.60,67.93
3980.0,66.63,64.91,68.36
4000.0,65.94,64.37,67.51
4020.0,67.06,65.40,68.72
4040.0,65.98,64.17,67.79
4060.0,66.67,64.93,68.42
4080.0,66.96,65.04,68.88
4100.0,65.67,63.82,67.52
4120.0,65.02,63.27,66.77
4140.0,66.90,65.29,68.50
4160.0,67.73,66.18,69.29
4180.0,67.02,65.28,68.77
4200.0,65.92,63.89,67.94
4220.0,68.00,66.26,69.74
4240.0,66.69,64.95,68.44
4260.0,67.00,65.51,68.49
4280.0,68.41,66.86,69.96
4300.0,68.45,66.96,69.94
4320.0,67.00,65.15,68.85
4340.0,68.10,66.48,69.73
4360.0,68.47,66.83,70.10
4380.0,67.22,65.57,68.88
4400.0,67.18,65.46,68.91
4420.0,67.51,65.60,69.42
4440.0,68.12,66.67,69.58
4460.0,68.31,66.98,69.63
4480.0,68.82,67.58,70.05
4500.0,69.47,67.89,71.05
4520.0,68.16,66.80,69.53
4540.0,68.92,67.38,70.46
4560.0,68.57,67.03,70.11
4580.0,68.37,66.69,70.04
4600.0,69.04,67.46,70.62
4620.0,68.96,67.28,70.64
4640.0,69.04,67.42,70.66
4660.0,69.22,67.80,70.65
4680.0,69.35,68.05,70.64
4700.0,68.22,66.90,69.55
4720.0,67.98,66.20,69.76
4740.0,67.55,65.96,69.15
4760.0,68.24,66.27,70.22
4780.0,69.10,67.38,70.82
4800.0,68.45,67.02,69.88
4820.0,69.51,68.27,70.75
4840.0,70.12,68.46,71.79
4860.0,69.90,68.59,71.21
4880.0,68.41,66.80,70.01
4900.0,67.88,66.14,69.62
4920.0,70.06,68.27,71.85
4940.0,68.18,66.52,69.85
4960.0,70.33,68.90,71.75
4980.0,69.24,67.55,70.94
5000.0,70.92,69.38,72.46
