trial,mean,ci_down,ci_up
0.0,55.99,52.98,59.01
20.0,68.48,65.33,71.63
40.0,76.51,72.33,80.69
60.0,84.87,82.49,87.25
80.0,86.54,84.41,88.68
100.0,90.57,88.96,92.17
120.0,92.92,91.05,94.79
140.0,93.28,91.58,94.98
160.0,93.91,92.25,95.57
180.0,95.75,94.09,97.40
200.0,96.60,94.90,98.30
220.0,97.87,96.23,99.51
240.0,99.41,97.78,101.03
260.0,98.82,97.40,100.25
280.0,100.21,98.93,101.49
300.0,99.97,98.59,101.36
320.0,101.32,100.01,102.63
340.0,101.97,100.62,103.33
360.0,101.59,100.11,103.06
380.0,100.47,99.31,101.64
400.0,102.21,100.92,103.51
420.0,103.06,101.96,104.16
440.0,102.43,101.27,103.59
460.0,101.67,100.74,102.61
480.0,102.79,101.75,103.84
500.0,103.03,101.91,104.15
520.0,103.49,102.42,104.56
540.0,103.83,102.74,104.92
560.0,103.38,102.24,104.53
580.0,104.07,102.90,105.24
600.0,103.94,103.13,104.76
620.0,103.07,102.00,104.15
640.0,102.90,101.81,103.99
660.0,103.40,102.55,104.26
680.0,104.17,103.18,105.16
700.0,102.49,101.62,103.37
720.0,103.00,101.93,104.08
740.0,104.68,103.62,105.74
760.0,103.14,102.14,104.15
780.0,103.10,102.08,104.11
800.0,103.66,102.65,104.67
820.0,103.15,102.11,104.19
840.0,103.41,102.42,104.39
860.0,103.61,102.67,104.55
880.0,103.55,102.56,104.54
900.0,104.19,103.20,105.19
920.0,102.63,101.67,103.58
940.0,103.88,102.95,104.82
960.0,102.83,102.02,103.64
980.0,102.39,101.42,103.36
1000.0,104.03,102.91,105.16
1020.0,101.94,101.11,102.77
1040.0,102.84,101.85,103.83
1060.0,103.63,102.65,104.62
1080.0,103.54,102.43,104.66
1100.0,103.98,103.00,104.97
1120.0,103.56,102.63,104.48
1140.0,103.11,102.19,104.02
1160.0,103.59,102.62,104.57
1180.0,103.57,102.60,104.55
1200.0,103.50,102.48,104.53
1220.0,103.72,102.87,104.58
1240.0,103.82,102.95,104.69
1260.0,103.78,103.06,104.50
1280.0,103.82,102.74,104.89
1300.0,102.90,102.05,103.76
1320.0,103.61,102.86,104.37
1340.0,103.28,102.27,104.30
1360.0,102.69,101.63,103.75
1380.0,103.81,102.90,104.73
1400.0,104.89,104.00,105.77
1420.0,103.43,102.41,104.45
1440.0,103.47,102.58,104.37
1460.0,103.60,102.85,104.36
1480.0,103.52,102.58,104.45
1500.0,103.44,102.55,104.33
1520.0,102.14,101.32,102.96
1540.0,103.12,102.17,104.07
1560.0,104.29,103.49,105.10
1580.0,103.49,102.76,104.21
1600.0,104.10,103.23,104.96
1620.0,102.68,101.88,103.49
1640.0,102.68,101.83,103.53
1660.0,102.96,102.15,103.78
1680.0,104.05,103.21,104.90
1700.0,104.19,103.47,104.91
1720.0,102.75,101.85,103.65
1740.0,103.19,102.24,104.13
1760.0,103.78,102.83,104.74
1780.0,103.18,102.32,104.03
1800.0,102.34,101.50,103.18
1820.0,102.94,102.13,103.76
1840.0,103.12,102.27,103.97
1860.0,102.85,102.02,103.69
1880.0,104.18,103.27,105.10
1900.0,102.81,101.90,103.72
1920.0,103.60,102.91,104.30
1940.0,103.20,102.30,104.10
1960.0,102.84,102.07,103.61
1980.0,102.88,102.02,103.73
2000.0,102.70,101.71,103.68
2020.0,102.56,101.77,103.34
2040.0,103.10,102.22,103.97
2060.0,102.68,101.87,103.50
2080.0,103.19,102.26,104.12
2100.0,103.61,102.66,104.56
2120.0,103.21,102.46,103.96
2140.0,103.28,102.50,104.05
2160.0,103.58,102.74,104.42
2180.0,102.76,101.96,103.57
2200.0,102.49,101.45,103.54
2220.0,103.89,102.93,104.85
2240.0,102.66,101.86,103.46
2260.0,103.56,102.63,104.50
2280.0,103.55,102.68,104.42
2300.0,103.16,102.40,103.92
2320.0,104.14,103.41,104.86
2340.0,103.18,102.22,104.13
2360.0,102.98,102.14,103.81
2380.0,102.82,102.03,103.61
2400.0,102.41,101.53,103.28
2420.0,103.18,102.39,103.98
2440.0,102.59,101.57,103.62
2460.0,103.27,102.48,104.06
2480.0,102.66,101.81,103.52
2500.0,102.57,101.67,103.47
2520.0,101.58,100.69,102.46
2540.0,102.96,102.02,103.91
2560.0,102.63,101.53,103.73
2580.0,102.82,102.02,103.61
2600.0,102.93,102.05,103.81
2620.0,102.45,101.57,103.34
2640.0,103.20,102.18,104.21
2660.0,102.86,101.96,103.75
2680.0,103.50,102.71,104.29
2700.0,102.42,101.48,103.37
2720.0,103.68,102.89,104.48
2740.0,103.13,102.11,104.14
2760.0,103.02,102.06,103.97
2780.0,102.55,101.68,103.43
2800.0,102.28,101.22,103.33
2820.0,103.01,102.04,103.99
2840.0,102.77,101.93,103.61
2860.0,102.11,101.37,102.85
2880.0,101.91,101.04,102.78
2900.0,102.22,101.29,103.15
2920.0,102.69,101.71,103.66
2940.0,102.33,101.53,103.12
2960.0,103.05,102.06,104.03
2980.0,101.38,100.51,102.25
3000.0,102.31,101.36,103.26
3020.0,102.37,101.41,103.33
3040.0,102.20,101.35,103.04
3060.0,102.02,101.11,102.93
3080.0,102.25,101.44,103.05
3100.0,102.63,101.75,103.51
3120.0,102.40,101.55,103.25
3140.0,102.85,102.01,103.70
3160.0,102.28,101.43,103.13
3180.0,102.10,101.32,102.88
3200.0,101.93,101.10,102.76
3220.0,102.20,101.34,103.05
3240.0,102.73,101.95,103.52
3260.0,101.54,100.73,102.36
3280.0,102.14,101.48,102.79
3300.0,102.04,101.22,102.86
3320.0,101.84,100.97,102.72
3340.0,101.60,100.80,102.40
3360.0,101.36,100.27,102.46
3380.0,101.77,100.74,102.79
3400.0,101.80,100.81,102.79
3420.0,102.13,101.34,102.91
3440.0,102.53,101.55,103.51
3460.0,101.61,100.77,102.45
3480.0,101.73,100.82,102.65
3500.0,101.87,100.99,102.74
3520.0,101.82,100.78,102.86
3540.0,101.13,100.38,101.87
3560.0,101.31,100.41,102.20
3580.0,101.60,100.79,102.42
3600.0,101.84,100.81,102.87
3620.0,101.93,100.94,102.91
3640.0,102.49,101.49,103.50
3660.0,102.04,101.23,102.86
3680.0,102.00,101.10,102.90
3700.0,101.64,100.71,102.57
3720.0,101.17,100.41,101.92
3740.0,102.02,101.11,102.94
3760.0,102.06,101.24,102.88
3780.0,102.26,101.18,103.33
3800.0,101.53,100.60,102.45
3820.0,101.75,100.93,102.57
3840.0,101.44,100.62,102.26
3860.0,102.06,101.05,103.06
3880.0,101.40,100.60,102.20
3900.0,102.10,101.22,102.98
3920.0,101.79,100.91,102.67
3940.0,101.93,101.08,102.79
3960.0,102.79,101.89,103.70
3980.0,102.02,101.17,102.87
4000.0,101.10,100.36,101.85
4020.0,101.31,100.57,102.05
4040.0,102.34,101.41,103.27
4060.0,101.35,100.43,102.28
4080.0,101.20,100.27,102.14
4100.0,100.93,99.95,101.91
4120.0,100.96,100.20,101.73
4140.0,100.79,99.87,101.72
4160.0,101.89,100.91,102.88
4180.0,100.97,100.18,101.76
4200.0,100.89,100.02,101.76
4220.0,100.73,100.04,101.42
4240.0,101.65,100.74,102.57
4260.0,100.94,100.05,101.84
4280.0,101.47,100.73,102.21
4300.0,101.22,100.36,102.08
4320.0,101.30,100.48,102.13
4340.0,100.95,100.03,101.87
4360.0,101.63,100.81,102.46
4380.0,100.70,99.90,101.50
4400.0,101.41,100.44,102.39
4420.0,100.83,99.90,101.76
4440.0,100.89,100.17,101.61
4460.0,101.82,101.09,102.55
4480.0,101.25,100.45,102.05
4500.0,100.71,99.94,101.48
4520.0,100.94,100.20,101.69
4540.0,101.10,100.44,101.76
4560.0,100.85,100.03,101.67
4580.0,101.33,100.54,102.13
4600.0,101.26,100.42,102.10
4620.0,100.97,100.18,101.76
4640.0,100.60,99.85,101.35
4660.0,100.59,99.81,101.37
4680.0,100.62,99.76,101.49
4700.0,101.03,100.09,101.96
4720.0,101.01,100.04,101.98
4740.0,100.29,99.60,100.98
4760.0,101.31,100.64,101.99
4780.0,100.99,100.09,101.88
4800.0,101.13,100.33,101.92
4820.0,100.68,99.85,101.52
4840.0,100.38,99.50,101.27
4860.0,100.71,99.93,101.49
4880.0,100.94,99.98,101.89
4900.0,100.88,100.00,101.75
4920.0,100.75,99.87,101.63
4940.0,100.91,100.07,101.76
4960.0,101.06,100.31,101.81
4980.0,100.32,99.56,101.08
5000.0,100.58,99.74,101.42
