trial,mean,ci_down,ci_up
0.0,38.98,37.15,40.81
20.0,40.71,38.56,42.87
40.0,46.67,43.97,49.38
60.0,56.06,51.43,60.68
80.0,65.36,61.80,68.92
100.0,67.17,62.92,71.43
120.0,73.93,70.59,77.27
140.0,77.93,74.49,81.37
160.0,81.55,78.89,84.21
180.0,83.20,80.67,85.73
200.0,84.71,81.95,87.48
220.0,89.51,87.91,91.10
240.0,89.58,87.69,91.46
260.0,93.07,91.31,94.82
280.0,92.34,90.81,93.88
300.0,93.62,92.11,95.14
320.0,94.07,92.19,95.94
340.0,94.06,92.62,95.49
360.0,95.13,93.70,96.56
380.0,95.27,94.02,96.51
400.0,97.12,95.49,98.76
420.0,96.03,94.63,97.42
440.0,98.31,96.68,99.95
460.0,97.26,96.08,98.44
480.0,99.19,97.92,100.47
500.0,97.74,96.27,99.21
520.0,99.80,98.57,101.02
540.0,99.00,97.79,100.21
560.0,100.73,99.52,101.95
580.0,99.80,98.73,100.88
600.0,100.40,99.16,101.64
620.0,101.37,100.41,102.34
640.0,101.25,99.95,102.55
660.0,102.08,100.99,103.18
680.0,101.84,100.73,102.94
700.0,101.48,100.36,102.61
720.0,101.32,100.22,102.42
740.0,102.32,101.11,103.53
760.0,102.37,101.19,103.55
780.0,102.56,101.57,103.56
800.0,102.22,101.19,103.24
820.0,102.27,101.10,103.44
840.0,102.45,101.47,103.43
860.0,101.32,100.30,102.34
880.0,101.74,100.83,102.64
900.0,102.20,101.20,103.19
920.0,102.13,101.20,103.05
940.0,102.74,101.98,103.51
960.0,102.50,101.55,103.44
980.0,103.90,102.92,104.88
1000.0,103.42,102.32,104.51
1020.0,103.49,102.45,104.53
1040.0,104.15,103.15,105.15
1060.0,102.09,101.07,103.11
1080.0,103.19,102.12,104.26
1100.0,104.49,103.42,105.55
1120.0,103.08,102.16,103.99
1140.0,103.06,102.23,103.88
1160.0,102.90,101.78,104.02
1180.0,103.36,102.39,104.32
1200.0,103.46,102.41,104.51
1220.0,102.98,101.87,104.10
1240.0,103.20,102.24,104.15
1260.0,102.25,101.40,103.09
1280.0,103.19,102.33,104.06
1300.0,102.67,101.75,103.58
1320.0,103.30,102.41,104.18
1340.0,103.78,102.99,104.57
1360.0,103.62,102.74,104.50
1380.0,102.86,102.11,103.62
1400.0,103.15,102.32,103.97
1420.0,103.60,102.66,104.55
1440.0,103.43,102.72,104.14
1460.0,103.26,102.47,104.05
1480.0,102.61,101.77,103.46
1500.0,103.17,102.28,104.05
1520.0,102.98,102.09,103.87
1540.0,103.44,102.49,104.39
1560.0,103.94,102.92,104.97
1580.0,103.09,102.12,104.06
1600.0,103.03,102.13,103.92
1620.0,103.86,102.89,104.83
1640.0,103.70,102.88,104.52
1660.0,103.23,102.35,104.11
1680.0,103.32,102.46,104.18
1700.0,103.46,102.42,104.51
1720.0,103.01,102.10,103.91
1740.0,103.22,102.31,104.12
1760.0,102.91,102.01,103.81
1780.0,103.32,102.29,104.36
1800.0,103.14,102.24,104.03
1820.0,102.92,101.92,103.91
1840.0,102.39,101.31,103.46
1860.0,103.12,102.35,103.89
1880.0,103.34,102.24,104.43
1900.0,103.43,102.42,104.44
1920.0,102.81,101.97,103.65
1940.0,102.62,101.75,103.49
1960.0,103.90,103.16,104.65
1980.0,102.86,102.04,103.68
2000.0,104.11,103.03,105.19
2020.0,102.80,101.78,103.83
2040.0,102.59,101.74,103.43
2060.0,102.69,101.84,103.54
2080.0,102.89,102.09,103.69
2100.0,102.85,101.94,103.76
2120.0,102.91,102.08,103.74
2140.0,101.77,100.93,102.62
2160.0,102.81,102.05,103.57
2180.0,103.23,102.30,104.16
2200.0,103.29,102.67,103.91
2220.0,102.66,101.72,103.61
2240.0,102.89,102.05,103.73
2260.0,102.48,101.53,103.43
2280.0,102.71,101.89,103.54
2300.0,102.80,101.97,103.64
2320.0,101.89,100.97,102.81
2340.0,103.47,102.53,104.41
2360.0,103.01,102.07,103.94
2380.0,102.91,102.07,103.75
2400.0,102.27,101.32,103.22
2420.0,102.25,101.37,103.13
2440.0,102.18,101.41,102.95
2460.0,102.81,101.93,103.68
2480.0,102.29,101.61,102.97
2500.0,103.06,102.23,103.89
2520.0,103.07,102.23,103.91
2540.0,102.17,101.41,102.94
2560.0,101.54,100.66,102.41
2580.0,101.93,101.10,102.76
2600.0,101.47,100.58,102.37
2620.0,101.84,101.14,102.54
2640.0,102.37,101.51,103.24
2660.0,102.30,101.40,103.20
2680.0,102.67,101.93,103.42
2700.0,101.99,101.13,102.85
2720.0,102.46,101.47,103.45
2740.0,102.36,101.53,103.19
2760.0,101.89,100.97,102.81
2780.0,102.09,101.13,103.05
2800.0,101.79,101.14,102.43
2820.0,102.23,101.20,103.26
2840.0,102.82,101.96,103.68
2860.0,101.61,100.57,102.65
2880.0,102.87,101.91,103.83
2900.0,101.58,100.70,102.46
2920.0,102.33,101.42,103.25
2940.0,102.54,101.61,103.48
2960.0,101.82,100.97,102.67
2980.0,102.08,101.16,103.00
3000.0,102.04,101.14,102.93
3020.0,101.11,100.21,102.01
3040.0,101.88,100.90,102.85
3060.0,102.28,101.44,103.12
3080.0,102.10,101.26,102.94
3100.0,101.33,100.51,102.16
3120.0,101.13,100.27,101.99
3140.0,101.47,100.56,102.38
3160.0,101.41,100.59,102.22
3180.0,101.59,100.72,102.47
3200.0,101.69,100.74,102.64
3220.0,100.91,99.98,101.84
3240.0,101.36,100.50,102.22
3260.0,101.29,100.48,102.10
3280.0,100.87,100.09,101.65
3300.0,100.73,99.98,101.47
3320.0,100.89,100.08,101.70
3340.0,101.76,100.86,102.66
3360.0,101.41,100.42,102.39
3380.0,101.47,100.53,102.41
3400.0,101.33,100.49,102.17
3420.0,101.31,100.54,102.08
3440.0,101.57,100.62,102.52
3460.0,100.82,99.92,101.73
3480.0,100.80,99.94,101.65
3500.0,101.58,100.70,102.47
3520.0,102.06,101.16,102.96
3540.0,101.24,100.39,102.09
3560.0,101.68,100.86,102.50
3580.0,101.34,100.48,102.20
3600.0,101.05,100.32,101.78
3620.0,100.97,100.16,101.78
3640.0,101.23,100.21,102.25
3660.0,101.03,100.18,101.88
3680.0,100.67,99.73,101.60
3700.0,101.34,100.54,102.14
3720.0,100.79,99.91,101.67
3740.0,101.32,100.49,102.14
3760.0,100.22,99.18,101.27
3780.0,100.33,99.54,101.12
3800.0,102.28,101.38,103.17
3820.0,101.67,100.72,102.62
3840.0,101.09,100.35,101.83
3860.0,101.45,100.60,102.31
3880.0,101.17,100.33,102.02
3900.0,100.73,99.78,101.69
3920.0,100.30,99.37,101.24
3940.0,100.55,99.77,101.33
3960.0,100.37,99.52,101.21
3980.0,100.20,99.33,101.06
4000.0,100.59,99.58,101.59
4020.0,101.15,100.15,102.14
4040.0,100.93,99.98,101.87
4060.0,100.52,99.61,101.43
4080.0,100.50,99.50,101.49
4100.0,100.40,99.49,101.32
4120.0,100.41,99.38,101.44
4140.0,100.52,99.64,101.40
4160.0,100.72,99.81,101.62
4180.0,100.24,99.33,101.15
4200.0,100.09,99.06,101.11
4220.0,100.67,99.77,101.58
4240.0,100.68,99.73,101.62
4260.0,100.78,99.60,101.95
4280.0,100.18,99.28,101.08
4300.0,100.10,99.27,100.93
4320.0,100.59,99.42,101.75
4340.0,100.10,99.21,101.00
4360.0,100.34,99.49,101.19
4380.0,100.88,99.94,101.82
4400.0,100.29,99.49,101.09
4420.0,99.97,99.01,100.93
4440.0,99.58,98.57,100.59
4460.0,99.88,99.01,100.76
4480.0,99.92,98.99,100.86
4500.0,100.71,99.74,101.68
4520.0,100.41,99.51,101.31
4540.0,100.35,99.44,101.26
4560.0,100.65,99.74,101.57
4580.0,100.67,99.85,101.48
4600.0,99.41,98.43,100.40
4620.0,99.70,98.70,100.71
4640.0,100.35,99.35,101.35
4660.0,99.62,98.70,100.54
4680.0,100.09,99.29,100.90
4700.0,99.28,98.42,100.14
4720.0,99.47,98.53,100.42
4740.0,100.80,99.70,101.91
4760.0,100.12,99.16,101.07
4780.0,99.30,98.45,100.16
4800.0,99.63,98.76,100.50
4820.0,99.92,99.01,100.83
4840.0,99.40,98.34,100.46
4860.0,99.44,98.51,100.37
4880.0,99.13,98.21,100.05
4900.0,100.04,99.02,101.05
4920.0,100.26,99.32,101.20
4940.0,99.34,98.48,100.19
4960.0,100.67,99.83,101.51
4980.0,99.91,98.96,100.85
5000.0,99.77,98.90,100.64
