trial,mean,ci_down,ci_up
0.0,0.00,0.00,0.00
20.0,0.96,0.79,1.13
40.0,2.84,2.52,3.16
60.0,5.20,4.82,5.58
80.0,7.10,6.68,7.52
100.0,8.95,8.44,9.46
120.0,11.16,10.54,11.78
140.0,13.93,13.32,14.55
160.0,17.03,16.43,17.62
180.0,20.32,19.53,21.11
200.0,23.73,22.91,24.56
220.0,26.07,25.14,27.00
240.0,28.67,27.64,29.69
260.0,30.94,29.91,31.97
280.0,33.37,32.28,34.45
300.0,35.95,34.74,37.15
320.0,38.43,37.19,39.66
340.0,41.42,40.06,42.78
360.0,44.36,43.02,45.70
380.0,46.91,45.61,48.20
400.0,49.12,47.78,50.46
420.0,51.21,49.76,52.65
440.0,53.31,51.88,54.75
460.0,55.59,54.18,57.00
480.0,57.97,56.64,59.31
500.0,60.27,58.92,61.61
520.0,61.99,60.64,63.35
540.0,63.80,62.38,65.22
560.0,66.07,64.59,67.56
580.0,68.53,67.01,70.05
600.0,70.42,68.89,71.95
620.0,72.40,70.90,73.89
640.0,74.27,72.73,75.80
660.0,76.27,74.65,77.88
680.0,78.67,76.98,80.37
700.0,80.84,79.14,82.54
720.0,83.27,81.50,85.03
740.0,85.63,83.91,87.35
760.0,87.47,85.77,89.18
780.0,89.19,87.46,90.91
800.0,90.76,89.01,92.51
820.0,92.59,90.79,94.38
840.0,94.34,92.52,96.16
860.0,96.41,94.57,98.24
880.0,98.29,96.40,100.18
900.0,100.63,98.69,102.56
920.0,102.58,100.65,104.51
940.0,104.49,102.60,106.39
960.0,106.25,104.39,108.12
980.0,108.14,106.23,110.05
1000.0,109.99,108.06,111.93
1020.0,112.05,110.05,114.06
1040.0,113.77,111.76,115.79
1060.0,115.65,113.69,117.62
1080.0,117.74,115.81,119.67
1100.0,119.61,117.72,121.50
1120.0,121.65,119.77,123.54
1140.0,123.34,121.47,125.21
1160.0,125.03,123.13,126.92
1180.0,126.76,124.84,128.68
1200.0,128.16,126.21,130.11
1220.0,129.58,127.64,131.52
1240.0,131.11,129.12,133.10
1260.0,132.83,130.84,134.82
1280.0,134.73,132.71,136.74
1300.0,136.40,134.35,138.45
1320.0,138.09,136.05,140.13
1340.0,139.72,137.70,141.74
1360.0,141.09,139.01,143.16
1380.0,142.85,140.76,144.95
1400.0,144.21,142.08,146.35
1420.0,145.75,143.64,147.87
1440.0,147.28,145.16,149.40
1460.0,148.82,146.65,150.99
1480.0,150.47,148.26,152.68
1500.0,152.13,149.92,154.34
1520.0,153.82,151.63,156.01
1540.0,155.45,153.29,157.60
1560.0,156.98,154.78,159.18
1580.0,158.49,156.25,160.73
1600.0,160.16,157.93,162.39
1620.0,161.83,159.56,164.09
1640.0,163.47,161.17,165.77
1660.0,165.25,162.91,167.59
1680.0,167.01,164.66,169.36
1700.0,168.71,166.35,171.07
1720.0,170.49,168.16,172.81
1740.0,172.49,170.19,174.78
1760.0,174.10,171.81,176.39
1780.0,175.86,173.51,178.21
1800.0,177.81,175.42,180.19
1820.0,179.74,177.32,182.16
1840.0,181.53,179.10,183.95
1860.0,183.13,180.72,185.55
1880.0,184.61,182.26,186.97
1900.0,186.28,183.93,188.63
1920.0,187.81,185.39,190.23
1940.0,189.25,186.85,191.65
1960.0,190.76,188.35,193.17
1980.0,192.21,189.78,194.64
2000.0,193.77,191.34,196.19
2020.0,195.37,193.00,197.75
2040.0,196.98,194.56,199.40
2060.0,198.63,196.19,201.06
2080.0,199.99,197.60,202.37
2100.0,201.70,199.27,204.13
2120.0,203.27,200.80,205.73
2140.0,204.78,202.32,207.24
2160.0,206.22,203.74,208.70
2180.0,207.49,205.01,209.96
2200.0,208.64,206.19,211.09
2220.0,209.95,207.46,212.45
2240.0,211.39,208.86,213.91
2260.0,212.85,210.30,215.39
2280.0,214.37,211.82,216.92
2300.0,216.07,213.50,218.65
2320.0,217.48,214.90,220.06
2340.0,218.95,216.37,221.52
2360.0,220.15,217.51,222.78
2380.0,221.47,218.80,224.13
2400.0,222.78,220.16,225.40
2420.0,223.99,221.37,226.61
2440.0,225.20,222.60,227.80
2460.0,226.31,223.66,228.97
2480.0,227.61,224.91,230.31
2500.0,228.87,226.16,231.57
2520.0,230.12,227.42,232.82
2540.0,231.41,228.68,234.15
2560.0,232.80,230.05,235.55
2580.0,234.03,231.26,236.80
2600.0,235.19,232.41,237.97
2620.0,236.38,233.57,239.19
2640.0,237.73,234.93,240.53
2660.0,238.95,236.13,241.76
2680.0,240.35,237.52,243.17
2700.0,241.59,238.75,244.44
2720.0,242.87,240.05,245.68
2740.0,244.23,241.40,247.06
2760.0,245.63,242.76,248.49
2780.0,246.93,244.10,249.75
2800.0,248.18,245.32,251.04
2820.0,249.47,246.59,252.35
2840.0,250.75,247.85,253.65
2860.0,252.10,249.18,255.02
2880.0,253.50,250.56,256.44
2900.0,254.80,251.88,257.72
2920.0,256.11,253.17,259.04
2940.0,257.46,254.53,260.39
2960.0,258.91,255.98,261.83
2980.0,260.23,257.34,263.11
3000.0,261.76,258.86,264.66
3020.0,263.11,260.13,266.08
3040.0,264.35,261.35,267.36
3060.0,265.68,262.64,268.72
3080.0,267.21,264.11,270.31
3100.0,268.53,265.39,271.68
3120.0,269.65,266.51,272.78
3140.0,270.96,267.83,274.09
3160.0,272.15,269.01,275.29
3180.0,273.27,270.18,276.36
3200.0,274.75,271.61,277.88
3220.0,275.91,272.77,279.05
3240.0,277.09,273.98,280.21
3260.0,278.35,275.24,281.45
3280.0,279.67,276.57,282.77
3300.0,280.79,277.69,283.88
3320.0,281.74,278.65,284.83
3340.0,282.97,279.87,286.08
3360.0,284.12,281.01,287.23
3380.0,285.15,282.09,288.21
3400.0,286.22,283.15,289.29
3420.0,287.49,284.38,290.61
3440.0,288.68,285.57,291.79
3460.0,289.89,286.77,293.01
3480.0,291.01,287.88,294.14
3500.0,292.18,289.03,295.32
3520.0,293.26,290.09,296.43
3540.0,294.58,291.38,297.78
3560.0,295.55,292.39,298.70
3580.0,296.54,293.36,299.72
3600.0,297.59,294.39,300.79
3620.0,298.65,295.45,301.85
3640.0,299.65,296.44,302.85
3660.0,300.59,297.39,303.78
3680.0,301.52,298.34,304.70
3700.0,302.63,299.45,305.80
3720.0,303.53,300.36,306.70
3740.0,304.50,301.34,307.66
3760.0,305.36,302.19,308.53
3780.0,306.51,303.32,309.71
3800.0,307.53,304.31,310.75
3820.0,308.37,305.10,311.65
3840.0,309.34,306.07,312.61
3860.0,310.23,306.95,313.51
3880.0,311.36,308.00,314.72
3900.0,312.37,309.01,315.72
3920.0,313.27,309.91,316.63
3940.0,314.34,310.97,317.71
3960.0,315.54,312.14,318.94
3980.0,316.80,313.41,320.19
4000.0,317.81,314.38,321.25
4020.0,318.78,315.33,322.23
4040.0,319.83,316.33,323.34
4060.0,320.70,317.16,324.24
4080.0,321.65,318.12,325.19
4100.0,322.63,319.11,326.15
4120.0,323.65,320.10,327.19
4140.0,324.59,321.01,328.17
4160.0,325.57,322.02,329.13
4180.0,326.39,322.85,329.93
4200.0,327.25,323.68,330.81
4220.0,328.29,324.74,331.85
4240.0,329.43,325.84,333.01
4260.0,330.39,326.77,334.00
4280.0,331.48,327.84,335.12
4300.0,332.61,328.98,336.25
4320.0,333.91,330.28,337.53
4340.0,335.07,331.40,338.73
4360.0,336.30,332.68,339.92
4380.0,337.52,333.89,341.15
4400.0,338.63,335.01,342.25
4420.0,339.69,336.05,343.34
4440.0,340.86,337.20,344.52
4460.0,341.89,338.22,345.55
4480.0,343.08,339.42,346.74
4500.0,344.47,340.88,348.05
4520.0,345.65,342.09,349.21
4540.0,346.87,343.26,350.47
4560.0,348.18,344.58,351.78
4580.0,349.16,345.57,352.75
4600.0,350.36,346.72,354.00
4620.0,351.61,347.96,355.25
4640.0,352.73,349.08,356.39
4660.0,353.79,350.14,357.45
4680.0,355.01,351.32,358.70
4700.0,356.05,352.39,359.72
4720.0,357.19,353.52,360.87
4740.0,358.23,354.58,361.87
4760.0,359.26,355.62,362.90
4780.0,360.33,356.73,363.94
4800.0,361.21,357.61,364.82
4820.0,362.19,358.64,365.73
4840.0,363.09,359.55,366.64
4860.0,364.16,360.63,367.69
4880.0,365.17,361.67,368.68
4900.0,366.32,362.78,369.86
4920.0,367.29,363.75,370.84
4940.0,368.35,364.82,371.87
4960.0,369.25,365.74,372.76
4980.0,370.24,366.69,373.79
5000.0,371.23,367.65,374.81
