trial,mean,ci_down,ci_up
0.0,2.94,2.58,3.30
20.0,3.20,2.81,3.59
40.0,3.38,2.92,3.84
60.0,3.16,2.67,3.65
80.0,4.60,4.13,5.07
100.0,4.92,4.37,5.47
120.0,6.32,5.59,7.05
140.0,7.44,6.69,8.19
160.0,8.20,7.45,8.95
180.0,9.80,9.07,10.53
200.0,11.02,10.13,11.91
220.0,13.34,12.35,14.33
240.0,13.36,12.45,14.27
260.0,15.30,14.44,16.16
280.0,16.44,15.25,17.63
300.0,17.38,16.19,18.57
320.0,18.70,17.30,20.10
340.0,19.26,18.05,20.47
360.0,20.40,19.09,21.71
380.0,20.08,18.85,21.31
400.0,22.22,20.89,23.55
420.0,21.94,20.45,23.43
440.0,24.12,22.42,25.82
460.0,23.90,22.33,25.47
480.0,24.42,23.20,25.64
500.0,25.08,23.90,26.26
520.0,27.08,25.88,28.28
540.0,29.14,27.69,30.59
560.0,28.94,27.80,30.08
580.0,29.86,28.23,31.49
600.0,29.08,27.43,30.73
620.0,31.52,29.94,33.10
640.0,32.52,30.95,34.09
660.0,32.00,30.57,33.43
680.0,34.24,32.63,35.85
700.0,34.40,32.74,36.06
720.0,33.74,31.97,35.51
740.0,35.04,33.45,36.63
760.0,35.16,33.45,36.87
780.0,37.24,35.62,38.86
800.0,38.58,37.18,39.98
820.0,38.46,36.86,40.06
840.0,38.46,37.01,39.91
860.0,40.36,38.96,41.76
880.0,39.24,37.73,40.75
900.0,39.68,38.11,41.25
920.0,42.16,40.79,43.53
940.0,42.00,40.61,43.39
960.0,42.56,41.06,44.06
980.0,43.12,41.66,44.58
1000.0,43.08,41.60,44.56
1020.0,44.70,43.39,46.01
1040.0,43.64,42.01,45.27
1060.0,46.04,44.63,47.45
1080.0,46.46,45.00,47.92
1100.0,44.48,42.92,46.04
1120.0,46.90,45.27,48.53
1140.0,46.46,44.91,48.01
1160.0,46.42,44.81,48.03
1180.0,46.74,44.90,48.58
1200.0,47.68,45.87,49.49
1220.0,48.54,46.85,50.23
1240.0,48.60,47.07,50.13
1260.0,49.14,47.55,50.73
1280.0,49.10,47.54,50.66
1300.0,49.50,47.88,51.12
1320.0,48.36,46.59,50.13
1340.0,50.58,49.06,52.10
1360.0,50.56,48.97,52.15
1380.0,51.56,49.70,53.42
1400.0,50.38,48.63,52.13
1420.0,51.76,50.27,53.25
1440.0,51.04,49.73,52.35
1460.0,52.06,50.24,53.88
1480.0,51.52,49.66,53.38
1500.0,53.62,52.21,55.03
1520.0,52.76,51.07,54.45
1540.0,52.66,51.05,54.27
1560.0,53.12,51.31,54.93
1580.0,54.22,52.48,55.96
1600.0,54.00,52.34,55.66
1620.0,55.26,53.76,56.76
1640.0,54.50,52.86,56.14
1660.0,55.02,53.35,56.69
1680.0,54.28,52.81,55.75
1700.0,55.64,54.31,56.97
1720.0,55.04,53.57,56.51
1740.0,52.62,51.11,54.13
1760.0,55.40,53.76,57.04
1780.0,54.68,52.99,56.37
1800.0,56.30,54.89,57.71
1820.0,55.50,54.20,56.80
1840.0,54.60,52.82,56.38
1860.0,53.62,52.23,55.01
1880.0,54.78,53.30,56.26
1900.0,55.06,53.42,56.70
1920.0,55.02,53.26,56.78
1940.0,55.68,54.33,57.03
1960.0,57.14,55.40,58.88
1980.0,56.18,54.71,57.65
2000.0,56.34,54.84,57.84
2020.0,55.14,53.37,56.91
2040.0,56.10,54.27,57.93
2060.0,57.04,55.37,58.71
2080.0,57.58,56.22,58.94
2100.0,56.96,55.13,58.79
2120.0,58.20,56.39,60.01
2140.0,57.50,56.20,58.80
2160.0,58.78,57.12,60.44
2180.0,58.46,56.67,60.25
2200.0,58.92,57.25,60.59
2220.0,59.32,57.62,61.02
2240.0,58.70,56.93,60.47
2260.0,60.08,58.38,61.78
2280.0,56.94,55.26,58.62
2300.0,57.54,56.14,58.94
2320.0,58.20,56.52,59.88
2340.0,58.90,57.28,60.52
2360.0,58.82,57.01,60.63
2380.0,58.44,56.87,60.01
2400.0,59.94,58.28,61.60
2420.0,59.82,58.14,61.50
2440.0,58.34,56.58,60.10
2460.0,60.22,58.76,61.68
2480.0,59.92,58.21,61.63
2500.0,60.30,58.60,62.00
2520.0,60.22,58.49,61.95
2540.0,62.52,61.00,64.04
2560.0,60.26,58.41,62.11
2580.0,60.40,58.84,61.96
2600.0,61.62,59.98,63.26
2620.0,61.12,59.38,62.86
2640.0,63.14,61.37,64.91
2660.0,61.76,60.18,63.34
2680.0,62.28,60.60,63.96
2700.0,62.14,60.52,63.76
2720.0,62.00,60.57,63.43
2740.0,63.76,62.11,65.41
2760.0,63.46,61.89,65.03
2780.0,63.36,61.82,64.90
2800.0,63.40,61.66,65.14
2820.0,61.70,59.95,63.45
2840.0,63.24,61.44,65.04
2860.0,64.02,62.52,65.52
2880.0,63.62,61.76,65.48
2900.0,65.26,63.50,67.02
2920.0,64.20,62.57,65.83
2940.0,63.64,61.85,65.43
2960.0,63.34,61.67,65.01
2980.0,64.54,63.07,66.01
3000.0,64.74,63.24,66.24
3020.0,65.14,63.52,66.76
3040.0,64.18,62.50,65.86
3060.0,63.92,62.20,65.64
3080.0,64.22,62.44,66.00
3100.0,66.16,64.85,67.47
3120.0,64.72,62.89,66.55
3140.0,65.18,63.39,66.97
3160.0,65.42,63.84,67.00
3180.0,65.32,63.87,66.77
3200.0,65.32,63.72,66.92
3220.0,64.62,62.94,66.30
3240.0,63.40,61.71,65.09
3260.0,65.30,63.76,66.84
3280.0,66.16,64.62,67.70
3300.0,66.22,64.51,67.93
3320.0,65.28,63.47,67.09
3340.0,63.96,62.03,65.89
3360.0,66.10,64.31,67.89
3380.0,65.56,64.02,67.10
3400.0,65.56,64.03,67.09
3420.0,65.78,64.09,67.47
3440.0,65.82,64.03,67.61
3460.0,65.26,63.28,67.24
3480.0,65.54,63.92,67.16
3500.0,66.78,65.07,68.49
3520.0,66.02,64.60,67.44
3540.0,65.94,64.06,67.82
3560.0,66.78,65.19,68.37
3580.0,66.10,64.49,67.71
3600.0,66.44,64.59,68.29
3620.0,67.64,66.07,69.21
3640.0,66.44,64.99,67.89
3660.0,66.40,64.74,68.06
3680.0,66.38,64.76,68.00
3700.0,67.18,65.62,68.74
3720.0,66.64,65.08,68.20
3740.0,67.76,66.04,69.48
3760.0,66.92,65.20,68.64
3780.0,66.42,64.73,68.11
3800.0,67.80,66.05,69.55
3820.0,67.82,66.24,69.40
3840.0,66.84,65.28,68.40
3860.0,65.74,64.13,67.35
3880.0,67.44,65.43,69.45
3900.0,67.54,65.80,69.28
3920.0,66.04,64.64,67.44
3940.0,66.76,65.08,68.44
3960.0,66.60,64.80,68.40
3980.0,66.58,64.71,68.45
4000.0,65.20,63.61,66.79
4020.0,66.34,64.86,67.82
4040.0,65.64,63.50,67.78
4060.0,65.02,62.93,67.11
4080.0,67.04,65.21,68.87
4100.0,67.42,65.88,68.96
4120.0,67.06,65.15,68.97
4140.0,68.08,66.35,69.81
4160.0,66.30,64.54,68.06
4180.0,67.46,65.58,69.34
4200.0,66.16,64.10,68.22
4220.0,67.18,65.34,69.02
4240.0,66.36,64.33,68.39
4260.0,67.46,66.11,68.81
4280.0,66.54,64.76,68.32
4300.0,69.52,68.01,71.03
4320.0,66.78,65.25,68.31
4340.0,67.56,65.68,69.44
4360.0,66.90,65.10,68.70
4380.0,65.80,63.84,67.76
4400.0,67.62,65.53,69.71
4420.0,67.58,65.66,69.50
4440.0,68.76,67.37,70.15
4460.0,67.44,66.16,68.72
4480.0,68.82,67.33,70.31
4500.0,69.06,67.73,70.39
4520.0,67.32,66.15,68.49
4540.0,68.58,67.05,70.11
4560.0,67.76,66.42,69.10
4580.0,68.44,67.10,69.78
4600.0,67.84,66.21,69.47
4620.0,68.78,67.06,70.50
4640.0,69.42,67.74,71.10
4660.0,68.88,67.16,70.60
4680.0,68.24,66.93,69.55
4700.0,67.62,66.16,69.08
4720.0,68.66,66.95,70.37
4740.0,67.06,65.31,68.81
4760.0,68.78,67.31,70.25
4780.0,67.22,65.67,68.77
4800.0,68.56,67.19,69.93
4820.0,67.78,66.28,69.28
4840.0,68.66,67.05,70.27
4860.0,67.92,66.37,69.47
4880.0,70.10,68.77,71.43
4900.0,68.92,67.17,70.67
4920.0,70.32,68.75,71.89
4940.0,70.72,69.12,72.32
4960.0,70.52,69.15,71.89
4980.0,69.88,68.23,71.53
5000.0,70.52,68.77,72.27
