trial,mean,ci_down,ci_up
0.0,0.00,0.00,0.00
20.0,0.96,0.82,1.10
40.0,2.84,2.57,3.11
60.0,5.20,4.88,5.52
80.0,7.10,6.75,7.45
100.0,8.95,8.53,9.38
120.0,11.16,10.64,11.68
140.0,13.93,13.42,14.45
160.0,17.03,16.53,17.53
180.0,20.32,19.66,20.98
200.0,23.73,23.05,24.42
220.0,26.07,25.30,26.85
240.0,28.67,27.81,29.52
260.0,30.94,30.08,31.80
280.0,33.37,32.46,34.27
300.0,35.95,34.94,36.95
320.0,38.43,37.40,39.46
340.0,41.42,40.28,42.56
360.0,44.36,43.24,45.48
380.0,46.91,45.82,47.99
400.0,49.12,48.00,50.24
420.0,51.21,50.00,52.41
440.0,53.31,52.12,54.51
460.0,55.59,54.41,56.76
480.0,57.97,56.86,59.09
500.0,60.27,59.14,61.39
520.0,61.99,60.86,63.13
540.0,63.80,62.61,64.99
560.0,66.07,64.83,67.31
580.0,68.53,67.26,69.80
600.0,70.42,69.15,71.69
620.0,72.40,71.15,73.65
640.0,74.27,72.98,75.55
660.0,76.27,74.92,77.62
680.0,78.67,77.26,80.09
700.0,80.84,79.42,82.26
720.0,83.27,81.79,84.74
740.0,85.63,84.19,87.06
760.0,87.47,86.05,88.90
780.0,89.19,87.75,90.63
800.0,90.76,89.30,92.22
820.0,92.59,91.09,94.09
840.0,94.34,92.83,95.85
860.0,96.41,94.88,97.94
880.0,98.29,96.71,99.86
900.0,100.63,99.01,102.24
920.0,102.58,100.97,104.19
940.0,104.49,102.91,106.07
960.0,106.25,104.70,107.81
980.0,108.14,106.55,109.73
1000.0,109.99,108.38,111.61
1020.0,112.05,110.38,113.73
1040.0,113.77,112.09,115.45
1060.0,115.65,114.01,117.29
1080.0,117.74,116.13,119.35
1100.0,119.61,118.03,121.18
1120.0,121.65,120.08,123.23
1140.0,123.34,121.78,124.90
1160.0,125.03,123.45,126.61
1180.0,126.76,125.16,128.36
1200.0,128.16,126.53,129.79
1220.0,129.58,127.96,131.20
1240.0,131.11,129.45,132.77
1260.0,132.83,131.17,134.49
1280.0,134.73,133.04,136.41
1300.0,136.40,134.69,138.11
1320.0,138.09,136.39,139.79
1340.0,139.72,138.04,141.40
1360.0,141.09,139.36,142.82
1380.0,142.85,141.11,144.60
1400.0,144.21,142.43,146.00
1420.0,145.75,143.99,147.52
1440.0,147.28,145.51,149.05
1460.0,148.82,147.01,150.63
1480.0,150.47,148.63,152.32
1500.0,152.13,150.29,153.98
1520.0,153.82,151.99,155.65
1540.0,155.45,153.65,157.24
1560.0,156.98,155.14,158.82
1580.0,158.49,156.62,160.36
1600.0,160.16,158.30,162.02
1620.0,161.83,159.93,163.72
1640.0,163.47,161.55,165.39
1660.0,165.25,163.30,167.21
1680.0,167.01,165.05,168.97
1700.0,168.71,166.74,170.67
1720.0,170.49,168.55,172.43
1740.0,172.49,170.57,174.40
1760.0,174.10,172.19,176.01
1780.0,175.86,173.90,177.82
1800.0,177.81,175.82,179.79
1820.0,179.74,177.72,181.76
1840.0,181.53,179.50,183.55
1860.0,183.13,181.12,185.15
1880.0,184.61,182.65,186.58
1900.0,186.28,184.32,188.24
1920.0,187.81,185.79,189.83
1940.0,189.25,187.24,191.25
1960.0,190.76,188.75,192.77
1980.0,192.21,190.18,194.24
2000.0,193.77,191.74,195.79
2020.0,195.37,193.39,197.36
2040.0,196.98,194.96,199.00
2060.0,198.63,196.59,200.66
2080.0,199.99,198.00,201.98
2100.0,201.70,199.67,203.73
2120.0,203.27,201.21,205.32
2140.0,204.78,202.73,206.83
2160.0,206.22,204.15,208.29
2180.0,207.49,205.42,209.55
2200.0,208.64,206.59,210.69
2220.0,209.95,207.87,212.03
2240.0,211.39,209.28,213.50
2260.0,212.85,210.72,214.97
2280.0,214.37,212.24,216.49
2300.0,216.07,213.92,218.22
2320.0,217.48,215.33,219.63
2340.0,218.95,216.80,221.09
2360.0,220.15,217.95,222.35
2380.0,221.47,219.24,223.69
2400.0,222.78,220.60,224.96
2420.0,223.99,221.80,226.17
2440.0,225.20,223.03,227.37
2460.0,226.31,224.10,228.53
2480.0,227.61,225.36,229.86
2500.0,228.87,226.61,231.12
2520.0,230.12,227.87,232.37
2540.0,231.41,229.13,233.70
2560.0,232.80,230.50,235.10
2580.0,234.03,231.71,236.34
2600.0,235.19,232.87,237.51
2620.0,236.38,234.04,238.72
2640.0,237.73,235.40,240.07
2660.0,238.95,236.60,241.29
2680.0,240.35,237.99,242.70
2700.0,241.59,239.22,243.97
2720.0,242.87,240.52,245.22
2740.0,244.23,241.87,246.59
2760.0,245.63,243.24,248.02
2780.0,246.93,244.57,249.28
2800.0,248.18,245.79,250.57
2820.0,249.47,247.07,251.88
2840.0,250.75,248.34,253.17
2860.0,252.10,249.66,254.54
2880.0,253.50,251.05,255.95
2900.0,254.80,252.36,257.24
2920.0,256.11,253.66,258.56
2940.0,257.46,255.02,259.90
2960.0,258.91,256.47,261.34
2980.0,260.23,257.82,262.63
3000.0,261.76,259.34,264.18
3020.0,263.11,260.63,265.59
3040.0,264.35,261.85,266.86
3060.0,265.68,263.14,268.22
3080.0,267.21,264.62,269.79
3100.0,268.53,265.91,271.16
3120.0,269.65,267.03,272.26
3140.0,270.96,268.35,273.58
3160.0,272.15,269.53,274.77
3180.0,273.27,270.69,275.85
3200.0,274.75,272.13,277.36
3220.0,275.91,273.29,278.53
3240.0,277.09,274.49,279.69
3260.0,278.35,275.76,280.94
3280.0,279.67,277.08,282.25
3300.0,280.79,278.21,283.37
3320.0,281.74,279.16,284.32
3340.0,282.97,280.38,285.57
3360.0,284.12,281.53,286.71
3380.0,285.15,282.60,287.71
3400.0,286.22,283.66,288.78
3420.0,287.49,284.90,290.09
3440.0,288.68,286.08,291.28
3460.0,289.89,287.29,292.50
3480.0,291.01,288.40,293.62
3500.0,292.18,289.56,294.80
3520.0,293.26,290.62,295.90
3540.0,294.58,291.91,297.25
3560.0,295.55,292.91,298.18
3580.0,296.54,293.89,299.19
3600.0,297.59,294.92,300.26
3620.0,298.65,295.98,301.32
3640.0,299.65,296.97,302.32
3660.0,300.59,297.92,303.25
3680.0,301.52,298.87,304.17
3700.0,302.63,299.98,305.27
3720.0,303.53,300.88,306.17
3740.0,304.50,301.86,307.14
3760.0,305.36,302.71,308.01
3780.0,306.51,303.85,309.18
3800.0,307.53,304.85,310.22
3820.0,308.37,305.64,311.11
3840.0,309.34,306.61,312.07
3860.0,310.23,307.50,312.97
3880.0,311.36,308.56,314.16
3900.0,312.37,309.57,315.17
3920.0,313.27,310.46,316.07
3940.0,314.34,311.53,317.15
3960.0,315.54,312.70,318.38
3980.0,316.80,313.97,319.63
4000.0,317.81,314.95,320.68
4020.0,318.78,315.90,321.66
4040.0,319.83,316.91,322.76
4060.0,320.70,317.75,323.65
4080.0,321.65,318.70,324.60
4100.0,322.63,319.69,325.56
4120.0,323.65,320.69,326.60
4140.0,324.59,321.60,327.57
4160.0,325.57,322.61,328.54
4180.0,326.39,323.43,329.34
4200.0,327.25,324.28,330.22
4220.0,328.29,325.33,331.26
4240.0,329.43,326.44,332.42
4260.0,330.39,327.37,333.40
4280.0,331.48,328.45,334.51
4300.0,332.61,329.58,335.64
4320.0,333.91,330.88,336.93
4340.0,335.07,332.01,338.12
4360.0,336.30,333.28,339.32
4380.0,337.52,334.49,340.55
4400.0,338.63,335.61,341.65
4420.0,339.69,336.65,342.74
4440.0,340.86,337.81,343.91
4460.0,341.89,338.83,344.95
4480.0,343.08,340.02,346.14
4500.0,344.47,341.48,347.46
4520.0,345.65,342.68,348.62
4540.0,346.87,343.86,349.87
4560.0,348.18,345.18,351.18
4580.0,349.16,346.17,352.15
4600.0,350.36,347.32,353.39
4620.0,351.61,348.56,354.65
4640.0,352.73,349.68,355.78
4660.0,353.79,350.74,356.84
4680.0,355.01,351.94,358.09
4700.0,356.05,353.00,359.11
4720.0,357.19,354.13,360.26
4740.0,358.23,355.18,361.27
4760.0,359.26,356.22,362.29
4780.0,360.33,357.33,363.34
4800.0,361.21,358.20,364.22
4820.0,362.19,359.23,365.14
4840.0,363.09,360.14,366.05
4860.0,364.16,361.21,367.11
4880.0,365.17,362.25,368.10
4900.0,366.32,363.37,369.27
4920.0,367.29,364.33,370.25
4940.0,368.35,365.40,371.29
4960.0,369.25,366.32,372.18
4980.0,370.24,367.28,373.20
5000.0,371.23,368.24,374.21
